0.296590119600296,-0.03575488179922104,1.184999942779541,0.2918385863304138,-0.06106290593743324,1.0885000228881836,0.2444249838590622,-0.06153440847992897,1.0369999408721924,0.31556838750839233,-0.01916000060737133,1.2290000915527344,0.032884784042835236,-0.01246699783951044,1.1619999408721924,0.5228677988052368,0.0811939388513565,1.2109999656677246,-0.07586338371038437,0.21730268001556396,1.215000033378601,0.3510068655014038,0.16338004171848297,1.0915000438690186,0.10237865895032883,0.23049503564834595,1.0994999408721924
0.2882005274295807,-0.03590574860572815,1.190000057220459,0.2851760983467102,-0.05938088893890381,1.090000033378601,0.23770380020141602,-0.05817384272813797,1.0369999408721924,0.30959418416023254,-0.021151388064026833,1.2290000915527344,0.027236269786953926,-0.01246699783951044,1.1619999408721924,0.5091321468353271,0.07923172414302826,1.2109999656677246,-0.07770398259162903,0.22284136712551117,1.2130000591278076,0.34746965765953064,0.1598428636789322,1.0915000438690186,0.10703753679990768,0.23433822393417358,1.0924999713897705
0.2807233929634094,-0.03400610387325287,1.190999984741211,0.27849411964416504,-0.05769401043653488,1.0915000438690186,0.22762203216552734,-0.05649355798959732,1.0369999408721924,0.29589492082595825,-0.02316160500049591,1.2300000190734863,0.021541312336921692,-0.010561399161815643,1.1594998836517334,0.49932101368904114,0.07726949453353882,1.2109999656677246,-0.07911117374897003,0.2212798148393631,1.2044999599456787,0.3280397951602936,0.15538658201694489,1.0975000858306885,0.1015872061252594,0.23755206167697906,1.0910000801086426
0.27152949571609497,-0.032130155712366104,1.193000078201294,0.2700216472148895,-0.05600227788090706,1.093000054359436,0.21754026412963867,-0.05817384272813797,1.0369999408721924,0.28616228699684143,-0.023180434480309486,1.2309999465942383,0.01405640784651041,-0.006818520370870829,1.1619999408721924,0.49228376150131226,0.07346618920564651,1.2130000591278076,-0.08637677878141403,0.2237810641527176,1.1970000267028809,0.31374073028564453,0.15087194740772247,1.1035000085830688,0.09451603889465332,0.2410876303911209,1.0910000801086426
0.26446056365966797,-0.030273035168647766,1.1959999799728394,0.26317811012268066,-0.05428087338805199,1.0940001010894775,0.20913878083229065,-0.05481326952576637,1.0369999408721924,0.2766377925872803,-0.023218097165226936,1.2330000400543213,0.0008746609091758728,-0.0030463007278740406,1.1594998836517334,0.48879319429397583,0.0679040253162384,1.218999981880188,-0.0959942638874054,0.22359409928321838,1.1959999799728394,0.3242892324924469,0.1426391750574112,1.1089999675750732,0.08390927314758301,0.24285541474819183,1.0910000801086426
0.25540998578071594,-0.030348971486091614,1.1990000009536743,0.25727444887161255,-0.05529801547527313,1.1145000457763672,0.19905702769756317,-0.05481326952576637,1.0369999408721924,0.2716318964958191,-0.02330283261835575,1.2374999523162842,-0.00476169865578413,-0.006803850177675486,1.1594998836517334,0.4787026643753052,0.05229489132761955,1.2235000133514404,-0.10559554398059845,0.22727972269058228,1.1949999332427979,0.31990480422973633,0.13587886095046997,1.1124999523162842,0.08037368953227997,0.24462319910526276,1.0910000801086426
0.24196825921535492,-0.028654955327510834,1.2095000743865967,0.24848254024982452,-0.055148035287857056,1.1489999294281006,0.18729496002197266,-0.05145270377397537,1.0369999408721924,0.25651994347572327,-0.029424933716654778,1.2420001029968262,-0.01785913296043873,-0.008656416088342667,1.1559998989105225,0.46653491258621216,0.05049746111035347,1.2280000448226929,-0.11875087767839432,0.2284487932920456,1.190999984741211,0.30978360772132874,0.12895753979682922,1.1150000095367432,0.07027850300073624,0.24285542964935303,1.0989999771118164
0.22806720435619354,-0.024929655715823174,1.218999981880188,0.2420622706413269,-0.05625195428729057,1.1719999313354492,0.1738526076078415,-0.04977241903543472,1.0369999408721924,0.24129131436347961,-0.0335710309445858,1.246500015258789,-0.029047485440969467,-0.006771577522158623,1.1540000438690186,0.4490012228488922,0.044763851910829544,1.2345000505447388,-0.12796878814697266,0.23345156013965607,1.187000036239624,0.2991355359554291,0.12073083966970444,1.122499942779541,0.05962107703089714,0.2376212477684021,1.0994999408721924
0.21218805015087128,-0.025154616683721542,1.2300000190734863,0.23035432398319244,-0.05518770217895508,1.190000057220459,0.15872995555400848,-0.048092134296894073,1.0369999408721924,0.2263072282075882,-0.02968553826212883,1.253000020980835,-0.04213660955429077,-0.00864144042134285,1.1540000438690186,0.4397108554840088,0.03281513229012489,1.2365000247955322,-0.14503410458564758,0.23689837753772736,1.184999942779541,0.28806212544441223,0.11228318512439728,1.128999948501587,0.05302000418305397,0.23460040986537933,1.1104999780654907
0.19646184146404266,-0.023425232619047165,1.24399995803833,0.21479037404060364,-0.0556514635682106,1.2000000476837158,0.14004385471343994,-0.04634472355246544,1.0355000495910645,0.21489448845386505,-0.029792148619890213,1.2574999332427979,-0.05891438201069832,-0.0048974668607115746,1.152999997138977,0.42568597197532654,0.020793886855244637,1.2365000247955322,-0.15820738673210144,0.23266486823558807,1.183000087738037,0.27159783244132996,0.10313640534877777,1.128999948501587,0.040497075766325,0.2314176857471466,1.1124999523162842
0.1621948480606079,-0.02544092759490013,1.24399995803833,0.17979097366333008,-0.0556514635682106,1.2000000476837158,0.11303405463695526,-0.04627759009599686,1.034000039100647,0.1782180517911911,-0.03997998312115669,1.2574999332427979,-0.09067471325397491,-0.0030292237643152475,1.152999997138977,0.3976362347602844,-0.001245059072971344,1.2365000247955322,-0.18504351377487183,0.24224913120269775,1.183000087738037,0.2511932849884033,0.09273167699575424,1.1359999179840088,0.018890947103500366,0.22631455957889557,1.1139999628067017
0.14405348896980286,-0.02544092759490013,1.24399995803833,0.16437256336212158,-0.055697835981845856,1.2009999752044678,0.09618659317493439,-0.04455902799963951,1.0329999923706055,0.16599257290363312,-0.03997998312115669,1.2574999332427979,-0.10179586708545685,-0.0030265965033322573,1.1519999504089355,0.37760069966316223,-0.011262761428952217,1.2365000247955322,-0.19413425028324127,0.24545878171920776,1.1800000667572021,0.23627923429012299,0.08597009629011154,1.1440000534057617,0.01349995844066143,0.2249125838279724,1.1159999370574951
0.12389644235372543,-0.02544092759490013,1.24399995803833,0.14581720530986786,-0.05604565888643265,1.2085000276565552,0.08287624269723892,-0.0446021631360054,1.034000039100647,0.1502276211977005,-0.046257633715867996,1.2619999647140503,-0.116526298224926,-0.004884724505245686,1.1500000953674316,0.3659479022026062,-0.015201921574771404,1.2309999465942383,-0.20196804404258728,0.24337859451770782,1.1699999570846558,0.22261130809783936,0.08455760031938553,1.149999976158142,0.004458450246602297,0.22310428321361542,1.1159999370574951
0.11005126684904099,-0.02550228126347065,1.246999979019165,0.13144409656524658,-0.056602172553539276,1.2204999923706055,0.0694727748632431,-0.04292674362659454,1.034000039100647,0.1325027346611023,-0.048551272600889206,1.2684999704360962,-0.13120485842227936,-0.00301608769223094,1.1480000019073486,0.3519853949546814,-0.021185806021094322,1.2309999465942383,-0.21555696427822113,0.24537450075149536,1.1614999771118164,0.20789916813373566,0.08540317416191101,1.1614999771118164,-0.006391359958797693,0.22310428321361542,1.1159999370574951
0.0936608538031578,-0.02544092759490013,1.24399995803833,0.11770722270011902,-0.05762244760990143,1.2424999475479126,0.0561506450176239,-0.04634472355246544,1.0355000495910645,0.1181149035692215,-0.04649588465690613,1.2684999704360962,-0.14551344513893127,-0.0011514152865856886,1.1434999704360962,0.324985146522522,-0.01703590154647827,1.2195000648498535,-0.22991827130317688,0.25026413798332214,1.1579999923706055,0.19665294885635376,0.08814939856529236,1.1729999780654907,-0.019049471244215965,0.228529155254364,1.1159999370574951
0.07907131314277649,-0.02528754621744156,1.2365000247955322,0.1048651710152626,-0.06035565957427025,1.2574999332427979,0.04112914577126503,-0.04475313425064087,1.0374999046325684,0.1037270799279213,-0.040329709649086,1.2684999704360962,-0.15984559059143066,0.0025464659556746483,1.1399999856948853,0.30847400426864624,-0.02276616357266903,1.2089999914169312,-0.23951025307178497,0.25039857625961304,1.149999976158142,0.18428616225719452,0.0886002853512764,1.178999900817871,-0.03173599764704704,0.23054386675357819,1.1169999837875366
0.06304289400577545,-0.02528754621744156,1.2365000247955322,0.09071018546819687,-0.05838765576481819,1.2589999437332153,0.029403865337371826,-0.04481784254312515,1.0390000343322754,0.08532922714948654,-0.04655086621642113,1.2699999809265137,-0.17247280478477478,0.004385936539620161,1.1380000114440918,0.29586103558540344,-0.026606878265738487,1.2055000066757202,-0.24513843655586243,0.25594624876976013,1.1414999961853027,0.17149333655834198,0.09273459762334824,1.1829999685287476,-0.04270993173122406,0.2366073578596115,1.1200000047683716
0.04684336483478546,-0.025195516645908356,1.2319999933242798,0.07444918900728226,-0.058434031903743744,1.2599999904632568,0.017602158710360527,-0.04309280216693878,1.0379999876022339,0.07098022848367691,-0.0486469566822052,1.2709999084472656,-0.18505464494228363,0.0006968337693251669,1.1360000371932983,0.28609442710876465,-0.01684032566845417,1.2055000066757202,-0.25752052664756775,0.24984902143478394,1.1389999389648438,0.15232469141483307,0.09848515689373016,1.1829999685287476,-0.05362256243824959,0.24215973913669586,1.120500087738037
0.03486579656600952,-0.02319926582276821,1.2319999933242798,0.060110025107860565,-0.05634766072034836,1.2589999437332153,0.00582875357940793,-0.044774703681468964,1.0379999876022339,0.06475088745355606,-0.044493041932582855,1.2699999809265137,-0.2012660652399063,0.004370520357042551,1.1340000629425049,0.26656121015548706,-0.00707377539947629,1.2055000066757202,-0.26651421189308167,0.2588493525981903,1.1380000114440918,0.14502407610416412,0.09489147365093231,1.1859999895095825,-0.06295233219861984,0.2449551373720169,1.125
0.020891964435577393,-0.021203016862273216,1.2319999933242798,0.04577534645795822,-0.05424295738339424,1.2574999332427979,-0.007626567035913467,-0.0414108969271183,1.0379999876022339,0.052403874695301056,-0.04037740081548691,1.2699999809265137,-0.21008220314979553,0.00986545905470848,1.1319999694824219,0.25484126806259155,-0.009027085267007351,1.2055000066757202,-0.2754916846752167,0.26046422123908997,1.1370000839233398,0.12965027987957,0.11026518046855927,1.1859999895095825,-0.06506310403347015,0.2515367567539215,1.1299999952316284
