-0.2114933282136917,-0.25187739729881287,1.9045000076293945,-0.1834786832332611,-0.27311986684799194,1.9019999504089355,-0.21269358694553375,-0.27326327562332153,1.8609999418258667,0.005067578516900539,-0.20961609482765198,2.134000062942505,-0.24561123549938202,-0.15718825161457062,1.9550000429153442,0.10177968442440033,-0.06159401684999466,2.2869999408721924,-0.279750794172287,0.08021312206983566,2.117500066757202,0.10350477695465088,-0.008498306386172771,0.9329999685287476,-0.16704152524471283,0.2590785622596741,2.0399999618530273
-0.2145792543888092,-0.24879148602485657,1.9045000076293945,-0.18964245915412903,-0.27311986684799194,1.9019999504089355,-0.21269358694553375,-0.27326327562332153,1.8609999418258667,0.008525388315320015,-0.20615829527378082,2.134000062942505,-0.25297775864601135,-0.1610121876001358,1.9630000591278076,0.09436824172735214,-0.04677122086286545,2.2869999408721924,-0.277167946100235,0.0804593488574028,2.124000072479248,0.253644734621048,0.00550952460616827,2.4665000438690186,-0.16704152524471283,0.2623840570449829,2.0399999618530273
-0.21766521036624908,-0.25187739729881287,1.9045000076293945,-0.19580623507499695,-0.27620169520378113,1.9019999504089355,-0.2193121463060379,-0.2739974558353424,1.8659999370574951,0.011983199045062065,-0.20270051062107086,2.134000062942505,-0.25119680166244507,-0.1683114916086197,1.9739999771118164,0.09839557856321335,-0.03205319494009018,2.2944998741149902,-0.2749505937099457,0.07736223191022873,2.133500099182129,0.24292868375778198,0.08589082956314087,2.4795000553131104,-0.1728864163160324,0.26122650504112244,2.0310001373291016
-0.22383707761764526,-0.25496330857276917,1.9045000076293945,-0.20197002589702606,-0.2792835831642151,1.9019999504089355,-0.2253592610359192,-0.2800445258617401,1.8659999370574951,0.011983199045062065,-0.20270051062107086,2.134000062942505,-0.25157853960990906,-0.16856728494167328,1.9769999980926514,0.09467770904302597,-0.020899638533592224,2.2944998741149902,-0.2762393355369568,0.07425166666507721,2.1435000896453857,0.2946052849292755,0.18388484418392181,3.999000072479248,-0.17617733776569366,0.25793561339378357,2.0310001373291016
-0.23000895977020264,-0.25804924964904785,1.9045000076293945,-0.20472846925258636,-0.27884307503700256,1.8989999294281006,-0.2253592610359192,-0.27702102065086365,1.8659999370574951,0.018898818641901016,-0.19232714176177979,2.134000062942505,-0.24944302439689636,-0.17572638392448425,1.9854999780654907,0.09529665112495422,0.023869609460234642,2.309499979019165,-0.27669039368629456,0.06741520017385483,2.1470000743865967,0.24924705922603607,0.24220222234725952,3.999000072479248,-0.18714933097362518,0.25945958495140076,2.0429999828338623
-0.2374829798936844,-0.25947192311286926,1.9149999618530273,-0.21027179062366486,-0.28110361099243164,1.8935000896453857,-0.23109635710716248,-0.2796693444252014,1.8634999990463257,0.022356629371643066,-0.18886935710906982,2.134000062942505,-0.2537418305873871,-0.17647866904735565,1.99399995803833,0.0840701162815094,0.01638529822230339,2.309499979019165,-0.2770770192146301,0.060541968792676926,2.1500000953674316,0.18444956839084625,0.2810804843902588,3.999000072479248,-0.194623664021492,0.2539527416229248,2.052000045776367
-0.2447069138288498,-0.2605558931827545,1.9229999780654907,-0.21703660488128662,-0.28192010521888733,1.8989999294281006,-0.2377716302871704,-0.2804197371006012,1.868499994277954,0.018898818641901016,-0.19232714176177979,2.134000062942505,-0.2548235058784485,-0.18047568202018738,2.002500057220459,0.07980620861053467,0.03115028142929077,2.2944998741149902,-0.28490322828292847,0.04674801975488663,2.1565001010894775,0.1261318325996399,0.3329181373119354,3.999000072479248,-0.20489761233329773,0.2509942352771759,2.055000066757202
-0.2478228211402893,-0.2605558931827545,1.9229999780654907,-0.22319065034389496,-0.28192010521888733,1.8989999294281006,-0.24415311217308044,-0.2807949483394623,1.871000051498413,0.018898818641901016,-0.18541157245635986,2.134000062942505,-0.2562868893146515,-0.17824876308441162,2.0139999389648438,0.07954534888267517,0.038459859788417816,2.2869999408721924,-0.2818656861782074,0.05382372438907623,2.1600000858306885,0.07429385185241699,0.35883694887161255,3.999000072479248,-0.2091393768787384,0.24874912202358246,2.064000129699707
-0.2540546655654907,-0.26367178559303284,1.9229999780654907,-0.2259698212146759,-0.28154897689819336,1.8964999914169312,0,0,0,0.018898818641901016,-0.1819537729024887,2.134000062942505,-0.25409141182899475,-0.18227818608283997,2.0225000381469727,0.07902362197637558,0.056614577770233154,2.2719998359680176,-0.2818656861782074,0.05382372438907623,2.1600000858306885,0.01738799177110195,0.3079582750797272,3.0964999198913574,-0.21645553410053253,0.24947220087051392,2.069999933242798
-0.2575049102306366,-0.2640145421028137,1.9254999160766602,-0.2297070324420929,-0.28236547112464905,1.9019999504089355,-0.2505507469177246,-0.2842058539390564,1.873500108718872,0.018867822363972664,-0.17475111782550812,2.130500078201294,-0.25515931844711304,-0.18633514642715454,2.0310001373291016,0.0708565041422844,0.07053946703672409,2.246500015258789,-0.2788167893886566,0.050405353307724,2.1635000705718994,-0.01952270418405533,0.22003808617591858,2.177000045776367,-0.22354106605052948,0.24653425812721252,2.073499917984009
-0.26062488555908203,-0.26713451743125916,1.9254999160766602,-0.23278892040252686,-0.2854473292827606,1.9019999504089355,0,0,0,0.015343327075242996,-0.17049497365951538,2.120500087738037,-0.2559130787849426,-0.18688559532165527,2.0369999408721924,0.07008375972509384,0.07697093486785889,2.2220001220703125,-0.2818656861782074,0.03982405364513397,2.1600000858306885,-0.050634197890758514,0.2347276657819748,2.1500000953674316,-0.23469077050685883,0.2409134805202484,2.0829999446868896
-0.2640872895717621,-0.26748135685920715,1.9279999732971191,-0.23895271122455597,-0.2854473292827606,1.9019999504089355,0,0,0,0.008445488288998604,-0.1733977347612381,2.114000082015991,-0.25410059094429016,-0.1846664994955063,2.0490000247955322,0.06595974415540695,0.08350876718759537,2.2044999599456787,-0.2788167893886566,0.043394170701503754,2.1635000705718994,-0.07067151367664337,0.24565543234348297,2.124000072479248,-0.23949457705020905,0.2389637976884842,2.0954999923706055
-0.26721128821372986,-0.2643573582172394,1.9279999732971191,-0.24203459918498993,-0.28236547112464905,1.9019999504089355,0,0,0,0.0015946816420182586,-0.1733977347612381,2.114000082015991,-0.25558871030807495,-0.18574798107147217,2.060999870300293,0.054391589015722275,0.09277160465717316,2.1705000400543213,-0.2748658061027527,0.03632413595914841,2.1600000858306885,-0.09132115542888641,0.2628633677959442,2.124000072479248,-0.24132323265075684,0.23736706376075745,2.1115000247955322
-0.2703353464603424,-0.2643573582172394,1.9279999732971191,-0.2451164722442627,-0.28236547112464905,1.9019999504089355,0,0,0,-0.0018224946688860655,-0.17261850833892822,2.1045000553131104,-0.25633278489112854,-0.1896379590034485,2.066999912261963,0.04309339076280594,0.09810411185026169,2.133500099182129,-0.2748658061027527,0.01882455125451088,2.1600000858306885,-0.1010238528251648,0.2715160846710205,2.1110000610351562,-0.24240897595882416,0.23499830067157745,2.121000051498413
-0.2711065411567688,-0.2619785964488983,1.933500051498413,-0.24885085225105286,-0.28001776337623596,1.906999945640564,0,0,0,-0.0052088843658566475,-0.17183928191661835,2.0950000286102295,-0.25670483708381653,-0.18991319835186005,2.069999933242798,0.036018289625644684,0.1011088564991951,2.124000072479248,-0.27836573123931885,0.015324634499847889,2.1600000858306885,-0.11128547042608261,0.2783570885658264,2.1110000610351562,-0.24619345366954803,0.23533068597316742,2.124000072479248
-0.2781613767147064,-0.256440132856369,1.9390000104904175,-0.25603383779525757,-0.27491480112075806,1.9144999980926514,0,0,0,-0.008603501133620739,-0.17183928191661835,2.0950000286102295,-0.2600589394569397,-0.18991319835186005,2.069999933242798,0.025312423706054688,0.10299990326166153,2.0924999713897705,-0.2748658061027527,0.01882455125451088,2.1600000858306885,-0.12154710292816162,0.2920392155647278,2.1110000610351562,-0.25651827454566956,0.23533068597316742,2.124000072479248
-0.28758692741394043,-0.2532983422279358,1.9390000104904175,-0.26223814487457275,-0.27181267738342285,1.9144999980926514,0,0,0,-0.01199811790138483,-0.16505008935928345,2.0950000286102295,-0.26424017548561096,-0.187144935131073,2.0764999389648438,0.0082337511703372,0.10478886216878891,2.060999870300293,-0.2779146730899811,0.029276788234710693,2.1565001010894775,-0.12496764957904816,0.2988802194595337,2.1110000610351562,-0.2702847123146057,0.24565543234348297,2.124000072479248
-0.2961699664592743,-0.24631401896476746,1.933500051498413,-0.27464669942855835,-0.26560842990875244,1.9144999980926514,0,0,0,-0.022150203585624695,-0.1580342799425125,2.0920000076293945,-0.2709694802761078,-0.18041570484638214,2.0764999389648438,-0.0017770297126844525,0.11430604010820389,2.052000045776367,-0.2844408452510834,0.03620642051100731,2.1530001163482666,-0.13522927463054657,0.3125622868537903,2.1110000610351562,-0.3012591600418091,0.24565543234348297,2.124000072479248
-0.30870169401168823,-0.23691529035568237,1.933500051498413,-0.28705528378486633,-0.2563020586967468,1.9144999980926514,0,0,0,-0.032273124903440475,-0.15780764818191528,2.0889999866485596,-0.28442803025245667,-0.1736864596605301,2.0764999389648438,-0.011683131568133831,0.11363758146762848,2.0399999618530273,-0.305372416973114,0.0571378730237484,2.1530001163482666,-0.14569765329360962,0.30958113074302673,2.114000082015991,-0.33223363757133484,0.25942176580429077,2.124000072479248
-0.3337651491165161,-0.19618742167949677,1.933500051498413,-0.3176613748073578,-0.2187904566526413,1.9119999408721924,0,0,0,-0.06572641432285309,-0.14676950871944427,2.0764999389648438,-0.29838868975639343,-0.1571277678012848,2.0799999237060547,-0.024868497624993324,0.12337231636047363,2.0369999408721924,-0.3502354621887207,0.06750939786434174,2.1500000953674316,-0.17391972243785858,0.3179287314414978,2.124000072479248,-0.3969689607620239,0.2830457091331482,2.120500087738037
