1.2191680669784546,-0.1384429633617401,2.702000141143799,0.5012584328651428,-0.09047193825244904,1.1029999256134033,0.4490540623664856,-0.08210092782974243,1.0640000104904175,0.5334334373474121,0.033171363174915314,1.1779999732971191,0.264970988035202,0.09449142962694168,1.180999994277954,0.6906094551086426,0.15395815670490265,1.100000023841858,0.21792398393154144,0.38526034355163574,1.3255000114440918,0,0,0,0,0,0
0.8221326470375061,-0.10027076303958893,1.8970000743865967,0.4807256758213043,-0.09030790627002716,1.1010000705718994,0.43181362748146057,-0.08382496237754822,1.0640000104904175,0.5162546038627625,0.03126261383295059,1.1779999732971191,0.24881641566753387,0.10370705276727676,1.1770000457763672,0.6727856397628784,0.14861105382442474,1.100000023841858,0.20933294296264648,0.3938513398170471,1.3255000114440918,0,0,0,0,0,0
0.44548749923706055,-0.06052492558956146,1.1110000610351562,0.4432617425918579,-0.09387587010860443,1.1010000705718994,0.39560869336128235,-0.08382496237754822,1.0640000104904175,0.4742618203163147,0.027445113286376,1.1779999732971191,0.21584342420101166,0.09963817149400711,1.1740000247955322,0.6442676186561584,0.14504633843898773,1.100000023841858,0.1875009834766388,0.38453370332717896,1.3229999542236328,0,0,0,0,0,0
0.4246481657028198,-0.06243731081485748,1.1130000352859497,0.4247920513153076,-0.09413165599107742,1.1039999723434448,0.37682121992111206,-0.0855892077088356,1.064500093460083,0.45517417788505554,0.021718857809901237,1.1779999732971191,0.20615626871585846,0.09765265882015228,1.1730000972747803,0.6317909955978394,0.13969923555850983,1.100000023841858,0.18004338443279266,0.38022229075431824,1.315500020980835,0,0,0,0,0,0
0.4078924357891083,-0.06625185161828995,1.1165000200271606,0.406903475522995,-0.09770935028791428,1.1039999723434448,0.35835206508636475,-0.08916434645652771,1.065999984741211,0.43565207719802856,0.0179621409624815,1.181999921798706,0.1823323518037796,0.0971115306019783,1.1665000915527344,0.60560542345047,0.13090631365776062,1.1010000705718994,0.1663004606962204,0.3844127058982849,1.3079999685287476,0,0,0,0,0,0
0.6665970683097839,-0.12201186269521713,1.9005000591278076,0.38722604513168335,-0.10486473888158798,1.1039999723434448,0.34155914187431335,-0.09447892755270004,1.0674999952316284,0.41774114966392517,0.014239279553294182,1.190999984741211,0.1642582267522812,0.08709731698036194,1.1589999198913574,0.584197461605072,0.12377037853002548,1.1010000705718994,0.15270335972309113,0.36956503987312317,1.3004999160766602,1.1712456941604614,0.3337360918521881,1.7109999656677246,0,0,0
0.8995620012283325,-0.1953587383031845,2.702000141143799,0.3675486147403717,-0.11023128032684326,1.1039999723434448,0.32623642683029175,-0.09853468090295792,1.0740000009536743,0.40584927797317505,0.0065774982795119286,1.2014999389648438,0.14547847211360931,0.08146342635154724,1.1589999198913574,0.5686678290367126,0.11244481801986694,1.1124999523162842,0.1351141333580017,0.35080865025520325,1.2934999465942383,1.0185726881027222,0.2957553565502167,1.491499900817871,0,0,0
0.8641733527183533,-0.20611687004566193,2.7284998893737793,0.35256314277648926,-0.11416978389024734,1.1075000762939453,0.31242841482162476,-0.10672347247600555,1.0865000486373901,0.3874736428260803,0.000742839474696666,1.2109999656677246,0.12637074291706085,0.08499876409769058,1.1559998989105225,0.5576582551002502,0.10804720222949982,1.1230000257492065,0.1197909489274025,0.3489101827144623,1.2864999771118164,0.9035892486572266,0.2615213096141815,1.3519999980926514,0,0,0
0.5783662796020508,-0.15558017790317535,1.934999942779541,0.3355279266834259,-0.12233398109674454,1.1165000200271606,0.296587198972702,-0.1126750111579895,1.093000054359436,0.37469226121902466,0.0007486668764613569,1.2204999923706055,0.11887828260660172,0.07376013696193695,1.1559998989105225,0.531883716583252,0.10175572335720062,1.1340000629425049,0.10283386707305908,0.3313298523426056,1.2829999923706055,0.6390653848648071,0.18672122061252594,1.0074999332427979,0,0,0
0.32267242670059204,-0.09788328409194946,1.1480000019073486,0.31760653853416443,-0.12674184143543243,1.1234999895095825,0.279642254114151,-0.11653603613376617,1.0959999561309814,0.35709694027900696,-0.001236500102095306,1.2279999256134033,0.10389336198568344,0.07188703864812851,1.1559998989105225,0.5142681002616882,0.10115181654691696,1.1480000019073486,0.08620267361402512,0.3292509913444519,1.2829999923706055,0.616210401058197,0.18345625698566437,1.0074999332427979,0,0,0
0.2833556532859802,-0.10454399883747101,1.1394999027252197,0.28415152430534363,-0.13273268938064575,1.128000020980835,0.24433855712413788,-0.12286439538002014,1.1050000190734863,0.3265848457813263,-0.013228751718997955,1.2330000400543213,0.07766974717378616,0.060648418962955475,1.1559998989105225,0.4833056330680847,0.11146275699138641,1.1584999561309814,0.0466671921312809,0.308221697807312,1.281999945640564,0.5705006122589111,0.1916186809539795,1.0074999332427979,0.17878516018390656,0.5048138499259949,1.3884999752044678
0.26872798800468445,-0.1090441346168518,1.1480000019073486,0.26693469285964966,-0.1387672871351242,1.1324999332427979,0.22977326810359955,-0.12730354070663452,1.1124999523162842,0.3104810416698456,-0.009289173409342766,1.2404999732971191,0.06287461519241333,0.05519571527838707,1.1594998836517334,0.46353453397750854,0.11685805022716522,1.1749999523162842,0.02797168865799904,0.2936808168888092,1.281999945640564,0.5313206911087036,0.1899861991405487,1.0074999332427979,0.1697857826948166,0.489065021276474,1.3884999752044678
0.25415727496147156,-0.1126914992928505,1.1665000915527344,0.2519672214984894,-0.14147138595581055,1.1395000219345093,0.2132696509361267,-0.13366574048995972,1.1204999685287476,0.2935408353805542,-0.02158164232969284,1.253999948501587,0.0499589666724205,0.05356985330581665,1.1649999618530273,0.4312499165534973,0.11265986412763596,1.190999984741211,0.011362316086888313,0.2876732647418976,1.2829999923706055,0.49239978194236755,0.19227971136569977,1.028499960899353,0.17653530836105347,0.4800657331943512,1.3884999752044678
0.2423301637172699,-0.12094926834106445,1.1920000314712524,0.23669230937957764,-0.14599217474460602,1.1460000276565552,0.19824744760990143,-0.13821589946746826,1.128000020980835,0.28004956245422363,-0.025901073589920998,1.2664999961853027,0.03886490687727928,0.042497552931308746,1.1719999313354492,0.4069279134273529,0.11842724680900574,1.2105000019073486,-0.005287354812026024,0.2782513499259949,1.287500023841858,0.4574027955532074,0.19727924466133118,1.028499960899353,0.15403686463832855,0.457567423582077,1.3884999752044678
0.22432532906532288,-0.12554509937763214,1.1990000009536743,0.2207479476928711,-0.15022853016853333,1.1500000953674316,0.1814059168100357,-0.14300331473350525,1.1369999647140503,0.26581794023513794,-0.03025413490831852,1.2769999504089355,0.023854367434978485,0.038996677845716476,1.180999994277954,0.3836113512516022,0.12497799843549728,1.2365000247955322,-0.021976878866553307,0.26573431491851807,1.287500023841858,0.4171299636363983,0.19865579903125763,1.0444999933242798,0.1417471170425415,0.4251989424228668,1.3569999933242798
0.2040429711341858,-0.13082559406757355,1.194000005722046,0.20779086649417877,-0.15873178839683533,1.1714999675750732,0.1669994294643402,-0.15048977732658386,1.1519999504089355,0.2482934147119522,-0.03693274408578873,1.2934999465942383,0.0028413112740963697,0.03563103824853897,1.1965000629425049,0.3639221787452698,0.13144873082637787,1.2799999713897705,-0.034721747040748596,0.25698891282081604,1.2960000038146973,0.38106903433799744,0.20299765467643738,1.0764999389648438,0.11981073766946793,0.38697537779808044,1.309499979019165
0.1885654628276825,-0.1346949338912964,1.194000005722046,0.19663305580615997,-0.1659272462129593,1.196000099182129,0.1496850848197937,-0.15562869608402252,1.162500023841858,0.2283727526664734,-0.04169682413339615,1.311500072479248,-0.006918245926499367,0.032058775424957275,1.2079999446868896,0.3312240242958069,0.12815570831298828,1.3320000171661377,-0.052058134227991104,0.2469349205493927,1.309499979019165,0.3517249822616577,0.2224857658147812,1.121999979019165,0.10224705934524536,0.3678816258907318,1.3020000457763672
0.16921858489513397,-0.13856428861618042,1.194000005722046,0.1781429797410965,-0.16870728135108948,1.2020000219345093,0.13536860048770905,-0.16028721630573273,1.1690000295639038,0.21659018099308014,-0.04445674642920494,1.3305000066757202,-0.024697087705135345,0.018478821963071823,1.2160000801086426,0.3020510971546173,0.13142694532871246,1.3659999370574951,-0.05902595445513725,0.2473369538784027,1.3229999542236328,0.3299466669559479,0.23576128482818604,1.1605000495910645,0.09380831569433212,0.3510042726993561,1.3020000457763672
0.13689976930618286,-0.14497287571430206,1.1990000009536743,0.14789767563343048,-0.17367954552173615,1.2095000743865967,0.1041383370757103,-0.16370747983455658,1.1800000667572021,0.18660640716552734,-0.05375836417078972,1.347499966621399,-0.05879100039601326,0.0107064638286829,1.2285000085830688,0.22992582619190216,0.125489741563797,1.3984999656677246,-0.09187084436416626,0.23408713936805725,1.3329999446868896,0.2516292929649353,0.2281356155872345,1.1995000839233398,0.07060177624225616,0.33412688970565796,1.3020000457763672
0.12613090872764587,-0.14600062370300293,1.2074999809265137,0.1369830220937729,-0.17870038747787476,1.2170000076293945,0.09190794825553894,-0.16772477328777313,1.1949999332427979,0.1751798391342163,-0.056481461971998215,1.3604999780654907,-0.06949937343597412,0.002774307504296303,1.2419999837875366,0.20766206085681915,0.1262194961309433,1.4325000047683716,-0.10367170721292496,0.22764620184898376,1.3459999561309814,0.2185218781232834,0.2323206216096878,1.2320001125335693,0.060053348541259766,0.3256882131099701,1.3020000457763672
