0.17046506702899933,-0.27762871980667114,1.6069999933242798,0.20309248566627502,-0.3031243681907654,1.6180000305175781,0.13761569559574127,-0.3027454912662506,1.5885000228881836,0.2449904978275299,-0.13040468096733093,1.690000057220459,-0.03143618255853653,-0.1406889706850052,1.6820000410079956,0.3943037688732147,-0.17844781279563904,1.5164999961853027,-0.10436663031578064,0.0810675099492073,1.7630000114440918,0.4988599121570587,-0.28458306193351746,1.3654999732971191,-0.08327027410268784,0.3075176179409027,1.8009999990463257
0.18302778899669647,-0.28472983837127686,1.6029999256134033,0.21212729811668396,-0.3088752031326294,1.6069999933242798,0.14982211589813232,-0.3090990483760834,1.5815000534057617,0.2547324299812317,-0.1352381706237793,1.681999921798706,-0.023259934037923813,-0.14886516332626343,1.6820000410079956,0.4110974967479706,-0.17336168885231018,1.5149999856948853,-0.10421863198280334,0.06668958067893982,1.7604999542236328,0.5418984889984131,-0.2870619595050812,1.3459999561309814,-0.07704685628414154,0.29436635971069336,1.7920000553131104
0.19251248240470886,-0.2885681390762329,1.5954999923706055,0.2212272733449936,-0.31222620606422424,1.5975000858306885,0.1622750461101532,-0.31608566641807556,1.5780000686645508,0.2646865248680115,-0.14290277659893036,1.6759999990463257,-0.00962140318006277,-0.16229893267154694,1.6800000667572021,0.4160071313381195,-0.1635424792766571,1.5149999856948853,-0.10099175572395325,0.05223304033279419,1.753999948501587,0.5351866483688354,-0.2437542825937271,1.3240000009536743,-0.07098113745450974,0.281726211309433,1.7855000495910645
0.20196352899074554,-0.2924499213695526,1.5885000228881836,0.23285049200057983,-0.3156149685382843,1.5885000228881836,0.17212003469467163,-0.32048696279525757,1.5744999647140503,0.27250805497169495,-0.14273224771022797,1.6740000247955322,0.001264279242604971,-0.17549090087413788,1.6759999990463257,0.4381004869937897,-0.15126846730709076,1.5149999856948853,-0.09767404943704605,0.04632334038615227,1.745500087738037,0.5603116750717163,-0.20840100944042206,1.317500114440918,-0.06446463614702225,0.27284911274909973,1.7655000686645508
0.20922327041625977,-0.2943737506866455,1.5850000381469727,0.2395121157169342,-0.3167867362499237,1.5815000534057617,0.1792028248310089,-0.32455548644065857,1.5694999694824219,0.27522048354148865,-0.14815711975097656,1.6740000247955322,0.006663705687969923,-0.18276137113571167,1.6679999828338623,0.4430101215839386,-0.13899444043636322,1.5149999856948853,-0.09728234261274338,0.03205282986164093,1.7384999990463257,0.5603116750717163,-0.16570527851581573,1.317500114440918,-0.060906052589416504,0.25561678409576416,1.745500087738037
0.2131425440311432,-0.2952558696269989,1.5759999752044678,0.24834103882312775,-0.31753191351890564,1.5724999904632568,0.18599893152713776,-0.3281714916229248,1.5625,0.27522048354148865,-0.15086954832077026,1.6740000247955322,0.012025752104818821,-0.18748992681503296,1.6619999408721924,0.44055527448654175,-0.13408485054969788,1.5149999856948853,-0.09141118079423904,0.029160209000110626,1.7339999675750732,0.5923336744308472,-0.14435739815235138,1.317500114440918,-0.058077745139598846,0.24996021389961243,1.745500087738037
0.21679580211639404,-0.29836201667785645,1.565500020980835,0.25263118743896484,-0.3216020166873932,1.5674999952316284,0.19020654261112213,-0.33174213767051697,1.5555000305175781,0.2914952039718628,-0.15086954832077026,1.6740000247955322,0.017390815541148186,-0.18995405733585358,1.659999966621399,0.4340486228466034,-0.10729406028985977,1.5180000066757202,-0.09130574762821198,0.029126575216650963,1.7319999933242798,0.575255274772644,-0.10166163742542267,1.317500114440918,-0.05524944141507149,0.24713191390037537,1.745500087738037
0.21884207427501678,-0.3002259433269501,1.562000036239624,0.254926860332489,-0.323831707239151,1.565999984741211,0.19229333102703094,-0.33351045846939087,1.5520000457763672,0.29692012071609497,-0.14544469118118286,1.6740000247955322,0.014616916887462139,-0.19154135882854462,1.6505000591278076,0.44142767786979675,-0.060560442507267,1.5180000066757202,-0.08527234196662903,0.03177627548575401,1.7235000133514404,0,0,0,-0.05524944141507149,0.24713191390037537,1.745500087738037
0.2213730663061142,-0.3002259433269501,1.562000036239624,0.25746431946754456,-0.323831707239151,1.565999984741211,0.19480812549591064,-0.336025208234787,1.5520000457763672,0.29891660809516907,-0.14239118993282318,1.6700000762939453,0.01987493969500065,-0.19333316385746002,1.6430000066757202,0.4438873529434204,-0.03350413963198662,1.5180000066757202,-0.07642590254545212,0.028807058930397034,1.7130000591278076,0.6008729338645935,0.03923434391617775,1.317500114440918,-0.05517030507326126,0.2467779517173767,1.7430000305175781
0.22318731248378754,-0.29926490783691406,1.5570000410079956,0.2596697211265564,-0.32595232129096985,1.5640000104904175,0.1934901624917984,-0.3337518572807312,1.5415000915527344,0.29891660809516907,-0.14239118993282318,1.6700000762939453,0.022482294589281082,-0.19551819562911987,1.6389999389648438,0.35779857635498047,0.027987459674477577,1.5180000066757202,-0.07365025579929352,0.03435831516981125,1.7130000591278076,0,0,0,-0.052481189370155334,0.2530781030654907,1.747499942779541
0.22469541430473328,-0.30043095350265503,1.5499999523162842,0.2618686556816101,-0.32553550601005554,1.562000036239624,0.19465291500091553,-0.331478476524353,1.531000018119812,0.2887827754020691,-0.16171929240226746,1.6740000247955322,0.027598761022090912,-0.19414636492729187,1.627500057220459,0.3504195511341095,0.010769812390208244,1.5180000066757202,-0.07347827404737473,0.03150893747806549,1.7089999914169312,0,0,0,-0.052616335451602936,0.2508910000324249,1.7519999742507935
0.22168217599391937,-0.2997525930404663,1.5464999675750732,0.2587565779685974,-0.3248060941696167,1.558500051498413,0.19446220993995667,-0.3311537206172943,1.5295000076293945,0.29963257908821106,-0.15358199179172516,1.6740000247955322,0.027471577748656273,-0.20112648606300354,1.6200000047683716,0.24145503342151642,0.039871081709861755,1.1510000228881836,-0.0678604319691658,0.031472064554691315,1.7070000171661377,0.2583206593990326,0.1943334937095642,1.3125,-0.049777500331401825,0.25372982025146484,1.7519999742507935
0.22368066012859344,-0.2990742027759552,1.5429999828338623,0.26069509983062744,-0.3240766227245331,1.5549999475479126,0.19160732626914978,-0.3305041790008545,1.5264999866485596,0.302706241607666,-0.15648116171360016,1.6759999990463257,0.03009653277695179,-0.1985015571117401,1.6200000047683716,0.16636796295642853,0.028319617733359337,0.781000018119812,-0.06509450823068619,0.028706157580018044,1.7070000171661377,0,0,0,-0.04699224233627319,0.2483353316783905,1.753999948501587
0.21818426251411438,-0.2959012985229492,1.5394999980926514,0.25540921092033386,-0.32376399636268616,1.5534999370574951,0.19141905009746552,-0.3301793932914734,1.524999976158142,0.30651533603668213,-0.15431594848632812,1.681999921798706,0.03272148594260216,-0.20112648606300354,1.6200000047683716,0.16558894515037537,0.03248395398259163,0.7599999904632568,-0.062255557626485825,0.02590985782444477,1.7049999237060547,0.3689090311527252,0.24324727058410645,1.3125,-0.0413551852107048,0.24861851334571838,1.75600004196167
0.21775908768177032,-0.2928350269794464,1.5364999771118164,0.25483378767967224,-0.3180115520954132,1.5499999523162842,0.19079144299030304,-0.3241710066795349,1.5199999809265137,0.3076087236404419,-0.15213130414485931,1.687999963760376,0.032640691846609116,-0.19801141321659088,1.6159999370574951,0.15351662039756775,0.03630223497748375,0.737500011920929,-0.062255557626485825,0.020384525880217552,1.7049999237060547,0.3263750374317169,0.26026076078414917,1.3125,-0.038608551025390625,0.25210821628570557,1.7604999542236328
0.2170504778623581,-0.289400577545166,1.531499981880188,0.25425833463668823,-0.3147876262664795,1.5464999675750732,0.189912810921669,-0.31777501106262207,1.5130000114440918,0.30249643325805664,-0.15504992008209229,1.690000057220459,0.03505188599228859,-0.1968473643064499,1.6064999103546143,0.147829070687294,0.03014221601188183,0.7330000400543213,-0.062255557626485825,0.020384525880217552,1.7049999237060547,0,0,0,-0.03579656034708023,0.24953880906105042,1.7625000476837158
0.21407854557037354,-0.28378742933273315,1.527999997138977,0.2511827349662781,-0.3115750551223755,1.5429999828338623,0.18966177105903625,-0.31490662693977356,1.5110000371932983,0.30249643325805664,-0.1523115634918213,1.690000057220459,0.034855518490076065,-0.19315609335899353,1.597499966621399,0.14594115316867828,0.03118032030761242,0.7294999957084656,-0.062255557626485825,0.02314719185233116,1.7049999237060547,0.26895415782928467,0.24537396430969238,1.3125,-0.032940708100795746,0.2523946464061737,1.7625000476837158
0.2135881781578064,-0.2781970202922821,1.5245000123977661,0.2506129741668701,-0.30338478088378906,1.5394999980926514,0.1894734799861908,-0.3097022473812103,1.5095000267028809,0.30249643325805664,-0.1440964788198471,1.690000057220459,0.03473551571369171,-0.18991152942180634,1.5920000076293945,0.14121299982070923,0.03472641482949257,0.7294999957084656,-0.06477037072181702,0.020306814461946487,1.6984999179840088,0.21938006579875946,0.1758912354707718,1.162500023841858,-0.021547814831137657,0.24989275634288788,1.7649999856948853
0.21534979343414307,-0.2723604142665863,1.5195000171661377,0.25036880373954773,-0.30059710144996643,1.5379999876022339,0.1862841546535492,-0.30359888076782227,1.503499984741211,0.29975807666778564,-0.13861976563930511,1.690000057220459,0.03211553394794464,-0.18709662556648254,1.590000033378601,0.13983900845050812,0.03703963756561279,0.7285000085830688,-0.06436996906995773,0.028386639431118965,1.687999963760376,0.17763769626617432,0.17262715101242065,1.0015000104904175,-0.0187090877443552,0.2587652802467346,1.7669999599456787
0.20973314344882965,-0.2665562331676483,1.5145000219345093,0.25012460350990295,-0.2953246533870697,1.5364999771118164,0.18329772353172302,-0.2978324294090271,1.4989999532699585,0.29975807666778564,-0.13861976563930511,1.690000057220459,0.03208523616194725,-0.17919841408729553,1.5885000228881836,0.13747817277908325,0.03822004795074463,0.7285000085830688,-0.06710509955883026,0.042062241584062576,1.687999963760376,0.162459596991539,0.18293213844299316,0.9785000085830688,-0.0187090877443552,0.27021777629852295,1.7669999599456787
