-0.09312543272972107,-0.024145936593413353,1.0940001010894775,-0.07228022068738937,-0.04458735138177872,1.0740000009536743,-0.10240232944488525,-0.04841677099466324,1.0440000295639038,0.12899139523506165,0.01741507090628147,1.1459999084472656,-0.07460629194974899,-0.050202254205942154,1.0824999809265137,0.1530567705631256,0.2535912096500397,1.2684999704360962,-0.1381509006023407,0.06403960287570953,1.3009999990463257,-0.061103180050849915,0.24489295482635498,1.2349998950958252,-0.15754617750644684,0.17201176285743713,1.3044999837875366
-0.08780747652053833,-0.024145936593413353,1.0940001010894775,-0.06690338999032974,-0.04448356479406357,1.0715000629425049,-0.09873452037572861,-0.04827764257788658,1.0410000085830688,0.13456213474273682,0.015558170154690742,1.1459999084472656,-0.07426170259714127,-0.04647856205701828,1.0775001049041748,0.15922299027442932,0.2515358328819275,1.2684999704360962,-0.13403771817684174,0.06408882886171341,1.3020000457763672,-0.05301270633935928,0.24649427831172943,1.2330000400543213,-0.15120495855808258,0.17623920738697052,1.3044999837875366
-0.08426215499639511,-0.022373294457793236,1.0940001010894775,-0.06349019706249237,-0.04452507570385933,1.0724999904632568,-0.09504034370183945,-0.0481153205037117,1.0374999046325684,0.13641904294490814,0.01741507090628147,1.1459999084472656,-0.07565490901470184,-0.03931165859103203,1.0724999904632568,0.16288313269615173,0.24879208207130432,1.2649999856948853,-0.12981835007667542,0.07252752035856247,1.3020000457763672,-0.04897718504071236,0.24629434943199158,1.2319999933242798,-0.1492626667022705,0.18067418038845062,1.305999994277954
-0.08256490528583527,-0.022393744438886642,1.0950000286102295,-0.058276742696762085,-0.04278726875782013,1.0724999904632568,-0.09335923194885254,-0.046434227377176285,1.0374999046325684,0.13887926936149597,0.013761050067842007,1.1510000228881836,-0.07931499928236008,-0.03243586793541908,1.0750000476837158,0.1646721065044403,0.24635225534439087,1.2630000114440918,-0.12569543719291687,0.08102838695049286,1.3029999732971191,-0.04494814947247505,0.24609442055225372,1.2309999465942383,-0.14714649319648743,0.1849064826965332,1.305999994277954
-0.082715705037117,-0.022434644401073456,1.097000002861023,-0.05843975394964218,-0.042906954884529114,1.0755000114440918,-0.09335923194885254,-0.046434227377176285,1.0374999046325684,0.1449763923883438,0.011937388218939304,1.1549999713897705,-0.07732056826353073,-0.03753881901502609,1.0715000629425049,0.16671860218048096,0.2443057745695114,1.2630000114440918,-0.1321813464164734,0.08534912019968033,1.3044999837875366,-0.04494814947247505,0.24609442055225372,1.2309999465942383,-0.1475408375263214,0.1854020059108734,1.309499979019165
-0.08305501937866211,-0.02252667397260666,1.1015000343322754,-0.05862993374466896,-0.04304658621549606,1.0789999961853027,-0.09504034370183945,-0.04475313425064087,1.0374999046325684,0.1394825577735901,0.010074620135128498,1.1559998989105225,-0.08426535874605179,-0.030594075098633766,1.0715000629425049,0.164280965924263,0.2437254637479782,1.2599999904632568,-0.13021716475486755,0.08544725924730301,1.305999994277954,-0.04491163790225983,0.24589452147483826,1.2300000190734863,-0.14989125728607178,0.1878102421760559,1.3114999532699585
-0.08689987659454346,-0.02080778405070305,1.1050000190734863,-0.06381577998399734,-0.043006688356399536,1.0779999494552612,-0.10022836923599243,-0.04481784254312515,1.0390000343322754,0.13972388207912445,0.008215706795454025,1.1579999923706055,-0.08067986369132996,-0.03922002390027046,1.0700000524520874,0.15975269675254822,0.24101251363754272,1.256500005722046,-0.13667023181915283,0.07068826258182526,1.306999921798706,-0.046904657036066055,0.2478875368833542,1.2300000190734863,-0.1541414111852646,0.1856851726770401,1.3114999532699585
-0.09406178444623947,-0.02080778405070305,1.1050000190734863,-0.0690559670329094,-0.043006688356399536,1.0779999494552612,-0.10563361644744873,-0.04496881365776062,1.0425000190734863,0.13221846520900726,0.0044630179181694984,1.1579999923706055,-0.09095476567745209,-0.03916504234075546,1.06850004196167,0.1577167510986328,0.23897656798362732,1.256500005722046,-0.1432424634695053,0.07503847032785416,1.309000015258789,-0.048897676169872284,0.24988053739070892,1.2300000190734863,-0.15490536391735077,0.18019866943359375,1.3179999589920044
-0.10301417857408524,-0.02080778405070305,1.1050000190734863,-0.07953634113073349,-0.043006688356399536,1.0779999494552612,-0.1143532320857048,-0.045076657086610794,1.0450000762939453,0.12310188263654709,0.004472652915865183,1.1605000495910645,-0.09441744536161423,-0.03743371739983559,1.06850004196167,0.15160885453224182,0.23897656798362732,1.256500005722046,-0.14971981942653656,0.06872788071632385,1.309999942779541,-0.05284072831273079,0.2536602020263672,1.2290000915527344,-0.1706278771162033,0.178873673081398,1.3240000009536743
-0.11027579009532928,-0.019034525379538536,1.1059999465942383,-0.08477652817964554,-0.043006688356399536,1.0779999494552612,-0.12112625688314438,-0.043383412063121796,1.0450000762939453,0.11394476890563965,0.004482287913560867,1.1629999876022339,-0.10307411849498749,-0.03570239245891571,1.06850004196167,0.14126022160053253,0.2346242517232895,1.2549999952316284,-0.1582104116678238,0.06448261439800262,1.309999942779541,-0.056869760155677795,0.2598455846309662,1.2300000190734863,-0.1856452226638794,0.17458303272724152,1.3240000009536743
-0.11923627555370331,-0.017242439091205597,1.1059999465942383,-0.09718359261751175,-0.04308647662401199,1.0799999237060547,-0.1315370500087738,-0.04176994785666466,1.0469999313354492,0.10470222681760788,0.00637768255546689,1.1649999618530273,-0.11692480742931366,-0.04609034210443497,1.06850004196167,0.13312610983848572,0.2325907200574875,1.2549999952316284,-0.17094631493091583,0.058114707469940186,1.309999942779541,-0.060905277729034424,0.2640461027622223,1.2309999465942383,-0.2006625533103943,0.17029240727424622,1.3240000009536743
-0.13363344967365265,-0.01725023426115513,1.1064999103546143,-0.10768340528011322,-0.04308647662401199,1.0799999237060547,-0.14850203692913055,-0.04176994785666466,1.0469999313354492,0.08597259223461151,0.0007158494554460049,1.1670000553131104,-0.12385014444589615,-0.04435901716351509,1.06850004196167,0.1252409666776657,0.23101648688316345,1.2574999332427979,-0.17943689227104187,0.0602373443543911,1.309999942779541,-0.07093606144189835,0.26426059007644653,1.2319999933242798,-0.2109900712966919,0.16568833589553833,1.3215000629425049
-0.14664621651172638,-0.019103368744254112,1.1100000143051147,-0.12400459498167038,-0.04680207744240761,1.0850000381469727,-0.1588325947523117,-0.041809845715761185,1.0479999780654907,0.07279833406209946,0.000716462847776711,1.1679999828338623,-0.1394321769475937,-0.04609034210443497,1.06850004196167,0.11333004385232925,0.2255297601222992,1.2609999179840088,-0.1900501251220703,0.05386943742632866,1.309999942779541,-0.07704972475767136,0.2666890621185303,1.2339999675750732,-0.2261500507593155,0.15509924292564392,1.3224999904632568
-0.15923626720905304,-0.022700507193803787,1.1100000143051147,-0.13455303013324738,-0.04680207744240761,1.0850000381469727,-0.1724175363779068,-0.04520605877041817,1.0479999780654907,0.05581304058432579,-0.00685959542170167,1.1689999103546143,-0.15637877583503723,-0.044255226850509644,1.065999984741211,0.10561570525169373,0.2162526696920395,1.2664999961853027,-0.2178937792778015,0.05818125233054161,1.3114999532699585,-0.08311551809310913,0.26690515875816345,1.2349998950958252,-0.24636410176753998,0.16213861107826233,1.3275001049041748
-0.1700277477502823,-0.022700507193803787,1.1100000143051147,-0.14334337413311005,-0.050318196415901184,1.0850000381469727,-0.18269337713718414,-0.046926550567150116,1.0485000610351562,0.03883174806833267,-0.010666148737072945,1.1710000038146973,-0.16846977174282074,-0.042527951300144196,1.065999984741211,0.09786851704120636,0.2090296894311905,1.2725000381469727,-0.23489439487457275,0.0560561865568161,1.3114999532699585,-0.08729412406682968,0.27546611428260803,1.2374999523162842,-0.2629965543746948,0.1631157100200653,1.3355000019073486
-0.18081922829151154,-0.028096212074160576,1.1100000143051147,-0.15389181673526764,-0.05383431911468506,1.0850000381469727,-0.1945858746767044,-0.052023302763700485,1.0485000610351562,0.025637077167630196,-0.01260647363960743,1.1749999523162842,-0.18919718265533447,-0.042527951300144196,1.065999984741211,0.0857323557138443,0.20340199768543243,1.2760000228881836,-0.2611895501613617,0.06262179464101791,1.315500020980835,-0.09932516515254974,0.27947643399238586,1.2374999523162842,-0.27297455072402954,0.17043305933475494,1.3420000076293945
-0.19161070883274078,-0.02989478036761284,1.1100000143051147,-0.16305701434612274,-0.057482585310935974,1.0875000953674316,-0.20687223970890045,-0.05382469668984413,1.0505000352859497,0.010450143367052078,-0.01266011968255043,1.1800000667572021,-0.20330114662647247,-0.04777691513299942,1.067500114440918,0.08220475167036057,0.19450166821479797,1.2855000495910645,-0.2715373933315277,0.05829215794801712,1.3140000104904175,-0.10133033245801926,0.27947643399238586,1.2374999523162842,-0.28602156043052673,0.16825859248638153,1.3420000076293945
-0.20176397264003754,-0.03338630869984627,1.1064999103546143,-0.17080937325954437,-0.059489842504262924,1.0920000076293945,-0.2158956378698349,-0.05565899237990379,1.0529999732971191,-0.0029388549737632275,-0.018427273258566856,1.1820000410079956,-0.21540917456150055,-0.04950661584734917,1.067500114440918,0.078767329454422,0.18790778517723083,1.2975000143051147,-0.28698626160621643,0.056269899010658264,1.316499948501587,-0.10145316272974014,0.2798151969909668,1.2389999628067017,-0.295488178730011,0.16869741678237915,1.3454999923706055
-0.2107284963130951,-0.036972105503082275,1.1064999103546143,-0.1826719045639038,-0.063461534678936,1.0994999408721924,-0.2278391718864441,-0.05736520513892174,1.0529999732971191,-0.024047164246439934,-0.02613234706223011,1.184000015258789,-0.23700404167175293,-0.059660449624061584,1.0635000467300415,0.0663314163684845,0.1736583113670349,1.3009999990463257,-0.3110407888889313,0.05423953756690025,1.319000005722046,-0.09550737589597702,0.27602264285087585,1.2400000095367432,-0.30786919593811035,0.17827512323856354,1.3519999980926514
-0.2143143266439438,-0.036972105503082275,1.1064999103546143,-0.1850406378507614,-0.063663549721241,1.1029999256134033,-0.2329578399658203,-0.05736520513892174,1.0529999732971191,-0.029852960258722305,-0.03194162994623184,1.1859999895095825,-0.24836407601833344,-0.056055426597595215,1.0605000257492065,0.06211528554558754,0.16522608697414398,1.3009999990463257,-0.31769317388534546,0.05855833739042282,1.3200000524520874,-0.09566142410039902,0.27244293689727783,1.2420001029968262,-0.31571489572525024,0.18689800798892975,1.3669999837875366
