0.3599793314933777,0.09853290766477585,0.8765000104904175,0.35663241147994995,0.07299025356769562,0.7990000247955322,0.3139050304889679,0.06472782790660858,0.8090000152587891,0.3307872712612152,0.07142641395330429,0.7960000038146973,0.18510520458221436,0.06153380498290062,0.940500020980835,0.413209468126297,0.21544578671455383,1.0605000257492065,0.06026839092373848,0.2072180062532425,1.0199999809265137,0.49599045515060425,0.32797497510910034,1.0360000133514404,0.21839569509029388,0.32211828231811523,1.0175000429153442
0.35225990414619446,0.09448734670877457,0.8784999847412109,0.3497377336025238,0.06927929073572159,0.8009999990463257,0.30698561668395996,0.05966825783252716,0.8115000128746033,0.31828874349594116,0.06893333047628403,0.796999990940094,0.1709495484828949,0.06346000730991364,0.9465000033378601,0.4038490056991577,0.21250884234905243,1.062999963760376,0.03893474489450455,0.1980752944946289,1.0239999294281006,0.4897666275501251,0.3288322389125824,1.0230000019073486,0.1953139305114746,0.32376694679260254,1.0175000429153442
0.34307488799095154,0.09470245987176895,0.8804999589920044,0.3408650755882263,0.06672514975070953,0.8014999628067017,0.2977812588214874,0.05966825783252716,0.8115000128746033,0.3152034878730774,0.07040096074342728,0.7990000247955322,0.16474762558937073,0.05784023925662041,0.9549999833106995,0.39868173003196716,0.20734159648418427,1.062999963760376,0.02748021110892296,0.18421542644500732,1.0299999713897705,0.471532940864563,0.3172290623188019,1.0230000019073486,0.1595114767551422,0.3164537847042084,1.0204999446868896
0.33023446798324585,0.08899565041065216,0.8804999589920044,0.329587459564209,0.06290744990110397,0.8025000095367432,0.28594711422920227,0.05703845992684364,0.8115000128746033,0.3111889362335205,0.06026924401521683,0.8020000457763672,0.15232110023498535,0.05216436833143234,0.9644999504089355,0.3866247534751892,0.19356229901313782,1.062999963760376,0.0159202441573143,0.17891860008239746,1.0379999876022339,0.44832637906074524,0.3056258261203766,1.0230000019073486,0.1349060982465744,0.31526294350624084,1.0219999551773071
0.3177545666694641,0.08481176197528839,0.8815000057220459,0.32216787338256836,0.05824549123644829,0.809999942779541,0.2708340883255005,0.05190647393465042,0.8135000467300415,0.3186233639717102,0.060945577919483185,0.8109999895095825,0.1428472101688385,0.05270521342754364,0.9745000004768372,0.37801262736320496,0.19700711965560913,1.062999963760376,0.00759749673306942,0.18098701536655426,1.0499999523162842,0.45164161920547485,0.30396825075149536,1.0230000019073486,0.11172223836183548,0.3268548250198364,1.0219999551773071
0.3025569021701813,0.08209457248449326,0.8830000162124634,0.3512459993362427,0.06526211649179459,0.9284999370574951,0.25860273838043213,0.04945189133286476,0.8165000081062317,0.33146756887435913,0.04757978022098541,0.8300000429153442,0.131818488240242,0.05175577104091644,0.9865000247955322,0.3728453814983368,0.19356229901313782,1.062999963760376,-0.0009157938184216619,0.19427430629730225,1.0575000047683716,0.43506550788879395,0.30231064558029175,1.0230000019073486,0.08840843290090561,0.3379499316215515,1.0204999446868896
0.2871433198451996,0.07789042592048645,0.8840000033378601,0.3814624547958374,0.06551297008991241,1.0534999370574951,0.24525347352027893,0.04595637694001198,0.824999988079071,0.30952373147010803,0.0579209141433239,0.843500018119812,0.12148518115282059,0.050513215363025665,0.9934999942779541,0.35127806663513184,0.19401752948760986,1.065500020980835,-0.009577514603734016,0.19966430962085724,1.068000078201294,0.40918970108032227,0.29354918003082275,1.0329999923706055,0.06497085094451904,0.3413985073566437,1.0160000324249268
0.26995471119880676,0.07359330356121063,0.8840000033378601,0.3638906478881836,0.06259997934103012,1.062000036239624,0.22948992252349854,0.04333529248833656,0.8259999752044678,0.31049272418022156,0.047766778618097305,0.8575000166893005,0.10904397815465927,0.050716593861579895,0.9975000619888306,0.34219905734062195,0.1843482106924057,1.0694999694824219,-0.018580064177513123,0.21760666370391846,1.0885000228881836,0.40709757804870605,0.30666878819465637,1.0670000314712524,0.0466543473303318,0.3448033034801483,1.0115000009536743
0.25693029165267944,0.0714886412024498,0.8934999704360962,0.3467482924461365,0.06119447201490402,1.0674999952316284,0.21554753184318542,0.03946291655302048,0.8289999961853027,0.3060278296470642,0.04436112940311432,0.8725000023841858,0.09362597018480301,0.04949410259723663,1.005500078201294,0.3316115140914917,0.18172799050807953,1.0745000839233398,-0.029470620676875114,0.23238222301006317,1.100000023841858,0.39644497632980347,0.30974698066711426,1.090000033378601,0.03836441412568092,0.3586653470993042,1.0090000629425049
0.2461158037185669,0.06815985590219498,0.9070000052452087,0.32644978165626526,0.05261978507041931,1.069000005722046,0.20382152497768402,0.03708694130182266,0.8359999656677246,0.31399115920066833,0.04782050475478172,0.9714999794960022,0.07802562415599823,0.048293281346559525,1.0145000219345093,0.3175636827945709,0.18191325664520264,1.0859999656677246,-0.04016488045454025,0.2448587864637375,1.100000023841858,0.36900290846824646,0.30629223585128784,1.1029999256134033,0.03663847967982292,0.37408530712127686,1.006500005722046
0.23001669347286224,0.06801372766494751,0.925000011920929,0.3039318919181824,0.05088764801621437,1.069000005722046,0.1872139871120453,0.03456279635429382,0.840499997138977,0.3330002725124359,0.047867000102996826,1.0789999961853027,0.06189078837633133,0.041923582553863525,1.0195000171661377,0.3031432628631592,0.17850466072559357,1.0975000858306885,-0.049076758325099945,0.2537706196308136,1.100000023841858,0.3495306372642517,0.3096245527267456,1.1150000095367432,0,0,0
0.2152400016784668,0.06600014120340347,0.9390000104904175,0.2819405198097229,0.04751210659742355,1.071000099182129,0.1713794767856598,0.03466560319066048,0.843000054359436,0.3222656846046448,0.04835498705506325,1.090000033378601,0.04221194237470627,0.048697907477617264,1.0230000019073486,0.2913243770599365,0.1829112470149994,1.1134999990463257,-0.05442389100790024,0.264464795589447,1.100000023841858,0.32554563879966736,0.3126881420612335,1.1195000410079956,0,0,0
0.20098358392715454,0.06478764861822128,0.9435000419616699,0.2658218443393707,0.045990437269210815,1.0759999752044678,0.1568177044391632,0.032028425484895706,0.8454999923706055,0.29291102290153503,0.05377653241157532,1.0924999713897705,0.02404855005443096,0.04717825725674629,1.0260000228881836,0.27318504452705383,0.19077631831169128,1.128000020980835,-0.057988639920949936,0.27515900135040283,1.100000023841858,0.306220144033432,0.3170304596424103,1.128499984741211,0,0,0
0.18766382336616516,0.06392933428287506,0.9535000324249268,0.24664349853992462,0.04424696043133736,1.0759999752044678,0.1435409039258957,0.032123129814863205,0.8480000495910645,0.28002500534057617,0.048687707632780075,1.0975000858306885,0.014108018018305302,0.04562670364975929,1.0285000801086426,0.25108271837234497,0.19020487368106842,1.1354999542236328,-0.06865167617797852,0.28750479221343994,1.0994999408721924,0.2829827070236206,0.3160114288330078,1.1380000114440918,0,0,0
0.17219027876853943,0.06294047832489014,0.9620000123977661,0.2285221368074417,0.04445257410407066,1.0810000896453857,0.13056573271751404,0.029548248276114464,0.8530000448226929,0.26594457030296326,0.04725132882595062,1.1054999828338623,-0.0025596879422664642,0.04900732636451721,1.0295000076293945,0.24258014559745789,0.18663698434829712,1.1475000381469727,-0.07738316059112549,0.29040610790252686,1.097000002861023,0.2625744640827179,0.3088136315345764,1.1454999446868896,0,0,0
0.16055026650428772,0.06170074641704559,0.9670000076293945,0.21295464038848877,0.0409872941672802,1.0820000171661377,0.11854180693626404,0.02687815949320793,0.8560000061988831,0.2477995902299881,0.049353137612342834,1.1124999523162842,-0.015928000211715698,0.04907873272895813,1.031000018119812,0.2215157449245453,0.19517365097999573,1.1540000438690186,-0.08403109014034271,0.28881776332855225,1.0910000801086426,0.25034433603286743,0.315342515707016,1.1490000486373901,0,0,0
0.14832143485546112,0.061828356236219406,0.968999981880188,0.2025289088487625,0.03749821335077286,1.0824999809265137,0.10782226920127869,0.02697235718369484,0.8589999675750732,0.23592105507850647,0.04589182510972023,1.1159999370574951,-0.030963152647018433,0.04907873272895813,1.031000018119812,0.2072727084159851,0.1864684373140335,1.1579999923706055,-0.1007767766714096,0.28792205452919006,1.0810000896453857,0.23046498000621796,0.3086993396282196,1.1519999504089355,0,0,0
0.13632094860076904,0.06050700321793556,0.9729999899864197,0.18849675357341766,0.03749821335077286,1.0824999809265137,0.09730634093284607,0.027145057916641235,0.8644999861717224,0.21822845935821533,0.04597407206892967,1.1180000305175781,-0.03764544427394867,0.04907873272895813,1.031000018119812,0.19096092879772186,0.18703202903270721,1.1614999771118164,-0.1107715591788292,0.28484681248664856,1.0759999752044678,0.22002650797367096,0.3078981041908264,1.1559998989105225,0,0,0
0.12686140835285187,0.0589304193854332,0.9729999899864197,0.17621861398220062,0.03749821335077286,1.0824999809265137,0.0892101302742958,0.027239255607128143,0.8674999475479126,0.20073950290679932,0.04066639021039009,1.121500015258789,-0.0526806004345417,0.04907873272895813,1.031000018119812,0.18194156885147095,0.18177640438079834,1.1640000343322754,-0.1263454258441925,0.28458210825920105,1.0750000476837158,0.20369572937488556,0.30681920051574707,1.1589999198913574,0,0,0
0.10592842847108841,0.05868815630674362,0.968999981880188,0.15517036616802216,0.03574420139193535,1.0824999809265137,0.07093672454357147,0.024427978321909904,0.8674999475479126,0.18711493909358978,0.03721359372138977,1.1269999742507935,-0.07762608677148819,0.052343592047691345,1.0295000076293945,0.1544424146413803,0.20546284317970276,1.1700000762939453,-0.1575523465871811,0.27213573455810547,1.0740000009536743,0.1849159598350525,0.31620898842811584,1.1589999198913574,0,0,0
