-0.09466152638196945,-0.053264033049345016,1.2829999923706055,-0.0682123526930809,-0.07233408838510513,1.218999981880188,-0.10935351997613907,-0.07150515168905258,1.1730000972747803,0.11375788599252701,-0.06604477018117905,1.2890000343322754,-0.12559671700000763,-0.13675089180469513,1.13100004196167,0.1907871514558792,0.14315588772296906,1.3940000534057617,-0.3330690860748291,-0.12306593358516693,1.3654999732971191,-0.016432497650384903,0.15131236612796783,1.3459999561309814,-0.21673080325126648,0.03884720802307129,1.3044999837875366
-0.09258262813091278,-0.05118514224886894,1.2829999923706055,-0.0682123526930809,-0.06640852987766266,1.218999981880188,-0.10736124962568283,-0.06574710458517075,1.1720000505447388,0.11802661418914795,-0.06609600782394409,1.2899999618530273,-0.1274293214082718,-0.13675089180469513,1.13100004196167,0.1940152794122696,0.14387474954128265,1.4010000228881836,-0.3308565318584442,-0.11864081025123596,1.3654999732971191,-0.009896903298795223,0.16015513241291046,1.347000002861023,-0.217312291264534,0.04319022223353386,1.3079999685287476
-0.09265478700399399,-0.04914453253149986,1.284000039100647,-0.06634582579135895,-0.06453905999660492,1.2209999561309814,-0.1054622009396553,-0.06574710458517075,1.1720000505447388,0.11811811476945877,-0.06614724546670914,1.2910000085830688,-0.1273166537284851,-0.13662998378276825,1.1299999952316284,0.1945692002773285,0.14428552985191345,1.4049999713897705,-0.32864391803741455,-0.11642824113368988,1.3654999732971191,-0.009896903298795223,0.16670289635658264,1.347000002861023,-0.21380652487277985,0.04971887171268463,1.3125
-0.09075061976909637,-0.04507110267877579,1.2864999771118164,-0.06455189734697342,-0.06273996829986572,1.2244999408721924,-0.10338643938302994,-0.0637391209602356,1.1700000762939453,0.12230183184146881,-0.06405539065599442,1.2910000085830688,-0.12171587347984314,-0.14016777276992798,1.128999948501587,0.19498465955257416,0.1468750387430191,1.4079999923706055,-0.3282829225063324,-0.11630034446716309,1.3639999628067017,-0.012106407433748245,0.17582394182682037,1.3499999046325684,-0.21035143733024597,0.05417785793542862,1.317500114440918
-0.09075061976909637,-0.04298654943704605,1.2864999771118164,-0.06473640352487564,-0.05893976241350174,1.2279999256134033,-0.10140387713909149,-0.06368463486433029,1.1689999103546143,0.12439370155334473,-0.06196354702115059,1.2910000085830688,-0.12182369083166122,-0.14212290942668915,1.1299999952316284,0.19560784101486206,0.14963318407535553,1.412500023841858,-0.32386264204978943,-0.11188008636236191,1.3639999628067017,-0.012151246890425682,0.1808662712574005,1.3550000190734863,-0.21369583904743195,0.06092708930373192,1.3250000476837158
-0.08658147603273392,-0.04715566337108612,1.2864999771118164,-0.05876706913113594,-0.06490906327962875,1.2279999256134033,-0.0994245782494545,-0.06173761188983917,1.1679999828338623,0.12673048675060272,-0.06208353489637375,1.2934999465942383,-0.1199927106499672,-0.14029192924499512,1.1299999952316284,0.19352440536022186,0.14979209005832672,1.4140000343322754,-0.3242187798023224,-0.11200311779975891,1.3654999732971191,-0.016585102304816246,0.1835346519947052,1.3585000038146973,-0.21019211411476135,0.0676221251487732,1.3300000429153442
-0.0865141823887825,-0.042953137308359146,1.2855000495910645,-0.06075684726238251,-0.05893976241350174,1.2279999256134033,-0.0994245782494545,-0.06173761188983917,1.1679999828338623,0.1287268102169037,-0.05784698575735092,1.2925000190734863,-0.118318572640419,-0.1441449671983719,1.131500005722046,0.1937296986579895,0.14995098114013672,1.4155000448226929,-0.31979361176490784,-0.11200311779975891,1.3654999732971191,-0.01666445843875408,0.18883633613586426,1.3650000095367432,-0.21498605608940125,0.06993455439805984,1.3329999446868896
-0.08257248997688293,-0.04307008534669876,1.2890000343322754,-0.05677728354930878,-0.06092952564358711,1.2279999256134033,-0.09563945978879929,-0.06363016366958618,1.1679999828338623,0.1309729367494583,-0.057914119213819504,1.2940000295639038,-0.11821399629116058,-0.14218579232692719,1.1304999589920044,0.18717890977859497,0.14791817963123322,1.4179999828338623,-0.31979361176490784,-0.10757798701524734,1.3654999732971191,-0.018931537866592407,0.19604440033435822,1.36899995803833,-0.21546989679336548,0.0744214728474617,1.3359999656677246
-0.07818238437175751,-0.04920194298028946,1.2855000495910645,-0.052647244185209274,-0.06670815497636795,1.2244999408721924,-0.09366665035486221,-0.06546661257743835,1.1670000553131104,0.13317249715328217,-0.05586054548621178,1.2950000762939453,-0.10905501991510391,-0.1403540074825287,1.1304999589920044,0.18290552496910095,0.15278233587741852,1.4205000400543213,-0.31758105754852295,-0.10536542534828186,1.3654999732971191,-0.027946701273322105,0.1992763727903366,1.375999927520752,-0.21926367282867432,0.0815214216709137,1.3459999561309814
-0.0823482871055603,-0.04920194298028946,1.2855000495910645,-0.056453637778759,-0.06651748716831207,1.2209999561309814,-0.09342586249113083,-0.06718438118696213,1.1640000343322754,0.13747525215148926,-0.05380373075604439,1.2960000038146973,-0.10186280310153961,-0.1387060135602951,1.1319999694824219,0.17849041521549225,0.155247762799263,1.4219999313354492,-0.31758105754852295,-0.10536542534828186,1.3654999732971191,-0.03715977445244789,0.20536424219608307,1.3870000839233398,-0.22595161199569702,0.08677663654088974,1.3599998950958252
-0.07809115946292877,-0.04914453253149986,1.284000039100647,-0.05232478678226471,-0.06432763487100601,1.2170000076293945,-0.09169705957174301,-0.06541051715612411,1.1660000085830688,0.13747525215148926,-0.05590367689728737,1.2960000038146973,-0.1036970317363739,-0.1387060135602951,1.1319999694824219,0.17175902426242828,0.15771809220314026,1.4235000610351562,-0.3190910220146179,-0.10734163969755173,1.3624999523162842,-0.03952083736658096,0.20821037888526917,1.3910000324249268,-0.22907796502113342,0.0937652662396431,1.3654999732971191
-0.0749746635556221,-0.050526879727840424,1.2664999961853027,-0.0501459576189518,-0.06406334787607193,1.2120000123977661,-0.08776762336492538,-0.06718438118696213,1.1640000343322754,0.13957521319389343,-0.05380373075604439,1.2960000038146973,-0.09277354925870895,-0.14066438376903534,1.1329998970031738,0.16253280639648438,0.16233117878437042,1.4235000610351562,-0.3128279745578766,-0.10671138018369675,1.3545000553131104,-0.044076107442379,0.21520385146141052,1.3925000429153442,-0.23571570217609406,0.09819039702415466,1.3654999732971191
-0.07220277190208435,-0.0520600900053978,1.253999948501587,-0.047923699021339417,-0.06762639433145523,1.2055000066757202,-0.08385113626718521,-0.07083459198474884,1.1619999408721924,0.14366421103477478,-0.05376221612095833,1.2950000762939453,-0.09293732047080994,-0.13907362520694733,1.1349999904632568,0.15561313927173615,0.17155735194683075,1.4235000610351562,-0.31051844358444214,-0.10156648606061935,1.3445000648498535,-0.04444010928273201,0.22380594909191132,1.4040000438690186,-0.2404046356678009,0.10494324564933777,1.3669999837875366
-0.07011491060256958,-0.05404885113239288,1.253000020980835,-0.04572250694036484,-0.07114730775356293,1.1990000009536743,-0.08385113626718521,-0.07460024952888489,1.1619999408721924,0.14366421103477478,-0.05166388675570488,1.2950000762939453,-0.09117850661277771,-0.13919615745544434,1.1360000371932983,0.1511591225862503,0.1740470826625824,1.4249999523162842,-0.30696389079093933,-0.1011132299900055,1.3385000228881836,-0.05850362032651901,0.2345646172761917,1.4140000343322754,-0.2450137734413147,0.10723663121461868,1.3680000305175781
-0.06586982309818268,-0.05794708430767059,1.249500036239624,-0.04560810327529907,-0.07484512031078339,1.1959999799728394,-0.07810167968273163,-0.08014514297246933,1.1605000495910645,0.1459876447916031,-0.04964209720492363,1.2969999313354492,-0.09125877171754837,-0.1374763697385788,1.1370000839233398,0.14423216879367828,0.17866504192352295,1.4249999523162842,-0.3067076802253723,-0.09386463463306427,1.3280000686645508,-0.060902271419763565,0.2395697385072708,1.4165000915527344,-0.2516636550426483,0.11610308289527893,1.3680000305175781
-0.06539537012577057,-0.06154973804950714,1.2404999732971191,-0.04363366216421127,-0.07671884447336197,1.1949999332427979,-0.07434086501598358,-0.08202553540468216,1.1605000495910645,0.1461002081632614,-0.047577183693647385,1.2979999780654907,-0.08757410943508148,-0.13931868970394135,1.1370000839233398,0.1302410066127777,0.18309006094932556,1.4235000610351562,-0.29898834228515625,-0.0906769186258316,1.312999963760376,-0.06805111467838287,0.24280402064323425,1.4219999313354492,-0.2581247091293335,0.1248781830072403,1.3669999837875366
-0.06510542333126068,-0.061276841908693314,1.2349998950958252,-0.04169734939932823,-0.07865513861179352,1.1949999332427979,-0.07443694770336151,-0.08213154971599579,1.1619999408721924,0.14444077014923096,-0.04772380366921425,1.3020000457763672,-0.08204711973667145,-0.1411610096693039,1.1370000839233398,0.11870822310447693,0.18770314753055573,1.4235000610351562,-0.2918151617050171,-0.08977912366390228,1.2999999523162842,-0.07743063569068909,0.2502431869506836,1.4249999523162842,-0.2622666358947754,0.12252859771251678,1.3654999732971191
-0.06284882128238678,-0.06700778752565384,1.2300000190734863,-0.04166245833039284,-0.08245867490768433,1.194000005722046,-0.07246045768260956,-0.08766672015190125,1.1605000495910645,0.14488451182842255,-0.043638113886117935,1.305999994277954,-0.07836246490478516,-0.14300332963466644,1.1370000839233398,0.10936662554740906,0.18980947136878967,1.4220000505447388,-0.2832997143268585,-0.08699828386306763,1.2899999618530273,-0.09138064831495285,0.2528180181980133,1.4264999628067017,-0.2661058306694031,0.1266748011112213,1.3624999523162842
-0.06463097035884857,-0.07076293230056763,1.2259999513626099,-0.03976104035973549,-0.08640032261610031,1.1949999332427979,-0.07434086501598358,-0.09330791234970093,1.1605000495910645,0.14276835322380066,-0.043638113886117935,1.305999994277954,-0.07283547520637512,-0.14300332963466644,1.1370000839233398,0.09554186463356018,0.2013300359249115,1.4220000505447388,-0.2761699855327606,-0.08464477956295013,1.2860000133514404,-0.11680624634027481,0.2643750309944153,1.4264999628067017,-0.2744322419166565,0.12644235789775848,1.3599998950958252
-0.06455189734697342,-0.0746445432305336,1.2244999408721924,-0.03976104035973549,-0.090272918343544,1.1949999332427979,-0.07434086501598358,-0.09706869721412659,1.1605000495910645,0.14075987040996552,-0.03731819987297058,1.306999921798706,-0.06724929064512253,-0.1447182446718216,1.1360000371932983,0.08393260091543198,0.20802269876003265,1.4205000400543213,-0.2717909514904022,-0.0845789685845375,1.2850000858306885,-0.13284634053707123,0.2710239589214325,1.4249999523162842,-0.2827262282371521,0.13060913980007172,1.3574999570846558
