-0.0633196160197258,-0.19221679866313934,1.369499921798706,-0.0326649434864521,-0.22613665461540222,1.3870000839233398,-0.08991548418998718,-0.2232019156217575,1.36899995803833,0.11380095034837723,-0.0676485225558281,1.5115000009536743,-0.1853235810995102,-0.09851470589637756,1.534500002861023,0.1673654168844223,0.1565866619348526,1.627500057220459,-0.30903899669647217,0.11260867118835449,1.5315001010894775,0.25702255964279175,0.38892215490341187,1.7730000019073486,-0.3105316162109375,0.19448129832744598,1.4570000171661377
-0.06294973939657211,-0.1866818070411682,1.3615000247955322,-0.030242085456848145,-0.2225978821516037,1.378999948501587,-0.08922585099935532,-0.21928879618644714,1.3585000038146973,0.10821818560361862,-0.06478960067033768,1.5019999742507935,-0.18333084881305695,-0.09991506487131119,1.5180000066757202,0.1726396381855011,0.14603829383850098,1.627500057220459,-0.30043473839759827,0.09902845323085785,1.4769999980926514,0.26539239287376404,0.3883472681045532,1.8105000257492065,-0.31044644117355347,0.1868446320295334,1.3830000162124634
-0.06234867498278618,-0.1827143132686615,1.3485000133514404,-0.030154364183545113,-0.21749629080295563,1.375,-0.08837201446294785,-0.2150101661682129,1.3454999923706055,0.11017309129238129,-0.062086015939712524,1.4954999685287476,-0.18157966434955597,-0.09896067529916763,1.503499984741211,0.1722683608531952,0.1430928111076355,1.6239999532699585,-0.2963353097438812,0.08917476236820221,1.434000015258789,0.2712596356868744,0.38541364669799805,1.8105000257492065,-0.3203010857105255,0.18443702161312103,1.3489999771118164
-0.06135460361838341,-0.1755007952451706,1.3269999027252197,-0.029803477227687836,-0.2105613648891449,1.3589999675750732,-0.08555124700069427,-0.20908427238464355,1.3355000019073486,0.11221985518932343,-0.05704822391271591,1.4904999732971191,-0.18260835111141205,-0.09336866438388824,1.4919999837875366,0.17205621302127838,0.14291658997535706,1.621999979019165,-0.29730936884880066,0.08120090514421463,1.4164999723434448,0.2715124189853668,0.3840535879135132,1.8320000171661377,-0.32540205121040344,0.19154782593250275,1.3079999685287476
-0.062380190938711166,-0.17028073966503143,1.3034999370574951,-0.03148740157485008,-0.2049863338470459,1.3369998931884766,-0.0865001380443573,-0.20405393838882446,1.316999912261963,0.10958373546600342,-0.04970267415046692,1.4874999523162842,-0.1805276870727539,-0.09230481088161469,1.4749999046325684,0.1744690090417862,0.14536531269550323,1.6200000047683716,-0.3017253577709198,0.08281823247671127,1.4049999713897705,0.26854395866394043,0.3840535879135132,1.8320000171661377,-0.33789271116256714,0.19620227813720703,1.2829999923706055
-0.06377490609884262,-0.1621207445859909,1.2890000343322754,-0.033238474279642105,-0.1960376352071762,1.3204998970031738,-0.08772557228803635,-0.19562596082687378,1.3034999370574951,0.10888386517763138,-0.044595539569854736,1.4779999256134033,-0.18260662257671356,-0.07918360084295273,1.4535000324249268,0.177093967795372,0.1532401293516159,1.6200000047683716,-0.29675349593162537,0.08973270654678345,1.371500015258789,0.26260703802108765,0.3840535879135132,1.8320000171661377,-0.34595784544944763,0.19551894068717957,1.2519999742507935
-0.06750404089689255,-0.1569019854068756,1.2804999351501465,-0.035110220313072205,-0.19242961704730988,1.310499906539917,-0.09344856441020966,-0.1922520101070404,1.2950000762939453,0.10310813784599304,-0.04417312145233154,1.4639999866485596,-0.17950737476348877,-0.07651129364967346,1.4474999904632568,0.17468440532684326,0.1534292995929718,1.621999979019165,-0.28712496161460876,0.09112156927585602,1.3269999027252197,0.2550588846206665,0.3904922306537628,1.8205000162124634,-0.35327163338661194,0.20701467990875244,1.2009999752044678
-0.06718774139881134,-0.15203656256198883,1.2744998931884766,-0.036963772028684616,-0.18681858479976654,1.3009999990463257,-0.0928351879119873,-0.18682098388671875,1.2864999771118164,0.10257992148399353,-0.043946824967861176,1.4565000534057617,-0.184095099568367,-0.07319235801696777,1.4284999370574951,0.16963692009449005,0.16151274740695953,1.6239999532699585,-0.277496337890625,0.08729522675275803,1.3020000457763672,0.2452586591243744,0.3901863396167755,1.7920000553131104,-0.35268858075141907,0.20835290849208832,1.1545000076293945
-0.07106618583202362,-0.14738412201404572,1.2699999809265137,-0.03881656378507614,-0.18350373208522797,1.2925000190734863,-0.09655191749334335,-0.18387484550476074,1.2804999351501465,0.10236863791942596,-0.039146002382040024,1.4535000324249268,-0.1782810091972351,-0.06497307866811752,1.4010000228881836,0.16679981350898743,0.16919836401939392,1.621999979019165,-0.2723811864852905,0.09396923333406448,1.277999997138977,0.229839026927948,0.3944467306137085,1.784999966621399,-0.3582596778869629,0.2139662802219391,1.125
-0.07506346702575684,-0.14509744942188263,1.2680000066757202,-0.04295523837208748,-0.18119890987873077,1.2910000085830688,-0.10034772753715515,-0.17909358441829681,1.2760000228881836,0.09949740767478943,-0.04363001137971878,1.446000099182129,-0.1768176108598709,-0.057685405015945435,1.3895000219345093,0.1637667715549469,0.17926791310310364,1.6180000305175781,-0.26726603507995605,0.09830023348331451,1.253999948501587,0.2278367280960083,0.4163190424442291,1.7920000553131104,-0.36228030920028687,0.21960580348968506,1.0985000133514404
-0.0749746635556221,-0.1428736448287964,1.2664999961853027,-0.04257259890437126,-0.17543840408325195,1.2795000076293945,-0.09936469793319702,-0.17324455082416534,1.2634999752044678,0.10131220519542694,-0.041072867810726166,1.4385000467300415,-0.17874689400196075,-0.050839416682720184,1.3870000839233398,0.1583273708820343,0.17904631793498993,1.6159999370574951,-0.26754334568977356,0.10494258999824524,1.2365000247955322,0.2162221074104309,0.4250299632549286,1.7920000553131104,-0.3675760328769684,0.22588306665420532,1.0775001049041748
-0.07886045426130295,-0.1383858621120453,1.2630000114440918,-0.04620787128806114,-0.16941773891448975,1.2655000686645508,-0.10251764208078384,-0.16963909566402435,1.2519999742507935,0.10321075469255447,-0.036259301006793976,1.4325000047683716,-0.17516331374645233,-0.04599377140402794,1.3765000104904175,0.15759257972240448,0.18603424727916718,1.6085000038146973,-0.263324111700058,0.1131473258137703,1.2170000076293945,0.20670054852962494,0.4407234191894531,1.784999966621399,-0.3658745288848877,0.2260119616985321,1.0380001068115234
-0.08033040910959244,-0.1313040405511856,1.253999948501587,-0.045879244804382324,-0.1621050238609314,1.256500005722046,-0.10408704727888107,-0.16283464431762695,1.246500015258789,0.10497937351465225,-0.03376048803329468,1.4249999523162842,-0.17344540357589722,-0.038917142897844315,1.3629999160766602,0.15705370903015137,0.198385089635849,1.6029999256134033,-0.25662761926651,0.12078341841697693,1.1949999332427979,0.19508376717567444,0.4569753110408783,1.7584999799728394,-0.3578186333179474,0.2314855456352234,1.0104999542236328
-0.08127860724925995,-0.12356087565422058,1.2374999523162842,-0.04969276115298271,-0.15519019961357117,1.25,-0.10517044365406036,-0.15539193153381348,1.2355000972747803,0.10205797106027603,-0.03126391023397446,1.4165000915527344,-0.17346307635307312,-0.027526918798685074,1.3459999561309814,0.15114839375019073,0.2077978551387787,1.5954999923706055,-0.2582639157772064,0.13029608130455017,1.1759999990463257,0.1979331523180008,0.4740714132785797,1.7584999799728394,-0.358210951089859,0.24210549890995026,1.0069999694824219
-0.08456528931856155,-0.11654803901910782,1.2269999980926514,-0.051614753901958466,-0.15083707869052887,1.247499942779541,-0.10837902873754501,-0.14829793572425842,1.2265000343322754,0.10115735232830048,-0.02643812634050846,1.4040000438690186,-0.17159444093704224,-0.020757965743541718,1.3315000534057617,0.15015368163585663,0.22183971107006073,1.5850000381469727,-0.25277361273765564,0.1387161910533905,1.1510000228881836,0.1886269450187683,0.4875420331954956,1.7254999876022339,-0.36370640993118286,0.2563583254814148,0.9864999651908875
-0.09590443968772888,-0.10595567524433136,1.2195000648498535,-0.06338533759117126,-0.13994058966636658,1.2404999732971191,-0.11956747621297836,-0.13949038088321686,1.2190001010894775,0.08933491259813309,-0.014988292939960957,1.3969999551773071,-0.17920923233032227,-0.0034784842282533646,1.3240000009536743,0.13913056254386902,0.24619457125663757,1.5764999389648438,-0.2590330243110657,0.154426708817482,1.1295000314712524,0.16246911883354187,0.5290371179580688,1.7149999141693115,-0.36330488324165344,0.2716679573059082,0.9559999704360962
-0.10709774494171143,-0.10137635469436646,1.2120000123977661,-0.0725475326180458,-0.13626272976398468,1.2254999876022339,-0.13007105886936188,-0.13415013253688812,1.2065000534057617,0.08453448861837387,-0.008171075023710728,1.3924999237060547,-0.18821440637111664,-0.0013210816541686654,1.312000036239624,0.12325403839349747,0.2425583004951477,1.5694999694824219,-0.26013505458831787,0.16198447346687317,1.118499994277954,0.1504710465669632,0.5397657155990601,1.7049999237060547,-0.36788633465766907,0.28082922101020813,0.9399999976158142
-0.11609705537557602,-0.09871531277894974,1.2035000324249268,-0.08346255868673325,-0.128763809800148,1.2109999656677246,-0.14021404087543488,-0.1287829577922821,1.1929999589920044,0.07512960582971573,-0.01037496980279684,1.3854999542236328,-0.19244147837162018,0.007103041745722294,1.2975000143051147,0.11510896682739258,0.2516035735607147,1.5625,-0.2685529887676239,0.17015400528907776,1.1010000705718994,0.12370159476995468,0.5387733578681946,1.6430000066757202,-0.37461280822753906,0.28730469942092896,0.9264999628067017
-0.1264701932668686,-0.09383038431406021,1.190999984741211,-0.09409566223621368,-0.12528333067893982,1.1965000629425049,-0.15053991973400116,-0.12386976182460785,1.1829999685287476,0.06576772779226303,-0.008083057589828968,1.377500057220459,-0.20260624587535858,0.015327252447605133,1.2820000648498535,0.11192873120307922,0.2577058672904968,1.5534999370574951,-0.2787148654460907,0.1817457526922226,1.0850000381469727,0.10382697731256485,0.5243936777114868,1.5835000276565552,-0.3743140697479248,0.29091504216194153,0.9004999995231628
-0.13856860995292664,-0.08715387433767319,1.1790000200271606,-0.10444679856300354,-0.11993458122015,1.181999921798706,-0.16094531118869781,-0.11922431737184525,1.1749999523162842,0.06286690384149551,-0.0035809469409286976,1.3629999160766602,-0.21050050854682922,0.0233597569167614,1.2669999599456787,0.1067352369427681,0.2587690055370331,1.5155000686645508,-0.28446444869041443,0.19083288311958313,1.0670000314712524,0.07889921218156815,0.5174868106842041,1.5475000143051147,-0.38039880990982056,0.2983205020427704,0.8709999918937683
