0.002477983944118023,-0.004432355985045433,1.0434999465942383,0.028000468388199806,-0.03336699306964874,1.0494999885559082,-0.025171130895614624,-0.03017289750277996,1.0,0.20356251299381256,-0.014572110027074814,1.1799999475479126,-0.0794307217001915,-0.0217022355645895,1.152500033378601,0.27389004826545715,0.22658532857894897,1.2120000123977661,-0.16250889003276825,0.17649203538894653,1.2610000371932983,0.11696948111057281,0.1913694441318512,1.0700000524520874,-0.07887203246355057,0.172459676861763,1.093000054359436
0.002483920892700553,-0.006137842312455177,1.0460000038146973,0.028000468388199806,-0.0384686104953289,1.0494999885559082,-0.025171130895614624,-0.033413562923669815,1.0,0.2016505002975464,-0.016484100371599197,1.1799999475479126,-0.08105035126209259,-0.024050265550613403,1.1759999990463257,0.27389004826545715,0.22854916751384735,1.2120000123977661,-0.16238000988960266,0.17635206878185272,1.2599999904632568,0.11350195109844208,0.18963567912578583,1.0700000524520874,-0.08079063147306442,0.1727752536535263,1.0950000286102295
0.002483920892700553,-0.00952757615596056,1.0460000038146973,0.029715165495872498,-0.04018828272819519,1.0499999523162842,-0.026791471987962723,-0.03665422648191452,1.0,0.20182138681411743,-0.01649807207286358,1.180999994277954,-0.08330857753753662,-0.024152521044015884,1.180999994277954,0.27434200048446655,0.22892630100250244,1.2139999866485596,-0.16238000988960266,0.17431046068668365,1.2599999904632568,0.11350195109844208,0.19310317933559418,1.0700000524520874,-0.08279111236333847,0.17324860394001007,1.0980000495910645
0.004178798757493496,-0.011222444474697113,1.0460000038146973,0.03144644573330879,-0.04363249987363815,1.0509999990463257,-0.023550787940621376,-0.038274556398391724,1.0,0.20233406126499176,-0.016539979726076126,1.184000015258789,-0.08558300137519836,-0.022333059459924698,1.1859999895095825,0.2704078257083893,0.22302506864070892,1.2139999866485596,-0.16238000988960266,0.1722688376903534,1.2599999904632568,0.11523570865392685,0.19310317933559418,1.0700000524520874,-0.08101197332143784,0.17324860394001007,1.0980000495910645
0.002483920892700553,-0.014612178318202496,1.0460000038146973,0.03144644573330879,-0.04533546790480614,1.0509999990463257,-0.02358611486852169,-0.04157749563455582,1.0015000104904175,0.20318852365016937,-0.012756679207086563,1.1890000104904175,-0.0799524262547493,-0.022370720282197,1.187999963760376,0.2723749279975891,0.22302506864070892,1.2139999866485596,-0.16263774037361145,0.17049740254878998,1.2619999647140503,0.11366106569766998,0.19684627652168274,1.0715000629425049,-0.08464726060628891,0.17162564396858215,1.0989999771118164
0.002483920892700553,-0.018001912161707878,1.0460000038146973,0.031461410224437714,-0.04876459762454033,1.0515000820159912,-0.02525923028588295,-0.04653853178024292,1.003499984741211,0.20335941016674042,-0.012767408974468708,1.190000057220459,-0.07417752593755722,-0.022370720282197,1.187999963760376,0.2723749279975891,0.2210579812526703,1.2139999866485596,-0.16507411003112793,0.1688529998064041,1.2649999856948853,0.11942432075738907,0.20299765467643738,1.0764999389648438,-0.08642801642417908,0.17340637743473053,1.0989999771118164
0.004172806162387133,-0.024745844304561615,1.0444999933242798,0.033212509006261826,-0.0522465743124485,1.0529999732971191,-0.02201816812157631,-0.0498153455555439,1.003999948501587,0.20353029668331146,-0.010848320089280605,1.190999984741211,-0.07802746444940567,-0.022370720282197,1.187999963760376,0.2706305980682373,0.21730268001556396,1.215000033378601,-0.1652698516845703,0.16700106859207153,1.2664999961853027,0.11609727144241333,0.20153380930423737,1.0779999494552612,-0.08476279675960541,0.17185989022254944,1.1004999876022339
0.01091640442609787,-0.029751775786280632,1.0420000553131104,0.03840397298336029,-0.05918361619114876,1.0550000667572021,-0.01716330088675022,-0.05314825847744942,1.0054999589920044,0.20193903148174286,-0.010866538621485233,1.193000078201294,-0.08001972734928131,-0.02046297676861286,1.1890000104904175,0.2706305980682373,0.2153339684009552,1.215000033378601,-0.1655960977077484,0.1714431196451187,1.2690000534057617,0.11498701572418213,0.20441195368766785,1.0839999914169312,-0.08316811174154282,0.17225030064582825,1.1029999256134033
0.029460465535521507,-0.04153057932853699,1.0410000085830688,0.057153817266225815,-0.07620581239461899,1.0540000200271606,-0.002500015776604414,-0.0661822110414505,1.0054999589920044,0.1980728805065155,-0.008933482691645622,1.193000078201294,-0.0839434489607811,-0.018551994115114212,1.190000057220459,0.26888298988342285,0.20960023999214172,1.2160000801086426,-0.16585706174373627,0.16759443283081055,1.2709999084472656,0.116958849132061,0.2065487802028656,1.0859999656677246,-0.085764080286026,0.17749851942062378,1.1134999990463257
0.046239223331213,-0.049868419766426086,1.0390000343322754,0.07068216800689697,-0.08628875017166138,1.0520000457763672,0.010534015484154224,-0.07595767825841904,1.0054999589920044,0.1980728805065155,-0.007000426761806011,1.193000078201294,-0.08980347216129303,-0.016637766733765602,1.190999984741211,0.26691266894340515,0.20762990415096283,1.2160000801086426,-0.16791650652885437,0.16553498804569244,1.2709999084472656,0.12013967335224152,0.20902128517627716,1.0989999771118164,-0.09244602173566818,0.17996931076049805,1.128999948501587
0.0629531517624855,-0.05817384272813797,1.0369999408721924,0.08789495378732681,-0.09669976681470871,1.0540000200271606,0.02523489110171795,-0.08259768784046173,1.0069999694824219,0.19404396414756775,-0.00892599392682314,1.1920000314712524,-0.08794742077589035,-0.01858317293226719,1.1920000314712524,0.2641613781452179,0.20263129472732544,1.2214999198913574,-0.17031030356884003,0.1658605933189392,1.2734999656677246,0.12336261570453644,0.21149377524852753,1.1119999885559082,-0.08965235948562622,0.1872643083333969,1.1399999856948853
0.07941000908613205,-0.06294038146734238,1.0325000286102295,0.10179855674505234,-0.10377665609121323,1.05649995803833,0.04155173525214195,-0.08749271184206009,1.0069999694824219,0.19227369129657745,-0.0050673708319664,1.193000078201294,-0.08995427936315536,-0.01473265141248703,1.193000078201294,0.2604159414768219,0.19487378001213074,1.2225000858306885,-0.16903948783874512,0.16871525347232819,1.2795000076293945,0.12827931344509125,0.21368099749088287,1.1234999895095825,-0.0845903679728508,0.19204746186733246,1.1464999914169312
0.09446704387664795,-0.06963235139846802,1.0325000286102295,0.11222903430461884,-0.11078125238418579,1.058000087738037,0.057897310703992844,-0.0940660834312439,1.0074999332427979,0.1880916804075241,-0.008918505162000656,1.190999984741211,-0.09405633062124252,-0.01476969849318266,1.1959999799728394,0.25447332859039307,0.18893121182918549,1.2225000858306885,-0.17171452939510345,0.1693086326122284,1.284000039100647,0.13183674216270447,0.2165338695049286,1.1384999752044678,-0.08499616384506226,0.1948353797197342,1.1519999504089355
0.10952407866716385,-0.07967031002044678,1.0325000286102295,0.12251496315002441,-0.11592419445514679,1.058000087738037,0.0726257935166359,-0.09901265799999237,1.0080000162124634,0.1861618608236313,-0.008918505162000656,1.190999984741211,-0.09211839735507965,-0.008955946192145348,1.1959999799728394,0.25631338357925415,0.1877686083316803,1.2409999370574951,-0.17171452939510345,0.1693086326122284,1.284000039100647,0.13467957079410553,0.2181505262851715,1.1470000743865967,-0.0823562815785408,0.1993485987186432,1.1675000190734863
0.11956208944320679,-0.0830162987112999,1.0325000286102295,0.12955565750598907,-0.11952201277017593,1.059499979019165,0.08414232730865479,-0.10238071531057358,1.0090000629425049,0.18423202633857727,-0.008918505162000656,1.190999984741211,-0.09591399878263474,-0.00894845835864544,1.1949999332427979,0.252902626991272,0.18567176163196564,1.253999948501587,-0.17587557435035706,0.1693086326122284,1.284000039100647,0.13766896724700928,0.21995733678340912,1.156499981880188,-0.08132603764533997,0.20530696213245392,1.1800000667572021
0.13127312064170837,-0.08803527057170868,1.0325000286102295,0.13820461928844452,-0.12301351875066757,1.059999942779541,0.09789620339870453,-0.10638350993394852,1.0160000324249268,0.18454140424728394,-0.007000426761806011,1.193000078201294,-0.09785030037164688,-0.007012161426246166,1.1949999332427979,0.2517710030078888,0.18633805215358734,1.2584999799728394,-0.17795607447624207,0.1693086326122284,1.284000039100647,0.14270076155662537,0.21817252039909363,1.1670000553131104,-0.08337912708520889,0.2075701504945755,1.1820000410079956
0.1402467042207718,-0.09009924530982971,1.0369999408721924,0.1433572918176651,-0.12473107129335403,1.059999942779541,0.10711988061666489,-0.10737823694944382,1.0255000591278076,0.18469609320163727,-0.00894097052514553,1.194000005722046,-0.09785030037164688,-0.007012161426246166,1.1949999332427979,0.2527083456516266,0.1844320297241211,1.2734999656677246,-0.18419763445854187,0.1672281175851822,1.284000039100647,0.14736129343509674,0.21757890284061432,1.1740000247955322,-0.07954862713813782,0.21331585943698883,1.1820000410079956
0.14888116717338562,-0.09297433495521545,1.0504999160766602,0.14713864028453827,-0.12846845388412476,1.0625,0.11432119458913803,-0.11124126613140106,1.0304999351501465,0.18276140093803406,-0.010875646024942398,1.194000005722046,-0.09776842594146729,-0.00894097052514553,1.194000005722046,0.2508260905742645,0.18193326890468597,1.2850000858306885,-0.18821197748184204,0.16917677223682404,1.2829999923706055,0.15155214071273804,0.21813489496707916,1.1770000457763672,-0.07763338834047318,0.21714633703231812,1.1820000410079956
0.2929738163948059,-0.18214298784732819,2.0209999084472656,0.2911013066768646,-0.24835218489170074,2.053999900817871,0.12019897997379303,-0.11373279988765717,1.0379999876022339,0.18306753039360046,-0.010893863625824451,1.1959999799728394,-0.09735900908708572,-0.00890352949500084,1.1890000104904175,0.25106683373451233,0.1815306544303894,1.2969999313354492,-0.1922198235988617,0.17319943010807037,1.281999945640564,0.15180963277816772,0.2204159051179886,1.178999900817871,-0.07188765704631805,0.21906155347824097,1.1820000410079956
0.45010000467300415,-0.273710161447525,3.0369999408721924,0.4420700967311859,-0.36377838253974915,3.049499988555908,0.12596867978572845,-0.11269858479499817,1.0440000295639038,0.18352673947811127,-0.010921189561486244,1.1990000009536743,-0.10112705081701279,-0.003121177665889263,1.187999963760376,0.25318828225135803,0.1824726164340973,1.319000005722046,-0.1979098618030548,0.172726571559906,1.278499960899353,0.1543719619512558,0.22135068476200104,1.184000015258789,-0.06603001058101654,0.220602884888649,1.1800000667572021
