0.19025364518165588,0.09303949028253555,0.9509999752044678,0.2034880369901657,0.07338517904281616,0.8815000057220459,0.16109368205070496,0.06929618120193481,0.8840000033378601,0.33431562781333923,0.0347437858581543,1.1064999103546143,0.054695986211299896,-0.019068948924541473,1.1080000400543213,0.3413180708885193,0.21022602915763855,1.2430000305175781,-0.12584327161312103,0.14232245087623596,1.1500000953674316,0.2682153284549713,0.3389895558357239,1.122499942779541,0.053228288888931274,0.20025235414505005,1.0440000295639038
0.18504522740840912,0.09428206831216812,0.9479999542236328,0.1977747082710266,0.07338517904281616,0.8815000057220459,0.14820222556591034,0.0678638145327568,0.8840000033378601,0.32069534063339233,0.043807025998830795,1.1089999675750732,0.04571928828954697,-0.01188763789832592,1.1080000400543213,0.3292335569858551,0.20619790256023407,1.2430000305175781,-0.13469010591506958,0.1455412060022354,1.1460000276565552,0.2596614956855774,0.333708792924881,1.1170001029968262,0.04481298476457596,0.20383065938949585,1.0450000762939453
0.16860158741474152,0.08981483429670334,0.9334999918937683,0.1855490654706955,0.07363492995500565,0.8845000267028809,0.1411200910806656,0.06646900624036789,0.8845000267028809,0.31075194478034973,0.04212372377514839,1.1119999885559082,0.03497879579663277,-0.013695313595235348,1.1089999675750732,0.31312087178230286,0.21022602915763855,1.2430000305175781,-0.14538617432117462,0.15065038204193115,1.1424999237060547,0.2451821118593216,0.3246592581272125,1.1170001029968262,0.03646843135356903,0.2045133411884308,1.0485000610351562
0.15781715512275696,0.08885270357131958,0.9235000014305115,0.1776501089334488,0.07392630726099014,0.8880000114440918,0.12972784042358398,0.06650657951831818,0.8849999904632568,0.2931286096572876,0.03676782548427582,1.1134999990463257,0.02060312032699585,-0.011898365803062916,1.1089999675750732,0.2998642325401306,0.20879822969436646,1.246500015258789,-0.1564936339855194,0.15250161290168762,1.1424999237060547,0.23432257771492004,0.3210394084453583,1.1170001029968262,0.028040489181876183,0.20500096678733826,1.0509999990463257
0.14702335000038147,0.08866027742624283,0.9214999675750732,0.1649785339832306,0.07260989397764206,0.8895000219345093,0.12119225412607193,0.06797896325588226,0.8854999542236328,0.2823030948638916,0.02774662710726261,1.1134999990463257,0.004426490515470505,-0.013682965189218521,1.1080000400543213,0.28652822971343994,0.20128285884857178,1.25,-0.16723434627056122,0.1521679311990738,1.1399999856948853,0.21984320878982544,0.3101799488067627,1.1170001029968262,0.014437227509915829,0.20529355108737946,1.0525000095367432
0.13507819175720215,0.08866027742624283,0.9214999675750732,0.1565065085887909,0.0712486132979393,0.8904999494552612,0.10546883195638657,0.06371050328016281,0.8859999775886536,0.2679893672466278,0.029564134776592255,1.1139999628067017,-0.009936222806572914,-0.019068948924541473,1.1080000400543213,0.2705410420894623,0.2034708857536316,1.250999927520752,-0.1798485964536667,0.1537448912858963,1.1380000114440918,0.2089836746454239,0.31922951340675354,1.1170001029968262,0.005910176318138838,0.20529355108737946,1.0525000095367432
0.1125587448477745,0.08558103442192078,0.9205000400543213,0.13516569137573242,0.07140863686800003,0.8924999833106995,0.08537010848522186,0.06227489188313484,0.8859999775886536,0.24091345071792603,0.024148987606167793,1.1139999628067017,-0.03503931686282158,-0.02084544487297535,1.1069999933242798,0.24477501213550568,0.20395883917808533,1.253999948501587,-0.20179851353168488,0.15545213222503662,1.1370000839233398,0.18860578536987305,0.31422433257102966,1.125,-0.007744125090539455,0.20387829840183258,1.0540000200271606
0.11225304007530212,0.08534859865903854,0.9179999828338623,0.13546860218048096,0.07156866043806076,0.8945000171661377,0.08541829138994217,0.06231003627181053,0.8865000009536743,0.24091345071792603,0.024148987606167793,1.1139999628067017,-0.03503931686282158,-0.02084544487297535,1.1069999933242798,0.24516542255878448,0.20428414642810822,1.25600004196167,-0.2012660652399063,0.15504196286201477,1.1340000629425049,0.19044990837574005,0.31729674339294434,1.1359999179840088,-0.007751472759991884,0.20407173037528992,1.0550000667572021
0.09706006944179535,0.0850696787238121,0.9149999618530273,0.1195252314209938,0.07011926919221878,0.8945000171661377,0.07405191659927368,0.0667320266366005,0.8880000114440918,0.2234630137681961,0.024214019998908043,1.1169999837875366,-0.05295257270336151,-0.0154573367908597,1.1064999103546143,0.22481392323970795,0.20428414642810822,1.25600004196167,-0.21529921889305115,0.16555413603782654,1.1304999589920044,0.1781902015209198,0.29624783992767334,1.1399999856948853,-0.02319144830107689,0.20455530285835266,1.0575000047683716
0.0883571058511734,0.08525563031435013,0.9169999957084656,0.11227826029062271,0.0686698853969574,0.8945000171661377,0.0641239583492279,0.06255604326725006,0.8899999856948853,0.2167072594165802,0.024268213659524918,1.119499921798706,-0.056461747735738754,-0.015436383895576,1.1050000190734863,0.21260303258895874,0.19410845637321472,1.25600004196167,-0.21847860515117645,0.16701576113700867,1.128000020980835,0.16947294771671295,0.2990102171897888,1.1434999704360962,-0.028439149260520935,0.20704904198646545,1.061500072479248
0.08538538962602615,0.08525563031435013,0.9169999957084656,0.10962402075529099,0.07027605175971985,0.8964999914169312,0.06415998190641403,0.06691989302635193,0.8904999494552612,0.2106674760580063,0.020760130137205124,1.125999927520752,-0.06893265247344971,-0.019000105559825897,1.1039999723434448,0.20486941933631897,0.19449482858181,1.258500099182129,-0.22701197862625122,0.16657157242298126,1.125,0.16627462208271027,0.29620838165283203,1.1470000743865967,-0.03369408845901489,0.2093590497970581,1.064500093460083
0.07926870882511139,0.08358708024024963,0.9149999618530273,0.10236083716154099,0.0688234195113182,0.8964999914169312,0.054059579968452454,0.06259118765592575,0.8904999494552612,0.20373068749904633,0.02445247583091259,1.128000020980835,-0.07429922372102737,-0.020788952708244324,1.1039999723434448,0.20118986070156097,0.20101089775562286,1.2610000371932983,-0.23175735771656036,0.16787055134773254,1.121500015258789,0.1631244570016861,0.29724135994911194,1.1510000228881836,-0.04063163697719574,0.21300862729549408,1.065500020980835
0.07337833940982819,0.08511617034673691,0.9155000448226929,0.09816690534353256,0.0703936368227005,0.8980000019073486,0.04828792065382004,0.06259118765592575,0.8904999494552612,0.19641971588134766,0.02445247583091259,1.128000020980835,-0.08145465701818466,-0.02257779985666275,1.1039999723434448,0.19490541517734528,0.20085148513317108,1.2599999904632568,-0.2372089922428131,0.16605333983898163,1.121500015258789,0.16126394271850586,0.29884082078933716,1.1644999980926514,-0.04435352236032486,0.216045081615448,1.0720000267028809
0.06588917225599289,0.08354140818119049,0.9144999980926514,0.08943650126457214,0.07184869050979614,0.8980000019073486,0.04398386552929878,0.06262633204460144,0.890999972820282,0.1891087293624878,0.02445247583091259,1.128000020980835,-0.08852982521057129,-0.017195669934153557,1.1029999256134033,0.18840594589710236,0.19026513397693634,1.2574999332427979,-0.24447785317897797,0.16605333983898163,1.121500015258789,0.16136157512664795,0.30065152049064636,1.1790000200271606,-0.04805060848593712,0.22054293751716614,1.0770000219345093
0.06141016632318497,0.08201474696397781,0.9139999747276306,0.08502393215894699,0.07035443931818008,0.8975000381469727,0.03827328607439995,0.06128561124205589,0.8924999833106995,0.1861930638551712,0.026385050266981125,1.1324999332427979,-0.09023518115282059,-0.01896568574011326,1.1019999980926514,0.18229320645332336,0.19434025883674622,1.2574999332427979,-0.24662448465824127,0.1626361757516861,1.1230000257492065,0.15834252536296844,0.3041016161441803,1.184999942779541,-0.05343436077237129,0.22465716302394867,1.0799999237060547
0.06430172920227051,0.08340437710285187,0.9129999876022339,0.08502393215894699,0.0689001977443695,0.8975000381469727,0.03833761438727379,0.0642857700586319,0.8939999938011169,0.1861930638551712,0.024550024420022964,1.1324999332427979,-0.0901532992720604,-0.020732462406158447,1.1010000705718994,0.1787140965461731,0.1907946914434433,1.2609999179840088,-0.24662448465824127,0.1626361757516861,1.1230000257492065,0.15887703001499176,0.3032015860080719,1.1890000104904175,-0.05546536296606064,0.2275601476430893,1.0855000019073486
0.0628911629319191,0.08349572867155075,0.9139999747276306,0.08657453954219818,0.07043282687664032,0.8984999656677246,0.03827328607439995,0.06128561124205589,0.8924999833106995,0.18357059359550476,0.024690929800271988,1.1389999389648438,-0.08824890851974487,-0.022485770285129547,1.0994999408721924,0.17899754643440247,0.1890508383512497,1.2630000114440918,-0.24320156872272491,0.16095976531505585,1.124000072479248,0.15927790105342865,0.30396661162376404,1.1920000314712524,-0.06093785911798477,0.23005840182304382,1.0889999866485596
0.06141016632318497,0.08201474696397781,0.9139999747276306,0.08526076376438141,0.06909210979938507,0.8999999761581421,0.03833761438727379,0.061388611793518066,0.8939999938011169,0.18960537016391754,0.021055122837424278,1.1419999599456787,-0.08982576429843903,-0.022434644401073456,1.097000002861023,0.18104404211044312,0.19723676145076752,1.2630000114440918,-0.23977217078208923,0.16110296547412872,1.125,0.1576104611158371,0.30060723423957825,1.194000005722046,-0.0628463551402092,0.23058654367923737,1.0915000438690186
0.0614437609910965,0.08205961436033249,0.9144999980926514,0.08535550534725189,0.06770896166563034,0.9010000228881836,0.03833761438727379,0.061388611793518066,0.8939999938011169,0.18413467705249786,0.024766800925135612,1.1424999237060547,-0.08966200053691864,-0.020619478076696396,1.0950000286102295,0.17709113657474518,0.19534480571746826,1.2639999389648438,-0.23977217078208923,0.1629258245229721,1.125,0.16147981584072113,0.30447661876678467,1.194000005722046,-0.06482215970754623,0.23487448692321777,1.0950000286102295
0.06292556971311569,0.08354140818119049,0.9144999980926514,0.08681543171405792,0.06916888803243637,0.9010000228881836,0.038359057158231735,0.06142294779419899,0.8945000171661377,0.1862301230430603,0.02294565923511982,1.1440000534057617,-0.09143627434968948,-0.022393744438886642,1.0950000286102295,0.17723125219345093,0.19549936056137085,1.2649999856948853,-0.23816077411174774,0.16307063400745392,1.125999927520752,0.16728389263153076,0.3083459436893463,1.194000005722046,-0.06499975174665451,0.23907622694969177,1.0980000495910645
