-0.07615821063518524,-0.33915942907333374,1.7070000171661377,-0.054347340017557144,-0.37174955010414124,1.7170000076293945,-0.10736345499753952,-0.36287257075309753,1.6759999990463257,0.022100739181041718,-0.22090528905391693,1.8270000219345093,-0.22999458014965057,-0.2359531968832016,1.7625000476837158,0.05539755895733833,0.020231548696756363,1.9574999809265137,-0.3280560374259949,-0.22281432151794434,1.5875000953674316,0.05062013864517212,0.27945008873939514,2.0199999809265137,-0.3653309941291809,-0.32984381914138794,1.468500018119812
-0.08445598185062408,-0.3363935351371765,1.7070000171661377,-0.06269372254610062,-0.3689674139022827,1.7170000076293945,-0.1152348443865776,-0.3592973053455353,1.6719999313354492,0.010219971649348736,-0.22005890309810638,1.8199999332427979,-0.23483699560165405,-0.23792831599712372,1.75600004196167,0.04582350328564644,0.02020571008324623,1.9550000429153442,-0.30844390392303467,-0.20545628666877747,1.5534999370574951,0.03362724557518959,0.26790520548820496,1.9830000400543213,-0.31234320998191833,-0.31492239236831665,1.465499997138977
-0.08998782187700272,-0.3336276113986969,1.7070000171661377,-0.07104010879993439,-0.3689674139022827,1.7170000076293945,-0.12065327167510986,-0.3592973053455353,1.6719999313354492,0.0043112412095069885,-0.2253982424736023,1.815500020980835,-0.23902089893817902,-0.2392653226852417,1.744999885559082,0.03611584007740021,0.02009202167391777,1.944000005722046,-0.2981806993484497,-0.18115423619747162,1.5394999980926514,0.017216168344020844,0.26578620076179504,1.944000005722046,-0.25359436869621277,-0.2911803126335144,1.4420000314712524
-0.09540775418281555,-0.33047404885292053,1.7049999237060547,-0.07457464188337326,-0.37272799015045166,1.7344999313354492,-0.12592090666294098,-0.35616156458854675,1.6699999570846558,0.0013676242670044303,-0.22508785128593445,1.812999963760376,-0.243133544921875,-0.22370879352092743,1.7339999675750732,0.03586503490805626,0.016824442893266678,1.9305000305175781,-0.2912871837615967,-0.16510774195194244,1.5295000076293945,0.01088820118457079,0.2619607746601105,1.9390000104904175,-0.1904972642660141,-0.2586248815059662,1.496999979019165
-0.09805528074502945,-0.3411240875720978,1.7029999494552612,-0.08100473135709763,-0.3793274164199829,1.7519999742507935,-0.13117556273937225,-0.36114048957824707,1.6679999828338623,-0.004501520190387964,-0.21891023218631744,1.810499906539917,-0.25378546118736267,-0.22599594295024872,1.7300000190734863,0.03571641072630882,0.016754722222685814,1.9225000143051147,-0.2808220386505127,-0.15241670608520508,1.5264999866485596,0.026521975174546242,0.25808483362197876,1.933500051498413,-0.15944887697696686,-0.21956810355186462,1.4789999723434448
-0.10369580239057541,-0.33047404885292053,1.7049999237060547,-0.09801246970891953,-0.42248865962028503,1.9809999465942383,-0.13641725480556488,-0.34990957379341125,1.6660000085830688,-0.016213618218898773,-0.2332557737827301,1.8079999685287476,-0.25599536299705505,-0.22827008366584778,1.7260000705718994,0.038669928908348083,-0.0019277521641924977,1.9144999980926514,-0.267839252948761,-0.1421961933374405,1.5230000019073486,0.07038301229476929,0.2424202710390091,1.933500051498413,-0.12487659603357315,-0.18213121592998505,1.4670000076293945
-0.10633361339569092,-0.3273269832134247,1.7029999494552612,-0.10260197520256042,-0.4249933660030365,2.007999897003174,-0.13878272473812103,-0.3490694463253021,1.6619999408721924,-0.01326934527605772,-0.2125135064125061,1.805999994277954,-0.2668725848197937,-0.2224186658859253,1.7239999771118164,0.06348709017038345,-0.0019277521641924977,1.9144999980926514,-0.25491321086883545,-0.12709683179855347,1.5195000171661377,0.12050992250442505,0.22675569355487823,1.933500051498413,-0.1015433520078659,-0.12740273773670197,1.4394999742507935
-0.10922116786241531,-0.3277113735675812,1.7049999237060547,-0.10698904097080231,-0.4295438528060913,2.0295000076293945,-0.14079473912715912,-0.34738922119140625,1.6540000438690186,-0.016213618218898773,-0.2215375304222107,1.8079999685287476,-0.2742152214050293,-0.21879714727401733,1.7174999713897705,0.08520210534334183,-0.017438380047678947,1.9144999980926514,-0.23956909775733948,-0.09876321256160736,1.500499963760376,0.18630148470401764,0.21109113097190857,1.933500051498413,-0.08270061016082764,-0.07869833707809448,1.2910000085830688
-0.10711409896612167,-0.3297295570373535,1.715499997138977,-0.10370055586099625,-0.4295438528060913,2.0295000076293945,-0.13765543699264526,-0.3462340235710144,1.6484999656677246,-0.010368778370320797,-0.21891023218631744,1.810499906539917,-0.2718203365802765,-0.2086104303598404,1.7024999856948853,0.11966849863529205,-0.023710552603006363,1.9199999570846558,-0.22554141283035278,-0.06757014989852905,1.4570000171661377,0.24582718312740326,0.17976200580596924,1.933500051498413,-0.08029655367136002,-0.04296984151005745,1.2860000133514404
-0.10711409896612167,-0.3297295570373535,1.715499997138977,-0.1238638237118721,-0.5298659801483154,2.503499984741211,-0.13498428463935852,-0.3462340235710144,1.6484999656677246,-0.010368778370320797,-0.21891023218631744,1.810499906539917,-0.27562716603279114,-0.20184063911437988,1.6920000314712524,0.1359632909297943,-0.05199267715215683,1.9305000305175781,-0.21827886998653412,-0.05223226919770241,1.4249999523162842,0.4028468132019043,0.16110475361347198,2.6600000858306885,-0.08439839631319046,0.002870358759537339,1.2850000858306885
-0.10155471414327621,-0.33250924944877625,1.715499997138977,-0.13449907302856445,-0.5948426127433777,2.810500144958496,-0.13486146926879883,-0.34858769178390503,1.6469999551773071,-0.013284039683640003,-0.2215375304222107,1.8079999685287476,-0.2728855609893799,-0.19635744392871857,1.6920000314712524,0.20120392739772797,-0.08136621862649918,2.322499990463257,-0.22289684414863586,-0.026833565905690193,1.4249999523162842,0.5416229963302612,0.10599116235971451,2.797999858856201,-0.10089822858572006,0.050680264830589294,1.2829999923706055
-0.09588339924812317,-0.3321216106414795,1.7135000228881836,-0.13100850582122803,-0.6043016910552979,2.8334999084472656,-0.12952406704425812,-0.34858769178390503,1.6469999551773071,-0.0015639938646927476,-0.2154398262500763,1.805999994277954,-0.268866628408432,-0.18724311888217926,1.684000015258789,0.2959102988243103,-0.14277257025241852,2.877500057220459,-0.2205878496170044,-0.015288702212274075,1.4249999523162842,0.6242809891700745,0.02161411941051483,3.0464999675750732,-0.11129271984100342,0.10473129898309708,1.2829999923706055
-0.09098944813013077,-0.33454445004463196,1.7260000705718994,-0.11771060526371002,-0.6067543029785156,2.8450000286102295,-0.12151794880628586,-0.3512563705444336,1.6469999551773071,0.004288681782782078,-0.2154398262500763,1.805999994277954,-0.2645576000213623,-0.17799390852451324,1.6740000247955322,0.3965528607368469,-0.205293208360672,3.11899995803833,-0.22289684414863586,0.012418974190950394,1.4249999523162842,0.939352810382843,-0.058187827467918396,3.38100004196167,-0.12812332808971405,0.15278348326683044,1.2850000858306885
-0.07446715980768204,-0.3329009711742401,1.7319999933242798,-0.09005136042833328,-0.5975346565246582,2.8450000286102295,-0.10537761449813843,-0.3481643795967102,1.6449999809265137,0.015994032844901085,-0.2125135064125061,1.805999994277954,-0.258513480424881,-0.16945073008537292,1.6699999570846558,0.4486822783946991,-0.28343677520751953,3.2024998664855957,-0.21827886998653412,0.04936254397034645,1.4249999523162842,0.9635408520698547,-0.283469021320343,3.3889999389648438,-0.1510268747806549,0.22565791010856628,1.2850000858306885
-0.06324142962694168,-0.3329009711742401,1.7319999933242798,-0.07622174173593521,-0.5975346565246582,2.8450000286102295,-0.09738122671842575,-0.3454989492893219,1.6449999809265137,0.0218467079102993,-0.2125135064125061,1.805999994277954,-0.2558075189590454,-0.16674478352069855,1.6699999570846558,0.4694388806819916,-0.31457147002220154,3.2024998664855957,-0.21568503975868225,0.0708078145980835,1.438499927520752,0.9964888691902161,-0.3548559844493866,3.3889999389648438,-0.16143757104873657,0.25064343214035034,1.2850000858306885
-0.05756201222538948,-0.329713374376297,1.7300000190734863,-0.05789395421743393,-0.5940710306167603,2.8505001068115234,-0.08927616477012634,-0.3424166738986969,1.6430000066757202,0.02766871079802513,-0.20935510098934174,1.8040000200271606,-0.2476896047592163,-0.1613328605890274,1.6699999570846558,0.46424970030784607,-0.35608434677124023,3.2024998664855957,-0.21138256788253784,0.07969330996274948,1.4735000133514404,0.9909975528717041,-0.4097690284252167,3.3889999389648438,-0.16219136118888855,0.2580893039703369,1.2910000085830688
-0.04634924605488777,-0.32691022753715515,1.7300000190734863,-0.03957784175872803,-0.5918303728103638,2.861999988555908,-0.07587258517742157,-0.3393408954143524,1.6410000324249268,0.036437999457120895,-0.2064320147037506,1.8040000200271606,-0.23387932777404785,-0.15573422610759735,1.6679999828338623,0.48500633239746094,-0.3768408000469208,3.2024998664855957,-0.21346282958984375,0.0862741693854332,1.5049999952316284,0.9155269265174866,-0.437465637922287,3.0464999675750732,-0.1599658876657486,0.2634056806564331,1.306999921798706
-0.029350869357585907,-0.316567599773407,1.7195000648498535,-0.02102816477417946,-0.587192952632904,2.861999988555908,-0.06499812752008438,-0.3354509174823761,1.6349999904632568,0.042166996747255325,-0.20294488966464996,1.7990000247955322,-0.2225334644317627,-0.15266452729701996,1.6640000343322754,0.5005737543106079,-0.3975972533226013,3.2024998664855957,-0.20655082166194916,0.10231375694274902,1.5260000228881836,0.7483086585998535,-0.40564101934432983,2.4635000228881836,-0.15772610902786255,0.2769828736782074,1.3420000076293945
-0.017983805388212204,-0.31270140409469604,1.6985000371932983,0.002167982514947653,-0.5849981904029846,2.874000072479248,-0.051387835294008255,-0.3278302848339081,1.623500108718872,0.05002053081989288,-0.20225530862808228,1.7675000429153442,-0.21149395406246185,-0.14440207183361053,1.6619999408721924,0.389057457447052,-0.3106473684310913,2.438499927520752,-0.19908683001995087,0.10743007808923721,1.564500093460083,0.5838839411735535,-0.3365173041820526,1.9119999408721924,-0.1530342698097229,0.2952785789966583,1.4194999933242798
-0.0014622389571741223,-0.3081243932247162,1.688499927520752,0.030423453077673912,-0.5863991975784302,2.9040000438690186,-0.037846118211746216,-0.3244984745979309,1.6070001125335693,0.07130228728055954,-0.183735653758049,1.7280000448226929,-0.19802890717983246,-0.14440207183361053,1.6619999408721924,0.2730009853839874,-0.21691691875457764,1.6605000495910645,-0.19858045876026154,0.11141277849674225,1.622499942779541,0.48585742712020874,-0.30837786197662354,1.590999960899353,-0.15272071957588196,0.3264036476612091,1.5570000410079956
