0.21101926267147064,-0.5307286977767944,2.052000045776367,0.2680906355381012,-0.637722373008728,2.3480000495910645,0.17699015140533447,-0.5581939220428467,2.0429999828338623,0.18135952949523926,-0.38499414920806885,2.054999828338623,0.09307744354009628,-0.384182333946228,1.9495000839233398,0,0,0,0.041159115731716156,-0.3488951027393341,1.75600004196167,0,0,0,0.1068630963563919,-0.41652071475982666,1.590499997138977
0.2022201418876648,-0.537176787853241,2.064000129699707,0.24864350259304047,-0.6404339075088501,2.3439998626708984,0.17036943137645721,-0.5581939220428467,2.0429999828338623,0.16719520092010498,-0.4009419083595276,2.0859999656677246,0.09017226845026016,-0.39476943016052246,1.9550000429153442,0.16166476905345917,-0.19485531747341156,2.0169999599456787,0.02132050134241581,-0.347330778837204,1.7625000476837158,0.2957415282726288,-0.09767449647188187,2.7880001068115234,0.14399145543575287,-0.45882439613342285,1.7964999675750732
0.1854982078075409,-0.5405210852622986,2.064000129699707,0.22965307533740997,-0.6442320346832275,2.3439998626708984,0.1520911604166031,-0.5640681982040405,2.064499855041504,0.1655428558588028,-0.39492347836494446,2.1080000400543213,0.06174120306968689,-0.3984460234642029,1.9574999809265137,0.14966006577014923,-0.20283952355384827,2.0314998626708984,0.033124763518571854,-0.36003780364990234,1.7829999923706055,0.29122400283813477,-0.11122696101665497,2.7880001068115234,0.21554847061634064,-0.4828832745552063,1.9149999618530273
0.17652767896652222,-0.540429949760437,2.0764999389648438,0.2161172330379486,-0.6341498494148254,2.321000099182129,0.13975179195404053,-0.5683031678199768,2.0799999237060547,0.15893734991550446,-0.39890605211257935,2.1110000610351562,0.04911657050251961,-0.4053066372871399,1.9600000381469727,0.13064512610435486,-0.20398777723312378,2.0429999828338623,0.03930655121803284,-0.369611531496048,1.8015000820159912,0.27657589316368103,-0.11078810691833496,2.7769999504089355,0.24344739317893982,-0.44820696115493774,1.939500093460083
0.16719520092010498,-0.5395224690437317,2.0859999656677246,0.2089550942182541,-0.6314755082130432,2.325000047683716,0.13320302963256836,-0.5657476782798767,2.0829999446868896,0.1591632217168808,-0.39604756236076355,2.114000082015991,0.03323721885681152,-0.40848246216773987,1.9600000381469727,0.13536518812179565,-0.202789306640625,2.064499855041504,0.0659237802028656,-0.36569178104400635,1.8109999895095825,0.29122400283813477,-0.12026192992925644,2.7880001068115234,0.25385305285453796,-0.4108791649341583,1.971500039100647
0.16089659929275513,-0.5376845002174377,2.0920000076293945,0.20142051577568054,-0.6277082562446594,2.325000047683716,0.12721151113510132,-0.5657473802566528,2.0954999923706055,0.15991613268852234,-0.39103785157203674,2.124000072479248,0.03023005835711956,-0.40438759326934814,1.9709999561309814,0.14621850848197937,-0.21217525005340576,2.125,0.06424147635698318,-0.3699684143066406,1.847000002861023,0.29690834879875183,-0.10259518027305603,2.7990000247955322,0.2585528492927551,-0.40547165274620056,2.008000135421753
0.162357896566391,-0.5391473770141602,2.1110000610351562,0.20075614750385284,-0.6299097537994385,2.3615000247955322,0.12588413059711456,-0.568292498588562,2.130500078201294,0.15303291380405426,-0.39103785157203674,2.124000072479248,0.03697971999645233,-0.3922620415687561,1.9904999732971191,0.15613104403018951,-0.20934630930423737,2.1670000553131104,0.073040671646595,-0.3785659074783325,1.9210000038146973,0.31245577335357666,-0.10323663800954819,2.816500186920166,0.26267316937446594,-0.4185442626476288,2.0399999618530273
0.16345475614070892,-0.5474358201026917,2.1710000038146973,0.1969297230243683,-0.6260833740234375,2.3615000247955322,0.12392611801624298,-0.5682393312454224,2.1565001010894775,0.14728505909442902,-0.38713890314102173,2.140500068664551,0.03419532999396324,-0.4006531834602356,2.0164999961853027,0.15357056260108948,-0.20005108416080475,2.180500030517578,0.07505584508180618,-0.395407497882843,1.9739999771118164,0.32985106110572815,-0.10266682505607605,2.930500030517578,0.26597869396209717,-0.4482935667037964,2.0399999618530273
0.16782158613204956,-0.5512259006500244,2.2290000915527344,0.20247526466846466,-0.6397797465324402,2.427999973297119,0.1288384646177292,-0.5674970149993896,2.180500030517578,0.15409879386425018,-0.38509413599967957,2.188000202178955,0.05112132802605629,-0.39540591835975647,2.0399999618530273,0.16597697138786316,-0.19868095219135284,2.2044999599456787,0.09169435501098633,-0.41431790590286255,1.9879999160766602,0.3606296181678772,-0.09140879660844803,3.0295000076293945,0,0,0
0.16782158613204956,-0.5440024733543396,2.2290000915527344,0.1985410749912262,-0.6240430474281311,2.427999973297119,0.1344660073518753,-0.5657089352607727,2.2150001525878906,0.1538562774658203,-0.382673054933548,2.2360000610351562,0.048026781529188156,-0.390510231256485,2.0490000247955322,0.16782158613204956,-0.19005388021469116,2.2290000915527344,0.033907048404216766,-0.394035667181015,1.999500036239624,0.3861643970012665,-0.08285701274871826,3.0764999389648438,0.15359175205230713,-0.5077921152114868,2.0399999618530273
0.18917426466941833,-0.5315883159637451,2.2684998512268066,0.23038983345031738,-0.6339468359947205,2.563499927520752,0.1499980390071869,-0.5448566675186157,2.2325000762939453,0.16549907624721527,-0.36262956261634827,2.246500015258789,0.07137169688940048,-0.3711324632167816,2.052000045776367,0.18888239562511444,-0.1674330085515976,2.2649998664855957,0.00477549247443676,-0.3963019549846649,2.011000156402588,0.41237443685531616,-0.053764794021844864,3.124000072479248,0.06008037179708481,-0.5291094779968262,2.008000135421753
0.19599546492099762,-0.5327873826026917,2.305500030517578,0.2455510050058365,-0.628395140171051,2.5920000076293945,0.15747937560081482,-0.5420877933502197,2.2360000610351562,0.17870137095451355,-0.3675292134284973,2.323500156402588,0.07201514393091202,-0.37447839975357056,2.070499897003174,0.20621395111083984,-0.16589584946632385,2.2944998741149902,-0.0017540805274620652,-0.37618547677993774,2.0254998207092285,0.43456098437309265,-0.04383653402328491,3.138000011444092,0.0015022746520116925,-0.49571967124938965,1.9915001392364502
0.20107398927211761,-0.5288477540016174,2.321000099182129,0.25728198885917664,-0.6238729953765869,2.625999927520752,0.16549907624721527,-0.533713161945343,2.246500015258789,0.1905156522989273,-0.36408793926239014,2.4260001182556152,0.08671397715806961,-0.3698698580265045,2.1015000343322754,0.21151646971702576,-0.16253474354743958,2.3534998893737793,-0.005072135478258133,-0.3821839988231659,2.0399999618530273,0.43456098437309265,-0.038751933723688126,3.138000011444092,-0.04572385177016258,-0.48012787103652954,1.941499948501587
0.21450652182102203,-0.5266045928001404,2.3445000648498535,0.264524906873703,-0.631000280380249,2.6560001373291016,0.17416365444660187,-0.5379894971847534,2.264500141143799,0.20042182505130768,-0.36386844515800476,2.4509999752044678,0.08330883085727692,-0.3664647340774536,2.1015000343322754,0.22547516226768494,-0.16330724954605103,2.4214999675750732,-0.021599624305963516,-0.40201687812805176,2.0399999618530273,0.43456098437309265,-0.02349812723696232,3.138000011444092,-0.08347458392381668,-0.4832737147808075,1.941499948501587
0.22589366137981415,-0.5317254066467285,2.384500026702881,0.27688565850257874,-0.6353090405464172,2.692500114440918,0.1801888346672058,-0.5376810431480408,2.2944998741149902,0.20547737181186676,-0.36180588603019714,2.4639999866485596,0.08832322806119919,-0.36979731917381287,2.140500068664551,0.22795605659484863,-0.1680280864238739,2.491499900817871,-0.028293592855334282,-0.39988407492637634,2.0460000038146973,0.43456098437309265,-0.01332892570644617,3.138000011444092,-0.10864173620939255,-0.4832737147808075,1.941499948501587
0.23544229567050934,-0.5409226417541504,2.44350004196167,0.2928244173526764,-0.6468810439109802,2.760499954223633,0.19040480256080627,-0.5456483960151672,2.3284997940063477,0.2106175571680069,-0.35977378487586975,2.4774999618530273,0.09335680305957794,-0.37257567048072815,2.177000045776367,0.23739373683929443,-0.1719396412372589,2.549499988555908,-0.028376566246151924,-0.40105676651000977,2.052000045776367,0.43456098437309265,-0.0031597211491316557,3.138000011444092,-0.11318717896938324,-0.47593066096305847,1.9119999408721924
0.24262072145938873,-0.5574148893356323,2.5180001258850098,0.2951580882072449,-0.6520364284515381,2.7825000286102295,0.1958039402961731,-0.5502179861068726,2.3480000495910645,0.2153683453798294,-0.3610081374645233,2.4860000610351562,0.09110847860574722,-0.37430340051651,2.2080001831054688,0.23781274259090424,-0.15982812643051147,2.553999900817871,-0.02854251302778721,-0.4100908637046814,2.064000129699707,0.4294763505458832,-0.0031597211491316557,3.138000011444092,-0.10079479217529297,-0.47902873158454895,1.9119999408721924
0.24978692829608917,-0.560257077217102,2.549499988555908,0.2963249385356903,-0.6455612778663635,2.7934999465942383,0.19713819026947021,-0.546306312084198,2.363999843597412,0.22133806347846985,-0.3642028868198395,2.507999897003174,0.09197499603033066,-0.3778633177280426,2.2290000915527344,0.24327737092971802,-0.16070424020290375,2.567999839782715,-0.018648352473974228,-0.4165399670600891,2.0794999599456787,0.4355303645133972,-0.0031667696312069893,3.1449999809265137,-0.07910814136266708,-0.4883229732513428,1.9119999408721924
0.25022780895233154,-0.5571075677871704,2.553999900817871,0.30451303720474243,-0.6488369703292847,2.8274998664855957,0.2023288756608963,-0.5461475253105164,2.380000114440918,0.22746896743774414,-0.37164396047592163,2.5310001373291016,0.09618709981441498,-0.3802366256713867,2.243000030517578,0.2571548521518707,-0.1699477583169937,2.5820000171661377,-0.00853984709829092,-0.4199094772338867,2.0794999599456787,0.440626323223114,-0.008262713439762592,3.1449999809265137,-0.0574214793741703,-0.5162056684494019,1.9119999408721924
0.25022780895233154,-0.5488309264183044,2.553999900817871,0.29993152618408203,-0.6350924968719482,2.8274998664855957,0.20339152216911316,-0.5373859405517578,2.3924999237060547,0.23500105738639832,-0.368826687335968,2.56850004196167,0.09775234013795853,-0.3790370523929596,2.2795000076293945,0.2738897502422333,-0.17413145303726196,2.5820000171661377,0.02878529392182827,-0.46114903688430786,2.0985000133514404,0.46929264068603516,-0.00831920001655817,3.1665000915527344,0.013834679499268532,-0.5533825755119324,1.9119999408721924
