-0.08739131689071655,0.06860025227069855,0.9539999961853027,-0.06143290549516678,0.037881821393966675,0.9589999914169312,-0.10924642533063889,0.03947615623474121,0.8585000038146973,0.04832940548658371,0.03721359372138977,1.1269999742507935,-0.2332276701927185,0.037674881517887115,1.0390000343322754,0.20079098641872406,0.21692587435245514,1.2584999799728394,-0.41020986437797546,0.22575834393501282,1.0525000095367432,0.047428857535123825,0.24977853894233704,1.1059999465942383,-0.19286194443702698,0.23633070290088654,0.9635000228881836
-0.08903035521507263,0.06712473928928375,0.9549999833106995,-0.06292113661766052,0.036290042102336884,0.9580000042915344,-0.11089523136615753,0.03956811875104904,0.8604999780654907,0.048286519944667816,0.037180572748184204,1.125999927520752,-0.231878399848938,0.03941522538661957,1.0404999256134033,0.21098700165748596,0.21488668024539948,1.2584999799728394,-0.4115773141384125,0.22034059464931488,1.0429999828338623,0.047428857535123825,0.24619436264038086,1.1059999465942383,-0.1916978359222412,0.23369240760803223,0.965499997138977
-0.08907696604728699,0.0640634298324585,0.9555000066757202,-0.061368849128484726,0.034737762063741684,0.9580000042915344,-0.1096918135881424,0.03824036568403244,0.8619999885559082,0.0428130105137825,0.03170709311962128,1.125999927520752,-0.24065467715263367,0.04453721269965172,1.0420000553131104,0.225261390209198,0.21488668024539948,1.2584999799728394,-0.41873899102211,0.2095542848110199,1.031499981880188,0.047278765588998795,0.24005602300167084,1.1024999618530273,-0.19795559346675873,0.22430582344532013,0.965499997138977
-0.08752872794866562,0.0640634298324585,0.9555000066757202,-0.05987899750471115,0.03322012722492218,0.9589999914169312,-0.10981906950473785,0.03548803552985191,0.8630000352859497,0.04455823451280594,0.03165077790617943,1.124000072479248,-0.24065467715263367,0.03440689295530319,1.0420000553131104,0.22697077691555023,0.21266695857048035,1.2454999685287476,-0.4120135009288788,0.20371262729167938,1.0190000534057617,0.04897619038820267,0.23427101969718933,1.1004999876022339,-0.1971030831336975,0.22197872400283813,0.968999981880188
-0.08602547645568848,0.06254791468381882,0.9559999704360962,-0.06143290549516678,0.03166622668504715,0.9589999914169312,-0.10994631797075272,0.03412919119000435,0.8640000224113464,0.04455823451280594,0.03165077790617943,1.124000072479248,-0.23761944472789764,0.03445642068982124,1.0434999465942383,0.22859588265419006,0.20845018327236176,1.2324999570846558,-0.41389790177345276,0.1972963660955429,1.0115000009536743,0.04684993252158165,0.22902758419513702,1.0924999713897705,-0.2010699212551117,0.2228950560092926,0.9730000495910645
-0.0876203328371048,0.059480931609869,0.9564999938011169,-0.05991021543741226,0.02857331931591034,0.9594999551773071,-0.10879760980606079,0.03280498459935188,0.8659999966621399,0.044478945434093475,0.03159445896744728,1.121999979019165,-0.23604166507720947,0.04123943671584129,1.0440000295639038,0.22692662477493286,0.2069280445575714,1.2235000133514404,-0.41245579719543457,0.19746026396751404,1.003999948501587,0.04669984430074692,0.2265293151140213,1.0889999866485596,-0.19893378019332886,0.22087109088897705,0.9780000448226929
-0.08611546456813812,0.057961370795965195,0.9570000171661377,-0.05997265875339508,0.028603099286556244,0.9605000019073486,-0.10751840472221375,0.031438037753105164,0.8669999837875366,0.044478945434093475,0.03159445896744728,1.121999979019165,-0.23604166507720947,0.04800594598054886,1.0440000295639038,0.2264629304409027,0.2065052092075348,1.2209999561309814,-0.41260406374931335,0.19275589287281036,0.9965000152587891,0.04669984430074692,0.22476477921009064,1.0889999866485596,-0.19825713336467743,0.22029539942741394,0.9825000166893005
-0.08620545268058777,0.05802193656563759,0.9580000042915344,-0.0584467314183712,0.027060851454734802,0.9610000252723694,-0.10892324149608612,0.031438037753105164,0.8669999837875366,0.044478945434093475,0.03159445896744728,1.121999979019165,-0.2381887435913086,0.03284410759806633,1.0460000038146973,0.22414451837539673,0.20439110696315765,1.2084999084472656,-0.41078314185142517,0.18943148851394653,0.9959999918937683,0.04669984430074692,0.2265293151140213,1.0889999866485596,-0.2020561695098877,0.21777436137199402,0.9854999780654907
-0.08491826057434082,0.05820363014936447,0.9609999656677246,-0.05850755050778389,0.025530250743031502,0.9620000123977661,-0.10764241218566895,0.03006785176694393,0.8679999709129333,0.04443930462002754,0.029749909415841103,1.121000051498413,-0.23694603145122528,0.031208796426653862,1.0479999780654907,0.2164923995733261,0.20092399418354034,1.187999963760376,-0.41078314185142517,0.18781763315200806,0.9959999918937683,0.04134916141629219,0.22797943651676178,1.0875000953674316,-0.20349138975143433,0.22092939913272858,0.9925000071525574
-0.08500662446022034,0.05670543760061264,0.9620000123977661,-0.05706717446446419,0.02402132749557495,0.9639999866485596,-0.10770442336797714,0.03008517250418663,0.8684999942779541,0.04443930462002754,0.029749909415841103,1.121000051498413,-0.24034227430820465,0.0329069048166275,1.0479999780654907,0.2140255719423294,0.20233668386936188,1.184999942779541,-0.41078314185142517,0.18620377779006958,0.9959999918937683,0.043051812797784805,0.22766494750976562,1.0859999656677246,-0.2065461277961731,0.22248759865760803,0.999500036239624
-0.08487407863140106,0.05506069213151932,0.9605000019073486,-0.057185571640729904,0.024071164429187775,0.965999960899353,-0.10641954839229584,0.02871093340218067,0.8695000410079956,0.04625570774078369,0.03338269144296646,1.121000051498413,-0.24034227430820465,0.031208796426653862,1.0479999780654907,0.21210548281669617,0.2042567878961563,1.184999942779541,-0.4091693162918091,0.18620377779006958,0.9959999918937683,0.04129212349653244,0.22766494750976562,1.0859999656677246,-0.20361217856407166,0.22282150387763977,1.0010000467300415
-0.08500662446022034,0.05670543760061264,0.9620000123977661,-0.05724477395415306,0.025662943720817566,0.9670000076293945,-0.10789044201374054,0.030137132853269577,0.8700000047683716,0.04625570774078369,0.03338269144296646,1.121000051498413,-0.24034227430820465,0.02781257964670658,1.0479999780654907,0.21018537878990173,0.2042567878961563,1.184999942779541,-0.40594157576560974,0.18781763315200806,0.9959999918937683,0.03953242674469948,0.22766494750976562,1.0859999656677246,-0.202192023396492,0.21979697048664093,1.002000093460083
-0.08509498834609985,0.0567643828690052,0.9629999995231628,-0.05727436766028404,0.025676213204860687,0.9674999713897705,-0.10795244574546814,0.030154451727867126,0.8704999685287476,0.04451858997344971,0.031622618436813354,1.1230000257492065,-0.23694603145122528,0.034605011343955994,1.0479999780654907,0.2082652598619461,0.2042567878961563,1.184999942779541,-0.40271082520484924,0.19019225239753723,1.0,0.03780752047896385,0.22787459194660187,1.0870000123977661,-0.19569768011569977,0.2214205414056778,1.002000093460083
-0.0835345983505249,0.059885140508413315,0.9629999995231628,-0.055706687271595,0.028811555355787277,0.9674999713897705,-0.10648074001073837,0.03154681995511055,0.8700000047683716,0.04451858997344971,0.031622618436813354,1.1230000257492065,-0.23536017537117004,0.041417196393013,1.0485000610351562,0.20634515583515167,0.2042567878961563,1.184999942779541,-0.40249431133270264,0.19248393177986145,1.003499984741211,0.03606279194355011,0.22797943651676178,1.0875000953674316,-0.1927386075258255,0.223377987742424,1.003499984741211
-0.08370808511972427,0.06000951677560806,0.9650000333786011,-0.05727436766028404,0.03194689750671387,0.9674999713897705,-0.1050710380077362,0.03154681995511055,0.8700000047683716,0.04637949541211128,0.03165077790617943,1.124000072479248,-0.2373982071876526,0.032969702035188675,1.0499999523162842,0.2075641006231308,0.20353193581104279,1.1920000314712524,-0.3994411826133728,0.1958334594964981,1.003999948501587,0.036079373210668564,0.22984714806079865,1.0880000591278076,-0.189486563205719,0.22662998735904694,1.003499984741211
-0.08544844388961792,0.06170074641704559,0.9670000076293945,-0.055821843445301056,0.03672567382454872,0.9695000052452087,-0.10372091829776764,0.03579644858837128,0.8704999685287476,0.044597871601581573,0.029856063425540924,1.125,-0.2394411861896515,0.038128141313791275,1.0515000820159912,0.20632268488407135,0.2022770196199417,1.1959999799728394,-0.4010680019855499,0.19908706843852997,1.003999948501587,0.03439529612660408,0.2339092642068863,1.0905001163482666,-0.19111257791519165,0.2282560020685196,1.003499984741211
-0.08396831899881363,0.06333303451538086,0.9679999947547913,-0.057511165738105774,0.04152389615774155,0.971500039100647,-0.10107376426458359,0.037271060049533844,0.871999979019165,0.044597871601581573,0.028033189475536346,1.125,-0.2410302758216858,0.034704070538282394,1.0509999990463257,0.20506832003593445,0.201009139418602,1.2000000476837158,-0.3994411826133728,0.19746026396751404,1.003999948501587,0.03262830898165703,0.23567622900009155,1.0905001163482666,-0.1927386075258255,0.23313401639461517,1.003499984741211
-0.0828254446387291,0.06366017460823059,0.9729999899864197,-0.05458666756749153,0.04169486463069916,0.9754999876022339,-0.09994656592607498,0.04021187871694565,0.874500036239624,0.0427749902009964,0.02621031552553177,1.125,-0.2410302758216858,0.03300110623240471,1.0509999990463257,0.20329317450523376,0.20117662847042084,1.2009999752044678,-0.3978143632411957,0.19908706843852997,1.003999948501587,0.032837752252817154,0.24608062207698822,1.0975000858306885,-0.18986421823501587,0.24011561274528503,1.0054999589920044
-0.0834638699889183,0.06573960185050964,0.9804999828338623,-0.053440723568201065,0.04363039508461952,0.9835000038146973,-0.09869857132434845,0.04028085246682167,0.8759999871253967,0.0428510345518589,0.02625691145658493,1.1269999742507935,-0.24114497005939484,0.03131302818655968,1.0515000820159912,0.20151479542255402,0.1993965208530426,1.2020000219345093,-0.3978143632411957,0.19908706843852997,1.003999948501587,0.036659691482782364,0.2532481849193573,1.1054999828338623,-0.1833472102880478,0.2531495690345764,1.0054999589920044
-0.08028638362884521,0.06732834130525589,0.9804999828338623,-0.053440723568201065,0.04522399231791496,0.9835000038146973,-0.09711258858442307,0.04021187871694565,0.874500036239624,0.04481590539216995,0.026338454335927963,1.1304999589920044,-0.2394411861896515,0.02960924804210663,1.0515000820159912,0.19372420012950897,0.1993965208530426,1.2020000219345093,-0.39456072449684143,0.2007138878107071,1.003999948501587,0.03857271373271942,0.2684255540370941,1.1089999675750732,-0.1814468502998352,0.26578643918037415,1.003999948501587
