0.037155043333768845,-0.4787483513355255,1.8394999504089355,0.06767106801271439,-0.5079209804534912,1.8589999675750732,0.004344486631453037,-0.5028253197669983,1.8294999599456787,0.10732331871986389,-0.31591305136680603,2.1050000190734863,-0.12127753347158432,-0.3698682487010956,1.8464999198913574,0.08395305275917053,-0.09166561812162399,2.2080001831054688,-0.29095458984375,-0.480328768491745,1.7684999704360962,0.05712307244539261,0.13805949687957764,2.2795000076293945,-0.6935566067695618,-1.037371039390564,2.683000087738037
0.031024226918816566,-0.4850389361381531,1.8294999599456787,0.06365019083023071,-0.5088931322097778,1.8299999237060547,-0.0015717879869043827,-0.507662832736969,1.815000057220459,0.11246395111083984,-0.3247029185295105,2.0739998817443848,-0.11986542493104935,-0.36556166410446167,1.8250000476837158,0.08655951917171478,-0.09772448241710663,2.183500051498413,-0.2677108347415924,-0.4925794005393982,1.7114999294281006,0.05712307244539261,0.1306724101305008,2.2795000076293945,-0.6457353830337524,-1.0678025484085083,2.683000087738037
0.018941324204206467,-0.48812755942344666,1.808000087738037,0.05137893930077553,-0.5136860609054565,1.815500020980835,-0.01308566052466631,-0.5068103075027466,1.7809998989105225,0.11392579227685928,-0.32929638028144836,2.0399999618530273,-0.12739652395248413,-0.3676084280014038,1.805999994277954,0.09641700983047485,-0.10047408193349838,2.1665000915527344,-0.2264479100704193,-0.5058962106704712,1.6729999780654907,0.08811648190021515,0.1328507661819458,2.317500114440918,0,0,0
0.012883183546364307,-0.4807029962539673,1.7804999351501465,0.04537017643451691,-0.5122713446617126,1.810499906539917,-0.018550265580415726,-0.4985579252243042,1.7519999742507935,0.10967133939266205,-0.32974863052368164,2.0225000381469727,-0.1299981325864792,-0.369611531496048,1.8015000820159912,0.10628200322389603,-0.09984800219535828,2.1530001163482666,-0.2005273997783661,-0.4758621156215668,1.6169999837875366,0.11632770299911499,0.13890475034713745,2.3565001487731934,0,0,0
0.007033245638012886,-0.47530338168144226,1.7604999542236328,0.03919745609164238,-0.508310079574585,1.7964999675750732,-0.024165714159607887,-0.4972773790359497,1.747499942779541,0.10766498744487762,-0.3237161338329315,1.9854999780654907,-0.12931260466575623,-0.36475875973701477,1.7920000553131104,0.11569038778543472,-0.09894366562366486,2.133500099182129,-0.1908186674118042,-0.4598532021045685,1.5799999237060547,0.13970063626766205,0.1472352147102356,2.431000232696533,0,0,0
0.0013148202560842037,-0.47057870030403137,1.7430000305175781,0.03307831659913063,-0.5037829875946045,1.7804999351501465,-0.029564235359430313,-0.4956730306148529,1.7319999933242798,0.10527905821800232,-0.316542387008667,1.941499948501587,-0.13155221939086914,-0.36003780364990234,1.7829999923706055,0.12148379534482956,-0.09803932905197144,2.114000082015991,-0.18396909534931183,-0.454379141330719,1.5439999103546143,0.17855308949947357,0.16956539452075958,2.6575000286102295,0,0,0
-0.001494280993938446,-0.46864986419677734,1.7254999876022339,0.0300406776368618,-0.5041069388389587,1.7714999914169312,-0.032052941620349884,-0.4908078610897064,1.7149999141693115,0.10340828448534012,-0.31091752648353577,1.9070000648498535,-0.13107264041900635,-0.35872524976730347,1.7764999866485596,0.12815247476100922,-0.09105915576219559,2.1110000610351562,-0.17764754593372345,-0.4497130811214447,1.5115000009536743,0.23769164085388184,0.2072088122367859,3.0904998779296875,0,0,0
-0.004264074377715588,-0.465798020362854,1.7149999141693115,0.026901837438344955,-0.5019690990447998,1.753999948501587,-0.03470996767282486,-0.49185991287231445,1.7089999914169312,0.10254067182540894,-0.308308869600296,1.8910000324249268,-0.13361187279224396,-0.35781657695770264,1.7719999551773071,0.13301117718219757,-0.09646252542734146,2.0799999237060547,-0.18438303470611572,-0.4482254385948181,1.506500005722046,0.3075738847255707,0.22498904168605804,3.618000030517578,-0.0459333211183548,-0.8369802236557007,2.0945000648498535
-0.007026534993201494,-0.4674839973449707,1.7109999656677246,0.023819711059331894,-0.4969608783721924,1.7365000247955322,-0.03458810970187187,-0.4901330769062042,1.7030000686645508,0.10532551258802414,-0.307493656873703,1.8860000371932983,-0.1362905651330948,-0.35444459319114685,1.7695000171661377,0.14367526769638062,-0.08799652755260468,2.0399999618530273,-0.18358749151229858,-0.4438610076904297,1.5,0.3630508780479431,0.26141634583473206,3.8990001678466797,-0.03107544407248497,-0.5570613741874695,1.4170000553131104
-0.007010108325630426,-0.46639111638069153,1.7070000171661377,0.02375798299908638,-0.4956730306148529,1.7319999933242798,-0.03725982829928398,-0.48898184299468994,1.6990000009536743,0.10504627972841263,-0.3066784739494324,1.88100004196167,-0.14182430505752563,-0.35108065605163574,1.7669999599456787,0.15204830467700958,-0.08711224794387817,2.0195000171661377,-0.18763190507888794,-0.45403745770454407,1.493499994277954,0.3904630243778229,0.2755628824234009,3.9205000400543213,0.005603025667369366,-0.5354533791542053,1.4024999141693115
-0.009715898893773556,-0.4580245614051819,1.6965000629425049,0.023730549961328506,-0.492297500371933,1.7300000190734863,-0.0398126058280468,-0.4837963581085205,1.690500020980835,0.10795047879219055,-0.30627086758613586,1.878499984741211,-0.14078088104724884,-0.3456556797027588,1.753999948501587,0.16070295870304108,-0.07674048095941544,2.004999876022339,-0.19430463016033173,-0.4526694118976593,1.4889999628067017,0.425779789686203,0.297100305557251,3.9535000324249268,0.0033304961398243904,-0.5195457339286804,1.4024999141693115
-0.012417051009833813,-0.45079290866851807,1.690000057220459,0.020878970623016357,-0.48836255073547363,1.7260000705718994,-0.04223715513944626,-0.4747811555862427,1.6779999732971191,0.10766315460205078,-0.29938429594039917,1.873500108718872,-0.14517074823379517,-0.33696725964546204,1.7384999990463257,0.16624154150485992,-0.06984006613492966,1.993499994277954,-0.20093359053134918,-0.4440852105617523,1.4844999313354492,0.4449978470802307,0.3099122941493988,3.9535000324249268,-0.0034870929084718227,-0.5240907669067383,1.4024999141693115
-0.012372966855764389,-0.438277930021286,1.684000015258789,0.01801416277885437,-0.47537875175476074,1.7195000648498535,-0.044795338064432144,-0.4649558961391449,1.6719999313354492,0.1014561578631401,-0.2868582308292389,1.871000051498413,-0.14760464429855347,-0.3276660740375519,1.7339999675750732,0.17222537100315094,-0.05676250159740448,1.9880000352859497,-0.20984601974487305,-0.43779492378234863,1.4795000553131104,0.4578098952770233,0.32913023233413696,3.9535000324249268,-0.026212390512228012,-0.5354533791542053,1.4024999141693115
-0.012314187362790108,-0.4253331422805786,1.6759999990463257,0.017967019230127335,-0.4630192220211029,1.715000033378601,-0.04468817636370659,-0.4530327320098877,1.6679999828338623,0.10434820502996445,-0.27436456084251404,1.868499994277954,-0.14709389209747314,-0.31253257393836975,1.7279999256134033,0.17196546494960785,-0.053460486233234406,1.9850000143051147,-0.23063957691192627,-0.4219802916049957,1.4744999408721924,0.4682081937789917,0.34488290548324585,3.9875001907348633,-0.057676129043102264,-0.5457606911659241,1.3940000534057617
-0.014994010329246521,-0.4134812355041504,1.6719999313354492,0.01517042052000761,-0.451376736164093,1.7130000591278076,-0.047334082424640656,-0.4389922022819519,1.6660000085830688,0.10118503123521805,-0.261903315782547,1.8660000562667847,-0.1493300050497055,-0.30019935965538025,1.7214999198913574,0.1749170869588852,-0.043745193630456924,1.9819999933242798,-0.23683948814868927,-0.40122750401496887,1.468500018119812,0.469372034072876,0.36658990383148193,3.943000078201294,-0.09155748039484024,-0.5570544004440308,1.3940000534057617
-0.014976074919104576,-0.39945682883262634,1.6699999570846558,0.015152706764638424,-0.4369877576828003,1.7109999656677246,-0.0499735102057457,-0.42768025398254395,1.6640000343322754,0.10378974676132202,-0.2518165111541748,1.8585000038146973,-0.1545039266347885,-0.28272199630737305,1.7170000076293945,0.17812860012054443,-0.02768770232796669,1.9819999933242798,-0.24797461926937103,-0.39050936698913574,1.4639999866485596,0.4757610261440277,0.41131269931793213,3.943000078201294,0,0,0
-0.01763969287276268,-0.3904016315937042,1.6659998893737793,0.015134994871914387,-0.42816951870918274,1.7089999914169312,-0.049733247607946396,-0.4175742268562317,1.6559998989105225,0.10023608058691025,-0.238480806350708,1.8485000133514404,-0.15414398908615112,-0.26818522810935974,1.7130000591278076,0.1744316965341568,-0.014800526201725006,1.9765000343322754,-0.2550911605358124,-0.3762763440608978,1.4639999866485596,0.4704520106315613,0.43831124901771545,3.8990001678466797,0,0,0
-0.01757616549730301,-0.3889956474304199,1.659999966621399,0.015024295076727867,-0.4222889244556427,1.6965000629425049,-0.04955305531620979,-0.41606131196022034,1.649999976158142,0.09944980591535568,-0.23363842070102692,1.8339999914169312,-0.15378403663635254,-0.26202070713043213,1.7089999914169312,0.16436521708965302,0.001209030975587666,1.9709999561309814,-0.2645798921585083,-0.36915984749794006,1.4639999866485596,0.44924503564834595,0.4673011898994446,3.826000213623047,0,0,0
-0.017533814534544945,-0.3880583345890045,1.656000018119812,0.01493130624294281,-0.4196752607822418,1.6859999895095825,-0.04950800910592079,-0.41301196813583374,1.6484999656677246,0.10136044770479202,-0.23121796548366547,1.815000057220459,-0.16190184652805328,-0.2589481472969055,1.7070000171661377,0.1605173647403717,0.007565547712147236,1.9630000591278076,-0.2740686237812042,-0.3596712052822113,1.4639999866485596,0.4140191078186035,0.467914342880249,3.7319998741149902,0,0,0
-0.017454402521252632,-0.38095855712890625,1.6484999656677246,0.014825033955276012,-0.4112634062767029,1.6740000247955322,-0.04916263744235039,-0.40747830271720886,1.6369999647140503,0.10364049673080444,-0.22975292801856995,1.8034999370574951,-0.15894947946071625,-0.26140740513801575,1.7049999237060547,0.14932158589363098,0.004336810205131769,1.941499948501587,-0.28355732560157776,-0.3454382121562958,1.4639999866485596,0.39274853467941284,0.48221343755722046,3.7024998664855957,-0.315174400806427,-0.5480194091796875,1.3940000534057617
