0.21877031028270721,-0.18405842781066895,1.2005000114440918,0.24802248179912567,-0.22658422589302063,1.2200000286102295,0.18181112408638,-0.2112913429737091,1.2005000114440918,0.3310287594795227,-0.11529818177223206,1.434000015258789,0.11411100625991821,-0.05087690427899361,1.2254999876022339,0,0,0,0.04637822136282921,0.12157825380563736,1.0815000534057617,0,0,0,0.016385888680815697,0.20776528120040894,0.8819999694824219
0.22170601785182953,-0.1759217083454132,1.184999942779541,0.25218355655670166,-0.2191164493560791,1.2114999294281006,0.18600556254386902,-0.20558692514896393,1.190000057220459,0.3451140522956848,-0.10764762759208679,1.4249999523162842,0.11913743615150452,-0.046541858464479446,1.215999960899353,0,0,0,0.046099480241537094,0.1295568346977234,1.0750000476837158,0,0,0,0.009297801181674004,0.21481305360794067,0.887499988079071
0.22686995565891266,-0.16449660062789917,1.1719999313354492,0.2599443197250366,-0.20766006410121918,1.2020000219345093,0.19257885217666626,-0.19671016931533813,1.1829999685287476,0.3503116965293884,-0.10022594034671783,1.4179999828338623,0.1241743415594101,-0.04034687578678131,1.2074999809265137,0,0,0,0.042358070611953735,0.13396744430065155,1.06850004196167,0,0,0,-0.0022066275123506784,0.22775544226169586,0.887499988079071
0.2265242636203766,-0.16100214421749115,1.1605000495910645,0.26296162605285645,-0.2069690078496933,1.1979999542236328,0.19318044185638428,-0.1915721297264099,1.1749999523162842,0.35086870193481445,-0.09744488447904587,1.4110000133514404,0.12576530873775482,-0.040229931473731995,1.2039999961853027,0.33284035325050354,0.1210981160402298,1.4835000038146973,0.03702493757009506,0.14209015667438507,1.064500093460083,0.6859241724014282,0.5235699415206909,2.7764999866485596,-0.009338661096990108,0.23634792864322662,0.8819999694824219
0.22506028413772583,-0.1580933779478073,1.152999997138977,0.2616446018218994,-0.20206955075263977,1.191999912261963,0.19334103167057037,-0.18986020982265472,1.1644999980926514,0.35468557476997375,-0.09267484396696091,1.4079999923706055,0.12750405073165894,-0.040163103491067886,1.2020000219345093,0.35928189754486084,0.11869435757398605,1.4835000038146973,0.03355946019291878,0.1454714685678482,1.0640000104904175,0.7891390919685364,0.6267064809799194,2.8569998741149902,-0.01504669338464737,0.24049891531467438,0.8815000057220459
0.22692854702472687,-0.15622514486312866,1.152999997138977,0.2624704837799072,-0.19929863512516022,1.187000036239624,0.1924278885126114,-0.18896350264549255,1.159000039100647,0.35784512758255005,-0.08776779472827911,1.4024999141693115,0.12482520937919617,-0.039929211139678955,1.1950000524520874,0.3785121440887451,0.12830939888954163,1.4835000038146973,0.030054770410060883,0.14863960444927216,1.062000036239624,0.840061604976654,0.6498528718948364,2.8569998741149902,-0.022125424817204475,0.2483624815940857,0.8790000081062317
0.22398671507835388,-0.15547992289066315,1.1475000381469727,0.25966912508010864,-0.19479331374168396,1.1829999685287476,0.1892346441745758,-0.18765917420387268,1.1510000228881836,0.35605910420417786,-0.0918520912528038,1.3954999446868896,0.12044651806354523,-0.04169033467769623,1.190000057220459,0.383818119764328,0.13319121301174164,1.4579999446868896,0.026563040912151337,0.14664211869239807,1.059999942779541,0.9226527810096741,0.7101977467536926,2.9739999771118164,-0.02918027900159359,0.2520604729652405,0.8769999742507935
0.2204819768667221,-0.15432821214199066,1.1389999389648438,0.25725460052490234,-0.19678010046482086,1.1719999313354492,0.18606731295585632,-0.18450282514095306,1.1430000066757202,0.3542730510234833,-0.08689168095588684,1.3884999752044678,0.11629617214202881,-0.03966189920902252,1.187000036239624,0.3928634226322174,0.13777422904968262,1.4565000534057617,0.019516298547387123,0.14873218536376953,1.0504999160766602,0.9326478838920593,0.7146629095077515,2.8569998741149902,-0.03618204966187477,0.25417593121528625,0.874500036239624
0.21268072724342346,-0.15270230174064636,1.127000093460083,0.24908915162086487,-0.19484925270080566,1.1605000495910645,0.18020932376384735,-0.18415381014347076,1.1295000314712524,0.35184913873672485,-0.08182830363512039,1.378999948501587,0.11398741602897644,-0.04144509881734848,1.183000087738037,0.3966483771800995,0.14132024347782135,1.4444999694824219,0.01259270403534174,0.1440136432647705,1.0410000085830688,0.9338752031326294,0.7105644345283508,2.751500129699707,-0.04182607680559158,0.25544676184654236,0.8740000128746033
0.20536382496356964,-0.151347354054451,1.1170001029968262,0.2402144968509674,-0.19375789165496826,1.1540000438690186,0.17239849269390106,-0.17809650301933289,1.1145000457763672,0.34619206190109253,-0.08102723211050034,1.3654999732971191,0.10605033487081528,-0.043251991271972656,1.1800000667572021,0.4011550545692444,0.14276574552059174,1.4355000257492065,0.00415283115580678,0.14549045264720917,1.0394999980926514,0.9325205683708191,0.7070872187614441,2.6710000038146973,-0.047191936522722244,0.2524319887161255,0.8684999942779541
0.19596268236637115,-0.14926967024803162,1.1150000095367432,0.23152491450309753,-0.1908903419971466,1.1480000019073486,0.16300266981124878,-0.17769698798656464,1.1119999885559082,0.3329203426837921,-0.07609722018241882,1.3564999103546143,0.09790197014808655,-0.04303206130862236,1.1740000247955322,0.3983605206012726,0.13946141302585602,1.4255000352859497,-0.0025845514610409737,0.14380612969398499,1.0394999980926514,0.9434433579444885,0.7034246921539307,2.6410000324249268,-0.05681292712688446,0.25421789288520813,0.8650000095367432
0.1848735511302948,-0.14726461470127106,1.1134999990463257,0.22115948796272278,-0.1899757981300354,1.1424999237060547,0.15178115665912628,-0.17721758782863617,1.1089999675750732,0.32257524132728577,-0.07573258131742477,1.3499999046325684,0.0844418853521347,-0.041059721261262894,1.1719999313354492,0.40244677662849426,0.14077666401863098,1.4155000448226929,-0.014354228042066097,0.14359861612319946,1.0379999876022339,0.9454185962677002,0.7081263065338135,2.6110000610351562,-0.06510940194129944,0.25377705693244934,0.8634999990463257
0.173813596367836,-0.14886805415153503,1.1119999885559082,0.20756299793720245,-0.1893938183784485,1.1389999389648438,0.14068153500556946,-0.1768180876970291,1.1064999103546143,0.3103683292865753,-0.07542405277490616,1.3445000648498535,0.07298532128334045,-0.03912728279829025,1.1710000038146973,0.39327239990234375,0.13389591872692108,1.4155000448226929,-0.02444571815431118,0.1486443281173706,1.0379999876022339,0.9538801312446594,0.6954342722892761,2.6110000610351562,-0.07625854015350342,0.2550284266471863,0.8629999756813049
0.16076594591140747,-0.14846642315387726,1.1089999675750732,0.19396044313907623,-0.1868896186351776,1.1349999904632568,0.12784168124198914,-0.17641860246658325,1.1039999723434448,0.29424047470092773,-0.07954376935958862,1.3405001163482666,0.0614955797791481,-0.04095461592078209,1.1689999103546143,0.3818044364452362,0.12472160905599594,1.4155000448226929,-0.03453720733523369,0.14528051018714905,1.0379999876022339,0.9316591620445251,0.6769747734069824,2.572999954223633,-0.08329854905605316,0.256575345993042,0.8634999990463257
0.1424744427204132,-0.14813172817230225,1.1064999103546143,0.1751054972410202,-0.18822984397411346,1.1319999694824219,0.11153954267501831,-0.1760990023612976,1.1019999980926514,0.2798444926738739,-0.07915806770324707,1.3340001106262207,0.04823632165789604,-0.04095461592078209,1.1689999103546143,0.3749236464500427,0.12472160905599594,1.4155000448226929,-0.04460719972848892,0.14521051943302155,1.0374999046325684,0.9009017944335938,0.6572365760803223,2.5450000762939453,-0.09443715214729309,0.2550284266471863,0.8629999756813049
0.10627903789281845,-0.1494504064321518,1.1029999256134033,0.13835982978343964,-0.18998010456562042,1.131500005722046,0.07404158264398575,-0.1760990023612976,1.1019999980926514,0.23546086251735687,-0.07877236604690552,1.3275001049041748,0.010326158255338669,-0.03896021470427513,1.1660000085830688,0.32905176281929016,0.12013444304466248,1.4155000448226929,-0.07486708462238312,0.14857271313667297,1.0374999046325684,0.8180254101753235,0.6126105785369873,2.5310001373291016,-0.11953824758529663,0.25907328724861145,0.8624999523162842
0.08483219146728516,-0.1512376219034195,1.1029999256134033,0.1126919835805893,-0.188146710395813,1.131500005722046,0.052542559802532196,-0.17585930228233337,1.1004999876022339,0.21553204953670502,-0.08070998638868332,1.3240000009536743,-0.004788392689079046,-0.037070903927087784,1.1660000085830688,0.30382221937179565,0.11784086376428604,1.4155000448226929,-0.09499454498291016,0.15522225201129913,1.0369999408721924,0.7455705404281616,0.5867245197296143,2.507999897003174,-0.12932105362415314,0.26047080755233765,0.8624999523162842
0.05981086567044258,-0.1494504064321518,1.1029999256134033,0.08698569238185883,-0.18989616632461548,1.13100004196167,0.02751530520617962,-0.1754598170518875,1.0980000495910645,0.19120855629444122,-0.08040519058704376,1.319000005722046,-0.029349539428949356,-0.03518160060048103,1.1660000085830688,0.27859270572662354,0.12013444304466248,1.4155000448226929,-0.11011719703674316,0.15354196727275848,1.0369999408721924,0.6693378686904907,0.5523791909217834,2.4815001487731934,-0.1416521966457367,0.26280805468559265,0.8610000014305115
0.03469492867588997,-0.14904393255710602,1.100000023841858,0.06310595571994781,-0.1897282600402832,1.1299999952316284,0.0026026549749076366,-0.1733643114566803,1.0959999561309814,0.16719046235084534,-0.07803062349557877,1.315000057220459,-0.05409562960267067,-0.03151071444153786,1.1700000762939453,0.23501437902450562,0.11325369775295258,1.4155000448226929,-0.13854847848415375,0.1701805591583252,1.0360000133514404,0.586728572845459,0.5266979932785034,2.4555001258850098,-0.1556033343076706,0.26001784205436707,0.8610000014305115
0.011518795974552631,-0.14541305601596832,1.0994999408721924,0.03557807207107544,-0.18756473064422607,1.128000020980835,-0.02223956398665905,-0.1696576178073883,1.0950000286102295,0.1416214555501938,-0.0758998841047287,1.315000057220459,-0.07887563109397888,-0.03156457841396332,1.1720000505447388,0.20061048865318298,0.11096012592315674,1.4155000448226929,-0.15998423099517822,0.17311909794807434,1.0334999561309814,0.38829103112220764,0.3910698890686035,1.8799999952316284,-0.17094960808753967,0.26280805468559265,0.8610000014305115
