0.5785868763923645,0.3049681484699249,2.0824999809265137,0.2155223935842514,0.08668491244316101,0.749500036239624,0.19818735122680664,0.10250985622406006,0.796999990940094,0.18173286318778992,0.11074425280094147,0.8100000023841858,0.008681845851242542,0.0457473024725914,0.23849999904632568,0.2765422761440277,0.24556316435337067,1.056999921798706,0,0,0,0.3555399179458618,0.30961787700653076,1.0090000629425049,0,0,0
0.5887099504470825,0.31171682476997375,2.0824999809265137,0.21795128285884857,0.09032823145389557,0.749500036239624,0.20593582093715668,0.10509265959262848,0.796999990940094,0,0,0,0.012159910053014755,0.04883889481425285,0.23849999904632568,0.2872806787490845,0.24719563126564026,1.0714999437332153,0,0,0,0.355609267950058,0.3100968301296234,1.0,0,0,0
0.5977252125740051,0.3060474693775177,2.066999912261963,0.22402353584766388,0.087899349629879,0.749500036239624,0.2111014723777771,0.10638406872749329,0.796999990940094,0,0,0,0.013347188010811806,0.045843206346035004,0.23899999260902405,0.29385414719581604,0.2500934302806854,1.0764999389648438,0,0,0,0.3532877564430237,0.30848073959350586,0.984499990940094,0,0,0
0.5993296504020691,0.3084986209869385,2.060999870300293,0.22523796558380127,0.08911378681659698,0.749500036239624,0.2123928964138031,0.10638406872749329,0.796999990940094,0,0,0,0.016058018431067467,0.04777950420975685,0.23899999260902405,0.2973427474498749,0.25183770060539246,1.0764999389648438,0,0,0,0.34934043884277344,0.30661144852638245,0.9735000133514404,0,0,0
0.6060087084770203,0.3118381202220917,2.060999870300293,0.22660373151302338,0.08990641683340073,0.7460000514984131,0.21057172119617462,0.10740526020526886,0.7949999570846558,0.20010752975940704,0.10418190807104111,0.8100000023841858,0.016832543537020683,0.04816676303744316,0.23899999260902405,0.30361321568489075,0.24951264262199402,1.0740000009536743,0,0,0,0.3479050099849701,0.3022097945213318,0.9695000052452087,0,0,0
0.6042445302009583,0.3142600953578949,2.055000066757202,0.22584430873394012,0.09080982953310013,0.7434999942779541,0.21004198491573334,0.1084199845790863,0.7929999828338623,0.20904192328453064,0.10924032330513,0.7990000247955322,0,0,0,0.29700329899787903,0.24661889672279358,1.069000005722046,0,0,0,0.35291004180908203,0.3026839792728424,0.965999960899353,0,0,0
0.6015982031822205,0.3095685839653015,2.0460000038146973,0.22493302822113037,0.09044340997934341,0.7404999732971191,0.20937982201576233,0.10807818174362183,0.7904999852180481,0,0,0,0.019930638372898102,0.04855402186512947,0.23899999260902405,0.3076837360858917,0.2503170967102051,1.0700000524520874,0,0,0,0.34749335050582886,0.30049532651901245,0.9639999866485596,0,0,0
0.4228334128856659,0.21878600120544434,1.4459999799728394,0,0,0,0.21046695113182068,0.1073262169957161,0.7849999666213989,0.20878028869628906,0.10522451996803284,0.7979999780654907,0,0,0,0.30219975113868713,0.24835103750228882,1.069000005722046,0,0,0,0.34988996386528015,0.3014306426048279,0.9620000123977661,0,0,0
0.2538958787918091,0.13569046556949615,0.878000020980835,0.22193226218223572,0.09139575809240341,0.7384999990463257,0.20215706527233124,0.10756062716245651,0.7775000333786011,0.2100732922554016,0.10781056433916092,0.7979999780654907,0,0,0,0.30219975113868713,0.25008314847946167,1.069000005722046,0,0,0,0.3474259376525879,0.2990925908088684,0.9594999551773071,0,0,0
0.25247320532798767,0.13284516334533691,0.878000020980835,0.21953901648521423,0.09019914269447327,0.7384999990463257,0.19973449409008026,0.10693808645009995,0.7730000019073486,0,0,0,0.019543375819921494,0.0497157983481884,0.23899999260902405,0.3094175159931183,0.25205087661743164,1.0700000524520874,0,0,0,0.3443165123462677,0.2990925908088684,0.9594999551773071,0,0,0
0.24962788820266724,0.13569046556949615,0.878000020980835,0.21714578568935394,0.09019914269447327,0.7384999990463257,0.1983536034822464,0.1068689152598381,0.7725000381469727,0,0,0,0.018768852576613426,0.05126483738422394,0.23899999260902405,0.3076837360858917,0.25551837682724,1.0700000524520874,0,0,0,0.34222593903541565,0.29862502217292786,0.9580000042915344,0,0,0
0.2467825710773468,0.13426780700683594,0.878000020980835,0.2146071195602417,0.0889422670006752,0.7379999756813049,0.1944725066423416,0.10679974406957626,0.7720000147819519,0.20181997120380402,0.11001010239124298,0.7860000133514404,0,0,0,0.29353901743888855,0.2552795708179474,1.069000005722046,0,0,0,0.3401402533054352,0.2981574535369873,0.9564999938011169,0,0,0
0.23519496619701385,0.12883560359477997,0.8515000343322754,0.2108767032623291,0.0900769978761673,0.7374999523162842,0.19034920632839203,0.10409528762102127,0.7705000042915344,0.19458168745040894,0.10952023416757584,0.7825000286102295,0.01489623449742794,0.05049031600356102,0.23899999260902405,0.28620827198028564,0.2514619529247284,1.0674999952316284,0,0,0,0.33549070358276367,0.2935079038143158,0.9564999938011169,0,0,0
0.2305130809545517,0.1285329908132553,0.8495000004768372,0.20729172229766846,0.08888199925422668,0.7374999523162842,0.1873646378517151,0.1050703153014183,0.7684999704360962,0.1839263141155243,0.10093596577644348,0.7749999761581421,0,0,0,0.2808874845504761,0.2530730664730072,1.0670000314712524,0,0,0,0.3332425653934479,0.29598739743232727,0.9544999599456787,0,0,0
0.22892574965953827,0.13239125907421112,0.875,0.20025739073753357,0.09013807028532028,0.7379999756813049,0.18102063238620758,0.10500195622444153,0.7680000066757202,0.1735467165708542,0.09930797666311264,0.7625000476837158,0,0,0,0.26815542578697205,0.2455807626247406,1.064500093460083,0,0,0,0.3255094885826111,0.292894184589386,0.9544999599456787,0,0,0
0.23052625358104706,0.13670341670513153,0.903499960899353,0.19560657441616058,0.09139575809240341,0.7384999990463257,0.17355409264564514,0.10624637454748154,0.7680000066757202,0.16917195916175842,0.10260917991399765,0.7595000267028809,0.009841199964284897,0.05038468912243843,0.23849999904632568,0.27397188544273376,0.2513441741466522,1.0670000314712524,0,0,0,0.3122428357601166,0.2935079038143158,0.9564999938011169,0,0,0
0.22467035055160522,0.1337754726409912,0.903499960899353,0.19082006812095642,0.08780591189861298,0.7384999990463257,0.16711410880088806,0.1036224365234375,0.7670000195503235,0.1626967489719391,0.10240653157234192,0.7580000162124634,0,0,0,0.25780627131462097,0.2421310842037201,1.064500093460083,0,0,0,0.3127324879169464,0.29086360335350037,0.9579999446868896,0,0,0
0.21295849978923798,0.13523945212364197,0.903499960899353,0.1801723837852478,0.08906278759241104,0.7390000224113464,0.15831120312213898,0.1047968715429306,0.7664999961853027,0.16140298545360565,0.10562383383512497,0.7634999752044678,0,0,0,0.24996404349803925,0.24637630581855774,1.0605000257492065,0,0,0,0.3092011511325836,0.2966001331806183,0.9614999890327454,0,0,0
0.21007686853408813,0.13666270673274994,0.9229999780654907,0.17287074029445648,0.08780591189861298,0.7384999990463257,0.15190280973911285,0.10217942297458649,0.7654999494552612,0.15184281766414642,0.09885213524103165,0.7590000033378601,0,0,0,0.23908886313438416,0.24408119916915894,1.058000087738037,0,0,0,0.29282301664352417,0.2942473292350769,0.9639999866485596,0,0,0
0.2040945589542389,0.13666270673274994,0.9229999780654907,0.1690516471862793,0.08768700808286667,0.7374999523162842,0.14694131910800934,0.10217942297458649,0.7654999494552612,0.14655742049217224,0.10562383383512497,0.7634999752044678,0.000952814007177949,0.05308983474969864,0.23849999904632568,0.22997254133224487,0.24521470069885254,1.0555000305175781,0,0,0,0.29030001163482666,0.2932925522327423,0.965999960899353,0,0,0
