0,0,0,0,0,0,0,0,0,-0.22595122456550598,-0.48890694975852966,1.9769999980926514,0.03789933770895004,-0.5144030451774597,2.0399999618530273,-0.25472307205200195,-0.25815942883491516,1.9520000219345093,0.09515223652124405,-0.3236597180366516,2.305999994277954,-0.10726180672645569,-0.1363261491060257,1.9739999771118164,0.1973494440317154,-0.21442759037017822,3.3400001525878906
0,0,0,0,0,0,0,0,0,-0.22176538407802582,-0.5035602450370789,1.996999979019165,0.038178011775016785,-0.5181854963302612,2.055000066757202,-0.2568762004375458,-0.2826690077781677,1.968500018119812,0.09022645652294159,-0.3157612085342407,2.2760000228881836,-0.12412872165441513,-0.16306275129318237,1.9879999160766602,0.20817333459854126,-0.22525139153003693,3.3400001525878906
0,0,0,0,0,0,0,0,0,-0.20821142196655273,-0.5198217034339905,2.0225000381469727,0.04496852308511734,-0.5196983814239502,2.060999870300293,-0.2583116292953491,-0.29707834124565125,1.9795000553131104,0.0922638326883316,-0.30658870935440063,2.2360000610351562,-0.12537750601768494,-0.17121046781539917,2.007999897003174,0.22440916299819946,-0.23066331446170807,3.3400001525878906
0,0,0,0,0,0,0,0,0,-0.19377006590366364,-0.5284010171890259,2.0430002212524414,0.055067140609025955,-0.5204548835754395,2.063999891281128,-0.25705042481422424,-0.30970263481140137,2.0199999809265137,0.09904272109270096,-0.3087550699710846,2.2255001068115234,-0.12612678110599518,-0.17550672590732574,2.0199999809265137,0.24723564088344574,-0.24264392256736755,3.3559999465942383
0,0,0,0,0,0,0,0,0,-0.17624878883361816,-0.5422232747077942,2.070499897003174,0.06895868480205536,-0.5277328491210938,2.0794999599456787,-0.2579449415206909,-0.33238285779953003,2.0799999237060547,0.11055204272270203,-0.31432607769966125,2.239500045776367,-0.12994436919689178,-0.18939262628555298,2.0285000801086426,0.26354923844337463,-0.24264392256736755,3.3559999465942383
0,0,0,0,0,0,0.044260911643505096,-0.3936990797519684,1.1165000200271606,-0.16554228961467743,-0.5512582063674927,2.1050000190734863,0.08671397715806961,-0.526505708694458,2.1015000343322754,-0.256578654050827,-0.3532635569572449,2.124500036239624,0.12279395014047623,-0.30682727694511414,2.264500141143799,-0.12718823552131653,-0.19348683953285217,2.0369999408721924,0.28530070185661316,-0.24264392256736755,3.3559999465942383
0.20025524497032166,-1.2723023891448975,3.692999839782715,0,0,0,0.09070222824811935,-0.6301916837692261,1.7790000438690186,-0.13647842407226562,-0.5648403763771057,2.130500078201294,0.10095524787902832,-0.5263364911079407,2.114500045776367,-0.24223965406417847,-0.3644711375236511,2.1500000953674316,0.13013248145580292,-0.3104965090751648,2.264500141143799,-0.12147494405508041,-0.19823655486106873,2.052000045776367,0.3110002279281616,-0.23607522249221802,3.3400001525878906
0.2436586171388626,-1.2376397848129272,3.626500129699707,0,0,0,0.1628768891096115,-0.9417293667793274,2.683000087738037,-0.11284062266349792,-0.5674915909767151,2.140500068664551,0.12894167006015778,-0.5252596735954285,2.124000072479248,-0.23191511631011963,-0.38085126876831055,2.184000015258789,0.15481960773468018,-0.29392534494400024,2.25,-0.11689548939466476,-0.20519587397575378,2.0889999866485596,0.323464035987854,-0.23335398733615875,3.301500082015991
0.2992931306362152,-1.224841833114624,3.5889999866485596,0,0,0,0.21773339807987213,-0.9936770796775818,2.8309998512268066,-0.08561068773269653,-0.5744275450706482,2.1535000801086426,0.1505068987607956,-0.5215492248535156,2.13700008392334,-0.2189781665802002,-0.39654359221458435,2.2325000762939453,0.17416365444660187,-0.29581955075263977,2.264500141143799,-0.10226810723543167,-0.22376137971878052,2.13700008392334,0.3460748493671417,-0.2200247347354889,3.262500047683716
0.3201379179954529,-1.1177409887313843,3.322499990463257,0,0,0,0.254430890083313,-0.9799156188964844,2.8309998512268066,-0.05813749507069588,-0.5753126740455627,2.1700000762939453,0.17232488095760345,-0.5177545547485352,2.1500000953674316,-0.20413053035736084,-0.42131659388542175,2.2684998512268066,0.19374264776706696,-0.28663551807403564,2.2790000438690186,-0.089369036257267,-0.22966957092285156,2.1600000858306885,0.37518757581710815,-0.20275770127773285,3.240000009536743
0.34892886877059937,-1.023134469985962,3.055999994277954,0,0,0,0.30030280351638794,-0.9799156188964844,2.8309998512268066,-0.0301466453820467,-0.5885608792304993,2.180000066757202,0.2017311453819275,-0.5252384543418884,2.1665000915527344,-0.18013045191764832,-0.43282532691955566,2.2904999256134033,0.21118220686912537,-0.28157711029052734,2.2680001258850098,-0.07198578864336014,-0.2440640777349472,2.1635000705718994,0.4090762436389923,-0.1700691431760788,3.2174999713897705
0.37712690234184265,-1.0058925151824951,3.004499912261963,0,0,0,0.33241310715675354,-0.9753285050392151,2.8309998512268066,0.001652388833463192,-0.594944953918457,2.190500020980835,0.2316182255744934,-0.5293598771095276,2.183500051498413,-0.16051553189754486,-0.4476480185985565,2.3289999961853027,0.2332318127155304,-0.2926018536090851,2.2680001258850098,-0.05110521242022514,-0.2553457021713257,2.1700000762939453,0.4218785762786865,-0.1689327210187912,3.196000099182129
0.40721049904823303,-0.9749364852905273,2.940500020980835,0,0,0,0.3499733805656433,-0.9319939613342285,2.7179999351501465,0.026878952980041504,-0.603500485420227,2.2220001220703125,0.25365689396858215,-0.5310569405555725,2.190500020980835,-0.13295532763004303,-0.4720813035964966,2.375999927520752,0.25612562894821167,-0.2898823618888855,2.2755000591278076,-0.019675156101584435,-0.2581698000431061,2.194000005722046,0.44672080874443054,-0.16853627562522888,3.188499927520752
0.4227561056613922,-0.9272716641426086,2.8524999618530273,0,0,0,0.3808020055294037,-0.909973680973053,2.7179999351501465,0.060323070734739304,-0.614093005657196,2.261000156402588,0.26871031522750854,-0.5291932821273804,2.197499990463257,-0.11041055619716644,-0.4667268693447113,2.388000011444092,0.28606167435646057,-0.28663551807403564,2.2790000438690186,-0.0055159470066428185,-0.26824212074279785,2.2184998989105225,0.48288607597351074,-0.15303699672222137,3.188499927520752
0.45119041204452515,-0.8918982744216919,2.799499988555908,0,0,0,0.41163066029548645,-0.8967614769935608,2.7179999351501465,0.08665262162685394,-0.6115962862968445,2.2790000438690186,0.29099851846694946,-0.5201629400253296,2.2044999599456787,-0.07572860270738602,-0.4714830219745636,2.3924999237060547,0.30821818113327026,-0.2829427719116211,2.2790000438690186,0.016283968463540077,-0.27211129665374756,2.250499963760376,0.5209763050079346,-0.1603865772485733,3.2325000762939453
0.4959680140018463,-0.8973181247711182,2.875,0,0,0,0.45597076416015625,-0.9059918522834778,2.8010001182556152,0.11250194162130356,-0.6079035997390747,2.2790000438690186,0.30625608563423157,-0.514647901058197,2.2114999294281006,-0.04909967631101608,-0.4685754179954529,2.4175000190734863,0.3277570605278015,-0.2764641046524048,2.2864999771118164,0.03495398536324501,-0.2607863247394562,2.2790000438690186,0.5524027943611145,-0.14991112053394318,3.2325000762939453
0.5261968374252319,-0.887183427810669,2.887500047683716,0,0,0,0.4706951677799225,-0.8648571372032166,2.7284998893737793,0.13139672577381134,-0.5950846076011658,2.2864999771118164,0.327756404876709,-0.5038977861404419,2.2114999294281006,-0.021979857236146927,-0.46315428614616394,2.4509999752044678,0.3523590862751007,-0.25968822836875916,2.302000045776367,0.05827580764889717,-0.25103500485420227,2.325500011444092,0.5945340991020203,-0.11958441883325577,3.262500047683716
0.5729842185974121,-0.8403963446617126,2.887500047683716,0,0,0,0.5149062275886536,-0.8250674605369568,2.7284998893737793,0.19067533314228058,-0.5728552341461182,2.2864999771118164,0.3600068688392639,-0.48239758610725403,2.2114999294281006,0.03392234072089195,-0.4592973589897156,2.4730000495910645,0.37286266684532166,-0.24599097669124603,2.313499927520752,0.10225507616996765,-0.2535403072834015,2.384500026702881,0.6535491943359375,-0.09403787553310394,3.2934999465942383
0.6220980286598206,-0.8438775539398193,2.9654998779296875,0,0,0,0.554728090763092,-0.8272089958190918,2.7955000400543213,0.21397559344768524,-0.5608422756195068,2.297999858856201,0.3707570433616638,-0.475230872631073,2.2114999294281006,0.06229785457253456,-0.45768365263938904,2.4860000610351562,0.391605943441391,-0.22724780440330505,2.313499927520752,0.12543731927871704,-0.2496766448020935,2.384500026702881,0.6812480688095093,-0.07337583601474762,3.32450008392334
0.6515706777572632,-0.8267636895179749,2.990499973297119,0,0,0,0.5935896039009094,-0.8318104147911072,2.874000072479248,0.236728236079216,-0.5543586015701294,2.302000045776367,0.37971818447113037,-0.45588499307632446,2.2220001220703125,0.09452322125434875,-0.44157105684280396,2.4860000610351562,0.41283977031707764,-0.20028556883335114,2.3489999771118164,0.15404996275901794,-0.24833858013153076,2.4089999198913574,0.6974085569381714,-0.041055068373680115,3.32450008392334
