-0.16122013330459595,-0.23842278122901917,1.250999927520752,-0.13880354166030884,-0.2766718566417694,1.287500023841858,-0.19125355780124664,-0.26349562406539917,1.2355000972747803,-0.029967952519655228,-0.12979860603809357,1.366499900817871,-0.2849392592906952,-0.13751937448978424,1.4235000610351562,0.058118786662817,0.06704887747764587,1.4084999561309814,-0.2930479943752289,0.04995933547616005,1.5130000114440918,-0.032395243644714355,0.20515544712543488,1.2869999408721924,-0.26778900623321533,0.21664300560951233,1.565999984741211
-0.14320529997348785,-0.24083425104618073,1.253000020980835,-0.12049396336078644,-0.28193485736846924,1.2925000190734863,-0.1749187409877777,-0.270097553730011,1.247499942779541,-0.012276793830096722,-0.1344725489616394,1.36899995803833,-0.27020955085754395,-0.14056260883808136,1.430999994277954,0.06932467222213745,0.05500328168272972,1.4520000219345093,-0.28017815947532654,0.0478217713534832,1.5230000019073486,-0.029924096539616585,0.2042437642812729,1.3645000457763672,-0.2471732795238495,0.2112978994846344,1.5640000104904175
-0.12334379553794861,-0.2457742840051651,1.2574999332427979,-0.09772065281867981,-0.28269830346107483,1.2960000038146973,-0.1536015272140503,-0.27375492453575134,1.2549999952316284,0.0032545062713325024,-0.13906121253967285,1.3704999685287476,-0.2527150511741638,-0.14348039031028748,1.437000036239624,0.08290334790945053,0.04180211201310158,1.4844999313354492,-0.2692919373512268,0.048528268933296204,1.5455000400543213,-0.021906791254878044,0.1961684376001358,1.4179999828338623,-0.2208382934331894,0.21287506818771362,1.5570000410079956
-0.09944333881139755,-0.24919134378433228,1.2645000219345093,-0.0729127898812294,-0.2884477972984314,1.3029999732971191,-0.1294565349817276,-0.27633780241012573,1.2574999332427979,0.029968108981847763,-0.1415911465883255,1.3734999895095825,-0.2299097180366516,-0.14611321687698364,1.440000057220459,0.0966569259762764,0.04501154273748398,1.5115000009536743,-0.2570565342903137,0.05466252565383911,1.5780000686645508,-0.008364320732653141,0.19258196651935577,1.4605000019073486,-0.18743708729743958,0.21219146251678467,1.5520000457763672
-0.07332554459571838,-0.25302842259407043,1.2734999656677246,-0.04775968939065933,-0.2895546555519104,1.3079999685287476,-0.10362306237220764,-0.2801463305950165,1.2654999494552612,0.05237559974193573,-0.14869952201843262,1.377500057220459,-0.2072223275899887,-0.14656980335712433,1.4444999694824219,0.13002605736255646,0.03563437983393669,1.5295000076293945,-0.2390003353357315,0.057799581438302994,1.5940001010894775,0.01332836039364338,0.1813795566558838,1.5049999952316284,-0.15977460145950317,0.1996176838874817,1.5520000457763672
-0.04471561685204506,-0.25669440627098083,1.2815001010894775,-0.01810181513428688,-0.2918970584869385,1.309000015258789,-0.07538904994726181,-0.28604432940483093,1.2734999656677246,0.08171685039997101,-0.14929324388504028,1.3830000162124634,-0.18496178090572357,-0.1521933376789093,1.4535000324249268,0.1533268243074417,0.03337286040186882,1.5394999980926514,-0.21825896203517914,0.05847039818763733,1.6124999523162842,0.03811546042561531,0.17837880551815033,1.5210000276565552,-0.12943033874034882,0.20940648019313812,1.5499999523162842
-0.01776992715895176,-0.2594776153564453,1.2850000858306885,0.011623569764196873,-0.29267752170562744,1.3125,-0.046554744243621826,-0.28638124465942383,1.274999976158142,0.10659784823656082,-0.15410864353179932,1.3860000371932983,-0.1553002893924713,-0.15313570201396942,1.462499976158142,0.18635883927345276,0.028476040810346603,1.5444999933242798,-0.19937600195407867,0.0564291812479496,1.628999948501587,0.0636686459183693,0.17095820605754852,1.5429999828338623,-0.11109193414449692,0.18803192675113678,1.5394999980926514
0.011411025188863277,-0.2580965459346771,1.2885000705718994,0.03942026570439339,-0.2937925159931183,1.317500114440918,-0.017645467072725296,-0.2866058647632599,1.2760000228881836,0.1318226158618927,-0.1592295616865158,1.3914999961853027,-0.13662196695804596,-0.1581990122795105,1.465499997138977,0.2146492898464203,0.03108895942568779,1.5499999523162842,-0.1808992475271225,0.04851061850786209,1.628999948501587,0.08190643042325974,0.16241790354251862,1.556999921798706,-0.09624972194433212,0.16579653322696686,1.5415000915527344
0.04076654091477394,-0.2609920799732208,1.2925000190734863,0.06943898648023605,-0.29648882150650024,1.3200000524520874,0.009240003302693367,-0.28889960050582886,1.2769999504089355,0.15724344551563263,-0.15985892713069916,1.3969999551773071,-0.1108405590057373,-0.16344857215881348,1.4700000286102295,0.23778879642486572,0.031159158796072006,1.5534999370574951,-0.15450386703014374,0.05115014314651489,1.628999948501587,0.10713516175746918,0.15232647955417633,1.556999921798706,-0.0659111738204956,0.17481818795204163,1.5329999923706055
0.07237638533115387,-0.2637987434864044,1.2960000038146973,0.09968405961990356,-0.29953259229660034,1.3240000009536743,0.04030919820070267,-0.29119664430618286,1.277999997138977,0.18305593729019165,-0.16293489933013916,1.4040000438690186,-0.0871991217136383,-0.1613953858613968,1.4730000495910645,0.25817543268203735,0.028669629245996475,1.5549999475479126,-0.13602711260318756,0.05115014314651489,1.628999948501587,0.12479526549577713,0.14728078246116638,1.556999921798706,-0.04603929445147514,0.172334223985672,1.5329999923706055
0.12942397594451904,-0.2666167914867401,1.2994999885559082,0.15838180482387543,-0.3031589388847351,1.3304998874664307,0.0964842438697815,-0.29407063126564026,1.2815001010894775,0.23222756385803223,-0.16849875450134277,1.412500023841858,-0.039504025131464005,-0.1639489084482193,1.4744999408721924,0.3010092079639435,0.026150014251470566,1.5549999475479126,-0.09643405675888062,0.035313017666339874,1.628999948501587,0.1678995043039322,0.14494386315345764,1.559000015258789,-0.008779529482126236,0.16736628115177155,1.5329999923706055
0.15963654220104218,-0.26784780621528625,1.3055000305175781,0.18675829470157623,-0.3037285804748535,1.3329999446868896,0.12788026034832,-0.294644296169281,1.284000039100647,0.25610825419425964,-0.17145249247550964,1.4179999828338623,-0.015612081624567509,-0.16633808612823486,1.4744999408721924,0.3161270022392273,0.021110782399773598,1.5549999475479126,-0.062272604554891586,0.035399727523326874,1.6330000162124634,0.1982128620147705,0.13989166915416718,1.559000015258789,0.013576329685747623,0.17481818795204163,1.5329999923706055
0.19224640727043152,-0.2733289301395416,1.3114999532699585,0.21764828264713287,-0.3089727461338043,1.3369998931884766,0.15921194851398468,-0.2969558835029602,1.2850000858306885,0.27613481879234314,-0.1724802404642105,1.4265000820159912,0.00828828476369381,-0.1665073037147522,1.4759999513626099,0.3319903612136841,0.013582436367869377,1.558500051498413,-0.043750472366809845,0.04069173336029053,1.6330000162124634,0.2290392816066742,0.1376739740371704,1.5625,0.033491842448711395,0.17504625022411346,1.534999966621399
0.22284384071826935,-0.2722378373146057,1.316499948501587,0.24654686450958252,-0.30989712476730347,1.340999960899353,0.1888749599456787,-0.29776471853256226,1.2885000705718994,0.29881101846694946,-0.17589443922042847,1.4355000257492065,0.029812907800078392,-0.1665073037147522,1.4759999513626099,0.3559699058532715,0.011096170172095299,1.5640000104904175,-0.01993630640208721,0.043337732553482056,1.6330000162124634,0.262790709733963,0.13303478062152863,1.5674999952316284,0.058478161692619324,0.1778804361820221,1.5379999876022339
0.25108399987220764,-0.2772887349128723,1.3305000066757202,0.27333298325538635,-0.3107059895992279,1.3445000648498535,0.21592099964618683,-0.3005377948284149,1.3004999160766602,0.323086142539978,-0.18478327989578247,1.4505000114440918,0.05612078309059143,-0.16889891028404236,1.4759999513626099,0.3694659471511841,0.0009615201270207763,1.5674999952316284,-0.0040701404213905334,0.04874885827302933,1.6370000839233398,0.29930078983306885,0.13091117143630981,1.5724999904632568,0.07624363899230957,0.18363741040229797,1.5444999933242798
0.2771736979484558,-0.27968543767929077,1.3420000076293945,0.2984026074409485,-0.31186142563819885,1.3494999408721924,0.2413070648908615,-0.30331096053123474,1.3125,0.33997753262519836,-0.1886817365884781,1.462499976158142,0.08003702759742737,-0.16889891028404236,1.4759999513626099,0.38423770666122437,-0.009247838519513607,1.5759999752044678,0.009139014407992363,0.04055468365550041,1.627500057220459,0.33614423871040344,0.1339259296655655,1.5780000686645508,0.08375148475170135,0.19114522635936737,1.5444999933242798
0.29751813411712646,-0.280414879322052,1.3454999923706055,0.3196145296096802,-0.31336352229118347,1.3559999465942383,0.26550742983818054,-0.3042353093624115,1.316499948501587,0.36077621579170227,-0.19203123450279236,1.4700000286102295,0.09668005257844925,-0.17111645638942719,1.4744999408721924,0.4020441770553589,-0.019709397107362747,1.5959999561309814,0.01959671452641487,0.045617666095495224,1.6200000047683716,0.3668270707130432,0.13648280501365662,1.5780000686645508,0.09376195818185806,0.18864260613918304,1.5444999933242798
0.3142903447151184,-0.2817695140838623,1.3519999980926514,0.3353653848171234,-0.3115105926990509,1.3574999570846558,0.2828894555568695,-0.30689293146133423,1.3280000686645508,0.37142592668533325,-0.2034783661365509,1.4839999675750732,0.11830302327871323,-0.1712905317544937,1.4759999513626099,0.421354204416275,-0.025107549503445625,1.6104999780654907,0.03009653277695179,0.05086754634976387,1.6200000047683716,0.39977702498435974,0.14240416884422302,1.5870000123977661,0.10831988602876663,0.19283287227153778,1.5379999876022339
0.34039032459259033,-0.28343677520751953,1.3599998950958252,0.3606206476688385,-0.3146345615386963,1.3615000247955322,0.30727291107177734,-0.30978161096572876,1.3405001163482666,0.38719549775123596,-0.21760687232017517,1.4984999895095825,0.14700253307819366,-0.1832485795021057,1.4759999513626099,0.4342461824417114,-0.030684417113661766,1.629499912261963,0.043221306055784225,0.053492479026317596,1.6200000047683716,0.45577964186668396,0.16886037588119507,1.593999981880188,0.12879861891269684,0.1711243987083435,1.5444999933242798
0.3484046459197998,-0.28458306193351746,1.3654999732971191,0.3752790689468384,-0.3196030557155609,1.3829998970031738,0.3171396553516388,-0.3109370470046997,1.3454999923706055,0.3937523066997528,-0.22342799603939056,1.5049999952316284,0.161352276802063,-0.18803179264068604,1.4759999513626099,0.451664537191391,-0.0313434898853302,1.6644999980926514,0.0509226955473423,0.05069484934210777,1.6145000457763672,0.4817297160625458,0.17500856518745422,1.6029999256134033,0.1410372257232666,0.16579653322696686,1.5414999723434448
