0,0,0,0,0,0,0,0,0,0.17304880917072296,0.008194422349333763,1.1549999713897705,-0.10143420100212097,-0.018096569925546646,1.0515000820159912,0.18548771739006042,0.19369104504585266,1.2940000295639038,-0.23249521851539612,0.14750969409942627,1.1614999771118164,0.2026999592781067,0.3129587173461914,1.1749999523162842,-0.09138153493404388,0.20321309566497803,1.1159999370574951
0,0,0,0,0,0,0,0,0,0.17476888000965118,0.008187328465282917,1.1540000438690186,-0.09882936626672745,-0.016244687139987946,1.0420000553131104,0.19177788496017456,0.18320749700069427,1.2940000295639038,-0.23676781356334686,0.14971326291561127,1.1640000343322754,0.2025274634361267,0.31839919090270996,1.1740000247955322,-0.08913180232048035,0.1968134641647339,1.1104999780654907
0,0,0,0,0,0,0,0,0,0.17461742460727692,0.008180232718586922,1.152999997138977,-0.09439082443714142,-0.01742536947131157,1.0125000476837158,0.19177788496017456,0.18111078441143036,1.2940000295639038,-0.2329956442117691,0.1459411382675171,1.1640000343322754,0.20218242704868317,0.3064625859260559,1.1719999313354492,-0.0888107419013977,0.19431163370609283,1.1064999103546143
0,0,0,0,0,0,0,0,0,0.17819923162460327,0.011906382627785206,1.1519999504089355,-0.09064330905675888,-0.0170295350253582,0.9895000457763672,0.18946129083633423,0.17461799085140228,1.2925000190734863,-0.23269538581371307,0.14575307071208954,1.162500023841858,0.19581471383571625,0.2997390031814575,1.1679999828338623,-0.08869035542011261,0.19225777685642242,1.1050000190734863
0,0,0,0,0,0,0,0,0,0.17804455757141113,0.011896047741174698,1.1510000228881836,-0.08827509731054306,-0.01529370155185461,0.9810000061988831,0.19155557453632355,0.17252372205257416,1.2925000190734863,-0.2289281040430069,0.14575307071208954,1.162500023841858,0.18939903378486633,0.29189977049827576,1.1519999504089355,-0.08316811174154282,0.1901225596666336,1.1029999256134033
0,0,0,0,0,0,0,0,0,0.177425816655159,0.011854706332087517,1.1470000743865967,-0.0897272527217865,-0.012096086516976357,0.9794999957084656,0.18909482657909393,0.17428024113178253,1.2899999618530273,-0.23110957443714142,0.14971326291561127,1.1640000343322754,0.18324828147888184,0.28625667095184326,1.1370000839233398,-0.07588132470846176,0.1933458149433136,1.1010000705718994
0,0,0,0,0,0,0,0,0,0.17495501041412354,0.011813363991677761,1.1430000066757202,-0.08814012259244919,-0.015270316042006016,0.9794999957084656,0.1868596076965332,0.17832237482070923,1.2890000343322754,-0.22772802412509918,0.14997050166130066,1.1660000085830688,0.17956361174583435,0.2770451009273529,1.1370000839233398,-0.0757090225815773,0.18934690952301025,1.0985000133514404
0,0,0,0,0,0,0,0,0,0.17457234859466553,0.013635516166687012,1.1405000686645508,-0.08859004825353622,-0.012157832272350788,0.984499990940094,0.18664216995239258,0.1781148612499237,1.287500023841858,-0.2300111949443817,0.15022774040699005,1.1679999828338623,0.17956361174583435,0.280729740858078,1.1370000839233398,-0.07191925495862961,0.19051788747310638,1.0950000286102295
0,0,0,0,0,0,0,0,0,0.17434273660182953,0.013617580756545067,1.1389999389648438,-0.08583331853151321,-0.013822897337377071,0.9894999861717224,0.18405425548553467,0.1713891327381134,1.2839999198913574,-0.22831392288208008,0.1522504985332489,1.1689999103546143,0.1777212917804718,0.2733604609966278,1.1370000839233398,-0.07191925495862961,0.19051788747310638,1.0950000286102295
0,0,0,0,0,0,0,0,0,0.17234574258327484,0.013605625368654728,1.1380000114440918,-0.0842299833893776,-0.015426215715706348,0.9894999861717224,0.17781269550323486,0.17555013298988342,1.2839999198913574,-0.22850923240184784,0.1542765498161316,1.1699999570846558,0.17572425305843353,0.2675979435443878,1.1360000371932983,-0.06659643352031708,0.18874362111091614,1.0950000286102295
0,0,0,0,0,0,0,0,0,0.17418968677520752,0.015449563041329384,1.1380000114440918,-0.08495353907346725,-0.015558729879558086,0.9980000257492065,0.18533746898174286,0.16236861050128937,1.278499960899353,-0.2247176468372345,0.1542765498161316,1.1699999570846558,0.17756497859954834,0.263916552066803,1.1360000371932983,-0.06299030780792236,0.1885712742805481,1.0940001010894775
0,0,0,0,0,0,0,0,0,0.17572423815727234,0.013581713661551476,1.1359999179840088,-0.08499609678983688,-0.015566525049507618,0.9984999895095825,0.1806982308626175,0.1701878160238266,1.274999976158142,-0.22263137996196747,0.15793301165103912,1.1689999103546143,0.17756497859954834,0.2657572329044342,1.1360000371932983,-0.061161693185567856,0.19194093346595764,1.093000054359436
0,0,0,0,0,0,0,0,0,0.17518283426761627,0.009869815781712532,1.1324999332427979,-0.08563452959060669,-0.017313502728939056,1.00600004196167,0.1741582751274109,0.17191597819328308,1.2725000381469727,-0.22073720395565033,0.15982718765735626,1.1689999103546143,0.17756497859954834,0.27127930521965027,1.1360000371932983,-0.05748783424496651,0.18973495066165924,1.0905001163482666
0,0,0,0,0,0,0,0,0,0.17518283426761627,0.008034789934754372,1.1324999332427979,-0.08425498008728027,-0.01736513525247574,1.0090000629425049,0.1757354736328125,0.17966793477535248,1.2690000534057617,-0.22073720395565033,0.16361550986766815,1.1689999103546143,0.18124638497829437,0.27864211797714233,1.1360000371932983,-0.0539538711309433,0.18973495066165924,1.0905001163482666
0,0,0,0,0,0,0,0,0,0.17502816021442413,0.008027696050703526,1.131500005722046,-0.08623039722442627,-0.017433974891901016,1.0130000114440918,0.17538924515247345,0.1772618144750595,1.2664999961853027,-0.21694883704185486,0.16361550986766815,1.1689999103546143,0.18292592465877533,0.2783968150615692,1.1349999904632568,-0.05028119310736656,0.18745087087154388,1.0875000953674316
0,0,0,0,0,0,0,0,0,0.17502816021442413,0.013527913019061089,1.131500005722046,-0.08818824589252472,-0.02118713967502117,1.0360000133514404,0.17744140326976776,0.1895747184753418,1.2664999961853027,-0.21487072110176086,0.16347555816173553,1.1679999828338623,0.1866040974855423,0.28943127393722534,1.1349999904632568,-0.04509826377034187,0.18611560761928558,1.090000033378601
0,0,0,0,0,0,0,0,0,0.17526017129421234,0.009874173440039158,1.1329998970031738,-0.08855541050434113,-0.018251461908221245,1.0605000257492065,0.18154573440551758,0.18341827392578125,1.2664999961853027,-0.2069455236196518,0.16886356472969055,1.1660000085830688,0.18627525866031647,0.2797420620918274,1.1329998970031738,-0.039708461612463,0.18921299278736115,1.0875000953674316
0,0,0,0,0,0,0,0,0,0.17541486024856567,0.008045432157814503,1.1339999437332153,-0.08732832223176956,-0.01835472136735916,1.066499948501587,0.1835978925228119,0.18341827392578125,1.2664999961853027,-0.2025570273399353,0.1721239537000656,1.162500023841858,0.18794508278369904,0.2831636071205139,1.1319999694824219,-0.036150943487882614,0.18551799654960632,1.0865000486373901
0,0,0,0,0,0,0,0,0,0.17725235223770142,0.00988288875669241,1.1339999437332153,-0.08568049967288971,-0.0201016366481781,1.0674999952316284,0.17949359118938446,0.18752256035804749,1.2664999961853027,-0.20776022970676422,0.1736333966255188,1.1600000858306885,0.18611085414886475,0.284997820854187,1.1319999694824219,-0.034390442073345184,0.18199701607227325,1.0865000486373901
0,0,0,0,0,0,0,0,0,0.17541486024856567,0.011720344424247742,1.1339999437332153,-0.0858008936047554,-0.02186201885342598,1.069000005722046,0.1797061711549759,0.18774466216564178,1.2680000066757202,-0.20517069101333618,0.17490775883197784,1.156000018119812,0.1817171722650528,0.28203797340393066,1.127500057220459,-0.032629940658807755,0.17847603559494019,1.0865000486373901
