-0.1602133810520172,0.029852230101823807,1.1979999542236328,-0.1298554241657257,0.006593921687453985,1.2044999599456787,-0.1643960028886795,0.005813819356262684,1.062000036239624,-0.005326367914676666,-0.026524825021624565,1.2969999313354492,-0.2535017728805542,-0.053338147699832916,1.0750000476837158,0.012633160687983036,0.19272153079509735,1.4265000820159912,-0.4161108434200287,0.13912279903888702,1.2934999465942383,-0.11047505587339401,0.25162434577941895,1.3229999542236328,-0.2653273046016693,0.21331582963466644,1.181999921798706
-0.15653571486473083,0.03296017274260521,1.1705000400543213,-0.12333782762289047,0.010279424488544464,1.1794999837875366,-0.1576969176530838,0.008972164243459702,1.0295000076293945,-0.0032048935536295176,-0.026361219584941864,1.2890000343322754,-0.2552436590194702,-0.053338147699832916,1.0750000476837158,0.01028918195515871,0.19441770017147064,1.4220000505447388,-0.41192883253097534,0.13979941606521606,1.2804999351501465,-0.10792192816734314,0.2549445629119873,1.3179999589920044,-0.26946771144866943,0.21205253899097443,1.1749999523162842
-0.1454976350069046,0.0372796356678009,1.128999948501587,-0.1154116839170456,0.020999811589717865,1.1389999389648438,-0.15409722924232483,0.015287577174603939,1.00600004196167,0.0009632962755858898,-0.01783915050327778,1.2769999504089355,-0.25698551535606384,-0.04985443502664566,1.0750000476837158,0.012557883746922016,0.20535895228385925,1.4179999828338623,-0.41497737169265747,0.14215043187141418,1.2644999027252197,-0.11389503628015518,0.26248741149902344,1.312999963760376,-0.2704477906227112,0.21892032027244568,1.1710000038146973
-0.14419518411159515,0.040068089962005615,1.1050000190734863,-0.1115221306681633,0.024246538057923317,1.118499994277954,-0.14986249804496765,0.01842784322798252,0.9994999766349792,0.0009587701642885804,-0.011577006429433823,1.2709999084472656,-0.25872737169265747,-0.04462886601686478,1.0750000476837158,0.019334224984049797,0.21097953617572784,1.409500002861023,-0.41310977935791016,0.14416642487049103,1.246500015258789,-0.113157719373703,0.2629018723964691,1.3044999837875366,-0.27307167649269104,0.22176416218280792,1.1660000085830688
-0.13940531015396118,0.046823907643556595,1.0954999923706055,-0.10730666667222977,0.02726072072982788,1.0940001010894775,-0.14828814566135406,0.023041779175400734,0.9889999628067017,0.002992103574797511,-0.003310339991003275,1.2599999904632568,-0.2575831413269043,-0.04124083369970322,1.0774999856948853,0.02380022034049034,0.2191779762506485,1.403499960899353,-0.4141373634338379,0.14914098381996155,1.2374999523162842,-0.11002249270677567,0.26257771253585815,1.2925000190734863,-0.27154940366744995,0.22616423666477203,1.159500002861023
-0.13542111217975616,0.05021311715245247,1.0920000076293945,-0.10321880877017975,0.030130185186862946,1.0699999332427979,-0.14332276582717896,0.025928331539034843,0.9769999980926514,0.004971811082214117,0.002779891714453697,1.244499921798706,-0.25583723187446594,-0.03949492797255516,1.0774999856948853,0.026027927175164223,0.22786790132522583,1.4010000228881836,-0.41496556997299194,0.15671713650226593,1.2339999675750732,-0.10734368860721588,0.2715703248977661,1.2855000495910645,-0.268158882856369,0.2286328822374344,1.152999997138977
-0.13188228011131287,0.059060126543045044,1.0920000076293945,-0.10321880877017975,0.037065207958221436,1.0699999332427979,-0.14229589700698853,0.03045772947371006,0.9700000286102295,0.0029422349762171507,0.006782788783311844,1.2389999628067017,-0.25818076729774475,-0.03433668613433838,1.0799999237060547,0.030480852350592613,0.23174454271793365,1.3970000743865967,-0.4107908010482788,0.15788060426712036,1.2274999618530273,-0.10419625043869019,0.2750096023082733,1.2725000381469727,-0.271187961101532,0.23362816870212555,1.1500000953674316
-0.134242981672287,0.06030033528804779,1.0824999809265137,-0.10288117825984955,0.04040013253688812,1.066499948501587,-0.1407555639743805,0.03323744609951973,0.9594999551773071,0.004897903650999069,0.010684676468372345,1.2260000705718994,-0.26101380586624146,-0.02920801006257534,1.0845000743865967,0.03005538508296013,0.23297375440597534,1.377500057220459,-0.40895020961761475,0.1611332893371582,1.222000002861023,-0.10333648324012756,0.27683010697364807,1.2620000839233398,-0.2683877646923065,0.23652933537960052,1.1460000276565552
-0.13188675045967102,0.0609651654958725,1.063499927520752,-0.10273648798465729,0.0420689694583416,1.065000057220459,-0.13818837702274323,0.03263124078512192,0.9420000314712524,0.004845968447625637,0.010571380145847797,1.2130000591278076,-0.26101380586624146,-0.02745075896382332,1.0845000743865967,0.03187721595168114,0.23221762478351593,1.3599998950958252,-0.40630409121513367,0.16679999232292175,1.2200000286102295,-0.10317271202802658,0.2763913869857788,1.2599999904632568,-0.2652517259120941,0.23909014463424683,1.1405000686645508
-0.13008859753608704,0.05673449859023094,1.0490000247955322,-0.10063144564628601,0.03847261890769005,1.061000108718872,-0.13686810433864594,0.030807705596089363,0.9329999685287476,0.002878118772059679,0.010562664829194546,1.2120000123977661,-0.266899436712265,-0.027514038607478142,1.0870000123977661,0.029400819912552834,0.22789989411830902,1.347499966621399,-0.4039958119392395,0.1686384528875351,1.218999981880188,-0.09972648322582245,0.27456584572792053,1.2424999475479126,-0.26651421189308167,0.23856604099273682,1.1380000114440918
-0.1266891062259674,0.05673449859023094,1.0490000247955322,-0.09891226887702942,0.03847261890769005,1.061000108718872,-0.133342444896698,0.032198235392570496,0.9294999837875366,0.0009127553203143179,0.006624031346291304,1.2100000381469727,-0.2680428624153137,-0.023936260491609573,1.0845000743865967,0.03127951920032501,0.22786355018615723,1.3344999551773071,-0.3962714374065399,0.17096062004566193,1.2074999809265137,-0.09641560167074203,0.26893317699432373,1.2259999513626099,-0.2678864896297455,0.23814675211906433,1.1359999179840088
-0.12498937547206879,0.05503477156162262,1.0490000247955322,-0.09719308465719223,0.033315107226371765,1.061000108718872,-0.1329120695590973,0.029091838747262955,0.9264999628067017,0.0028686197474598885,0.0066130817867815495,1.2079999446868896,-0.2671778202056885,-0.02035585045814514,1.0810000896453857,0.026894234120845795,0.22303637862205505,1.3315000534057617,-0.3908860683441162,0.17335307598114014,1.1970000267028809,-0.096219003200531,0.27036726474761963,1.2235000133514404,-0.2586829662322998,0.23814675211906433,1.1359999179840088
-0.13008859753608704,0.0533350445330143,1.0490000247955322,-0.10191652178764343,0.033173803240060806,1.05649995803833,-0.13839228451251984,0.0259908065199852,0.9229999780654907,-0.0029972840566188097,0.012459326535463333,1.2055000066757202,-0.2741841673851013,-0.015101115219295025,1.0810000896453857,0.02901899255812168,0.22063009440898895,1.3300000429153442,-0.38829660415649414,0.17693601548671722,1.1949999332427979,-0.09206552058458328,0.2737716734409332,1.2209999561309814,-0.2617869973182678,0.2412959635257721,1.1334999799728394
-0.13273057341575623,0.05371636897325516,1.05649995803833,-0.10402075946331024,0.03501776233315468,1.0605000257492065,-0.14061754941940308,0.0288249421864748,0.9179999828338623,-0.00689533818513155,0.012443823739886284,1.2039999961853027,-0.27768734097480774,-0.015101115219295025,1.0810000896453857,0.026863936334848404,0.2227851152420044,1.3300000429153442,-0.38571372628211975,0.18243907392024994,1.193000078201294,-0.09199012070894241,0.2755242586135864,1.2200000286102295,-0.25686126947402954,0.24378061294555664,1.128000020980835
-0.13583216071128845,0.055297091603279114,1.0540000200271606,-0.10628751665353775,0.0351993702352047,1.065999984741211,-0.14179542660713196,0.02876214310526848,0.9160000085830688,-0.008838883601129055,0.012433488853275776,1.2030000686645508,-0.2803437113761902,-0.00636375742033124,1.0845000743865967,0.024690303951501846,0.22477103769779205,1.3289999961853027,-0.38571372628211975,0.1882382482290268,1.193000078201294,-0.08774784207344055,0.2765912413597107,1.2160000801086426,-0.2564058303833008,0.24517285823822021,1.125999927520752
-0.13754001259803772,0.055297091603279114,1.0540000200271606,-0.10745751112699509,0.03501776233315468,1.0605000257492065,-0.14312323927879333,0.028730742633342743,0.9149999618530273,-0.010770219378173351,0.01241281721740961,1.2009999752044678,-0.2831414043903351,-0.0010960346553474665,1.0885000228881836,0.024690303951501846,0.22261761128902435,1.3289999961853027,-0.3873218297958374,0.19580620527267456,1.1920000314712524,-0.0894230529665947,0.2796090841293335,1.2120000123977661,-0.254355251789093,0.25042375922203064,1.125
-0.13948461413383484,0.05640999227762222,1.0429999828338623,-0.11042369157075882,0.038291312754154205,1.055999994277954,-0.14413173496723175,0.031592030078172684,0.9120000004768372,-0.014625655487179756,0.010440653190016747,1.1979999542236328,-0.2868005931377411,0.0024325449485331774,1.0889999866485596,0.020383434370160103,0.22261761128902435,1.3289999961853027,-0.39471617341041565,0.20143137872219086,1.190999984741211,-0.08927548676729202,0.2791476845741272,1.2100000381469727,-0.24970665574073792,0.25668439269065857,1.120500087738037
-0.14455465972423553,0.06148001179099083,1.0429999828338623,-0.11384585499763489,0.040002383291721344,1.055999994277954,-0.1481577455997467,0.03297911956906319,0.909500002861023,-0.02233426459133625,0.002669321605935693,1.1949999332427979,-0.29697829484939575,0.0041913059540092945,1.0875000953674316,0.022477515041828156,0.21988359093666077,1.3255000114440918,-0.39824122190475464,0.20897503197193146,1.190000057220459,-0.09089679270982742,0.28006282448768616,1.2055000066757202,-0.24950197339057922,0.26542866230010986,1.1115000247955322
-0.14455465972423553,0.06148001179099083,1.0429999828338623,-0.11726802587509155,0.040002383291721344,1.055999994277954,-0.1511051505804062,0.03592650219798088,0.909500002861023,-0.020380888134241104,0.002667088061571121,1.194000005722046,-0.3022646903991699,0.0041913059540092945,1.0875000953674316,0.015985839068889618,0.21922005712985992,1.3215000629425049,-0.4040258526802063,0.21090322732925415,1.190000057220459,-0.09227244555950165,0.27832040190696716,1.1979999542236328,-0.2459181398153305,0.2688823640346527,1.1035000085830688
-0.14962470531463623,0.0648600235581398,1.0429999828338623,-0.12091875821352005,0.043506767600774765,1.0579999685287476,-0.15405254065990448,0.037400197237730026,0.909500002861023,-0.024189332500100136,0.0026603867299854755,1.190999984741211,-0.3093131482601166,0.0077155283652246,1.0875000953674316,0.007412287872284651,0.21683236956596375,1.3200000524520874,-0.40946608781814575,0.21843230724334717,1.1890000104904175,-0.09567321836948395,0.278857946395874,1.1920000314712524,-0.24335578083992004,0.2715942859649658,1.100000023841858
