-0.12766188383102417,-0.09162028133869171,1.1170001029968262,-0.09780722111463547,-0.127756729722023,1.1489999294281006,-0.15255439281463623,-0.12450002133846283,1.0880000591278076,-0.01149660348892212,0.011172719299793243,1.281999945640564,-0.27622613310813904,-0.04944971948862076,1.2395000457763672,0.00571089144796133,0.260298490524292,1.4294999837875366,-0.31366226077079773,0.05391974747180939,1.0605000257492065,-0.06146189570426941,0.5111958980560303,1.4854999780654907,-0.30451440811157227,0.10273493081331253,0.8759999871253967
-0.12393098324537277,-0.09515483677387238,1.1160000562667847,-0.09594545513391495,-0.127756729722023,1.1489999294281006,-0.14902852475643158,-0.12626294791698456,1.0880000591278076,-0.005268874578177929,0.002865890972316265,1.2829999923706055,-0.27699992060661316,-0.04523131251335144,1.2339999675750732,0.010321741923689842,0.2551294267177582,1.4264999628067017,-0.30861660838127136,0.05534955859184265,1.0550000667572021,-0.05867721512913704,0.5031435489654541,1.4760000705718994,-0.29599788784980774,0.09989610314369202,0.8759999871253967
-0.12031437456607819,-0.09515483677387238,1.1160000562667847,-0.0924627035856247,-0.129956915974617,1.1519999504089355,-0.14550265669822693,-0.12626294791698456,1.0880000591278076,-0.00527708837762475,0.0007882318459451199,1.2850000858306885,-0.27056220173835754,-0.04316175729036331,1.2319999933242798,0.019526265561580658,0.2568994164466858,1.4235000610351562,-0.30244943499565125,0.05823926255106926,1.0455000400543213,-0.05814053490757942,0.5009113550186157,1.4625000953674316,-0.29332640767097473,0.1013733446598053,0.8765000104904175
-0.11850608140230179,-0.09696312993764877,1.1160000562667847,-0.09051742404699326,-0.13170911371707916,1.1510000228881836,-0.14197680354118347,-0.1280258595943451,1.0880000591278076,0.000970085384324193,-0.003378648776561022,1.2860000133514404,-0.2653796374797821,-0.04296907037496567,1.2265000343322754,0.026418067514896393,0.2474122792482376,1.4220000505447388,-0.29130783677101135,0.054352741688489914,1.0360000133514404,-0.0432463064789772,0.49553826451301575,1.440000057220459,-0.286878377199173,0.10018119215965271,0.8784999847412109
-0.11308117210865021,-0.09696312993764877,1.1160000562667847,-0.0867874026298523,-0.13170911371707916,1.1510000228881836,-0.13845092058181763,-0.1280258595943451,1.0880000591278076,0.00932321511209011,-0.005473015364259481,1.2885000705718994,-0.26023271679878235,-0.042776383459568024,1.2209999561309814,0.03563457354903221,0.2497163712978363,1.4220000505447388,-0.28376901149749756,0.0541953481733799,1.0329999923706055,-0.02879972755908966,0.48566991090774536,1.4179999828338623,-0.2797609865665436,0.09733427315950394,0.8784999847412109
-0.10956265777349472,-0.09885992854833603,1.1170001029968262,-0.08312952518463135,-0.13369016349315643,1.1519999504089355,-0.13517308235168457,-0.13002736866474152,1.090000033378601,0.011464160867035389,-0.00759601965546608,1.2944999933242798,-0.2542974054813385,-0.03684110566973686,1.2209999561309814,0.04250207543373108,0.25405633449554443,1.4205000400543213,-0.2783428132534027,0.05745939537882805,1.031499981880188,-0.017189418897032738,0.48452627658843994,1.4079999923706055,-0.27344319224357605,0.10279356688261032,0.8765000104904175
-0.10603765398263931,-0.10075995326042175,1.1180000305175781,-0.08126289397478104,-0.13555678725242615,1.1519999504089355,-0.13560712337493896,-0.1322167068719864,1.093500018119812,0.013598361052572727,-0.011822938919067383,1.2979999780654907,-0.25231897830963135,-0.04079796001315117,1.2209999561309814,0.04705572500824928,0.24689030647277832,1.4190000295639038,-0.27293118834495544,0.05570689216256142,1.0299999713897705,0.0010590979363769293,0.4785999357700348,1.4040000438690186,-0.26588621735572815,0.10119985789060593,0.875
-0.10613249242305756,-0.10266321897506714,1.11899995803833,-0.07939625531435013,-0.13742341101169586,1.1519999504089355,-0.13206343352794647,-0.1322167068719864,1.093500018119812,0.013598361052572727,-0.013926130719482899,1.2979999780654907,-0.2503405213356018,-0.038819532841444016,1.2209999561309814,0.051508642733097076,0.2439015656709671,1.4149999618530273,-0.26933157444000244,0.055652812123298645,1.0290000438690186,0.021449385210871696,0.4789910614490509,1.3984999656677246,-0.25879722833633423,0.0997820645570755,0.875
-0.10441256314516068,-0.10456974804401398,1.1200000047683716,-0.0800510048866272,-0.14043869078159332,1.1614999771118164,-0.13206343352794647,-0.1322167068719864,1.093500018119812,0.015719709917902946,-0.016047844663262367,1.2994999885559082,-0.24836209416389465,-0.038819532841444016,1.2209999561309814,0.05380142852663994,0.2370232492685318,1.4149999618530273,-0.26599693298339844,0.055652812123298645,1.0290000438690186,0.03957777097821236,0.4789910614490509,1.3984999656677246,-0.254980206489563,0.09853290766477585,0.8765000104904175
-0.10483208298683167,-0.10863402485847473,1.124500036239624,-0.0809125155210495,-0.1457546353340149,1.1740000247955322,-0.1333315372467041,-0.13706399500370026,1.1040000915527344,0.01154386531561613,-0.018209343776106834,1.3034999370574951,-0.2488706260919571,-0.038899015635252,1.2235000133514404,0.05822194367647171,0.23635323345661163,1.4110000133514404,-0.26432958245277405,0.05398549512028694,1.0290000438690186,0.05317406356334686,0.46992695331573486,1.3984999656677246,-0.2527150809764862,0.09591080993413925,0.8784999847412109
-0.10525158792734146,-0.11089809983968735,1.128999948501587,-0.08125710487365723,-0.14828576147556305,1.178999900817871,-0.13472039997577667,-0.14210668206214905,1.1154999732971191,0.011566005647182465,-0.022476574406027794,1.305999994277954,-0.2468881458044052,-0.038899015635252,1.2235000133514404,0.06050824746489525,0.22034922242164612,1.4110000133514404,-0.26124855875968933,0.05570689216256142,1.0299999713897705,0.06923385709524155,0.4667259752750397,1.4024999141693115,-0.2495758831501007,0.09634751081466675,0.8824999928474426
-0.10539142787456512,-0.11470901221036911,1.1304999589920044,-0.08146386593580246,-0.15249353647232056,1.181999921798706,-0.13520348072052002,-0.14261625707149506,1.1195000410079956,0.015810435637831688,-0.02461155690252781,1.306999921798706,-0.2456062287092209,-0.042986586689949036,1.2269999980926514,0.06297256797552109,0.21638831496238708,1.4149999618530273,-0.2585366666316986,0.05416911840438843,1.0325000286102295,0.08514156192541122,0.45763593912124634,1.4024999141693115,-0.2499736249446869,0.09417621046304703,0.8889999985694885
-0.10590416193008423,-0.1152670755982399,1.1359999179840088,-0.08187739551067352,-0.15326762199401855,1.187999963760376,-0.13732343912124634,-0.14475275576114655,1.121999979019165,0.017955658957362175,-0.02464922145009041,1.309000015258789,-0.24381662905216217,-0.0410318560898304,1.2280000448226929,0.06526535004377365,0.21180278062820435,1.4149999618530273,-0.25891226530075073,0.054247815161943436,1.034000039100647,0.09423168003559113,0.44400084018707275,1.4024999141693115,-0.2499309480190277,0.09325730055570602,0.8939999938011169
-0.10855106264352798,-0.1161295622587204,1.1445000171661377,-0.0842256098985672,-0.15597638487815857,1.194000005722046,-0.1393895000219345,-0.1450107842683792,1.124000072479248,0.02009202167391777,-0.026790685951709747,1.309999942779541,-0.24421371519565582,-0.04109868407249451,1.2300000190734863,0.06803557276725769,0.20868168771266937,1.4249999523162842,-0.25891226530075073,0.055923234671354294,1.034000039100647,0.10216604173183441,0.43971729278564453,1.4179999828338623,-0.2502105236053467,0.0919114202260971,0.8949999809265137
-0.10720933228731155,-0.11855102330446243,1.1500000953674316,-0.08457831293344498,-0.16051509976387024,1.1990000009536743,-0.13963750004768372,-0.14526879787445068,1.125999927520752,0.022214669734239578,-0.02891332097351551,1.309999942779541,-0.2406182736158371,-0.04316175729036331,1.2319999933242798,0.08232049643993378,0.198174387216568,1.4325000047683716,-0.25065621733665466,0.05092157796025276,1.034500002861023,0.1152973547577858,0.41344237327575684,1.438499927520752,-0.24295949935913086,0.08756082504987717,0.8949999809265137
-0.10552913695573807,-0.12062381207942963,1.1519999504089355,-0.08486048132181168,-0.16105060279369354,1.2030000686645508,-0.13623003661632538,-0.14552684128284454,1.128000020980835,0.026490263640880585,-0.02894642762839794,1.3114999532699585,-0.2386220246553421,-0.04116550832986832,1.2319999933242798,0.08508478850126266,0.19221211969852448,1.440000057220459,-0.24742324650287628,0.0509461872279644,1.034999966621399,0.15736031532287598,0.5270589590072632,1.8870000839233398,-0.24046142399311066,0.08625495433807373,0.8964999914169312
-0.10402244329452515,-0.1210426464676857,1.156000018119812,-0.08322133868932724,-0.16165302693843842,1.2074999809265137,-0.13653196394443512,-0.14584936201572418,1.1304999589920044,0.026540759950876236,-0.031130723655223846,1.3140000104904175,-0.23282207548618317,-0.04319678992033005,1.2330000400543213,0.09031232446432114,0.18402199447155,1.4490000009536743,-0.24262629449367523,0.04763808473944664,1.0360000133514404,0.16837021708488464,0.5270944237709045,1.94350004196167,-0.2366139441728592,0.08111743628978729,0.9040000438690186
-0.10250280052423477,-0.12334106862545013,1.1600000858306885,-0.07960377633571625,-0.16421931982040405,1.2120000123977661,-0.13155816495418549,-0.14826901257038116,1.1349999904632568,0.028746258467435837,-0.0354832224547863,1.317500114440918,-0.2291974425315857,-0.04326685518026352,1.2349998950958252,0.09059279412031174,0.17281773686408997,1.4535000324249268,-0.23613929748535156,0.049364347010850906,1.0369999408721924,0.21414053440093994,0.6120099425315857,2.3404998779296875,-0.2369699776172638,0.08174555003643036,0.9110000133514404
-0.09707275778055191,-0.12549051642417908,1.162500023841858,-0.07580094039440155,-0.1664573699235916,1.2139999866485596,-0.12648510932922363,-0.14879153668880463,1.1389999389648438,0.03307850658893585,-0.0355505496263504,1.3200000524520874,-0.22537755966186523,-0.04530462250113487,1.2359999418258667,0.09549983590841293,0.1708144247531891,1.4565000534057617,-0.23276981711387634,0.046336498111486435,1.0444999933242798,0.22395159304141998,0.6066634654998779,2.363999843597412,-0.2340177297592163,0.08174555003643036,0.9110000133514404
-0.09169705957174301,-0.12964695692062378,1.1660000085830688,-0.0700148195028305,-0.1706722527742386,1.2160000801086426,-0.12360253185033798,-0.1534867137670517,1.1464999914169312,0.037752415984869,-0.03808912634849548,1.3340001106262207,-0.2157994657754898,-0.04338947683572769,1.2384999990463257,0.09866610914468765,0.16508334875106812,1.4684998989105225,-0.22805555164813995,0.04675794392824173,1.0540000200271606,0.23828153312206268,0.6023474335670471,2.3924999237060547,-0.2289896011352539,0.08057782053947449,0.9144999980926514
