-0.3307401239871979,-0.32194218039512634,1.8634999990463257,-0.3345106542110443,-0.3466571271419525,1.8345000743865967,0,0,0,-0.19577986001968384,-0.1931704431772232,1.7630000114440918,-0.08156992495059967,-0.3917122185230255,1.9714999198913574,-0.15700958669185638,0.004459666088223457,1.996500015258789,0,0,0,-0.21571581065654755,0.18712329864501953,2.1635000705718994,0,0,0
-0.3086405396461487,-0.3089030086994171,1.8760000467300415,-0.3145580291748047,-0.33269888162612915,1.8394999504089355,0,0,0,-0.17975446581840515,-0.1857522875070572,1.7739999294281006,-0.06614640355110168,-0.3917693793773651,1.9879999160766602,-0.14446642994880676,0.017447570338845253,2.002000093460083,0,0,0,-0.21186690032482147,0.20082023739814758,2.1600000858306885,0,0,0
-0.3003195524215698,-0.30363065004348755,1.88100004196167,-0.303046852350235,-0.3241971433162689,1.8420000076293945,0,0,0,-0.16003799438476562,-0.16028764843940735,1.7785000801086426,-0.046818964183330536,-0.3788844645023346,1.9879999160766602,-0.13797858357429504,0.04339881241321564,2.002000093460083,0,0,0,-0.19754652678966522,0.20049484074115753,2.1565001010894775,0,0,0
-0.2824072241783142,-0.28267091512680054,1.883500099182129,-0.28960949182510376,-0.3018687665462494,1.8515000343322754,0,0,0,-0.15160545706748962,-0.16051295399665833,1.781000018119812,-0.030751388520002365,-0.3664598762989044,1.9904999732971191,-0.1255648285150528,0.04033542051911354,2.011000156402588,0,0,0,-0.18736732006072998,0.20432017743587494,2.1600000858306885,0,0,0
-0.27019956707954407,-0.26130765676498413,1.883500099182129,-0.27460917830467224,-0.2838685214519501,1.8515000343322754,0,0,0,-0.14076992869377136,-0.15842367708683014,1.7899999618530273,-0.017953354865312576,-0.3523575961589813,2.002000093460083,-0.12575213611125946,0.040395587682724,2.0139999389648438,0,0,0,-0.17715409398078918,0.20815682411193848,2.1635000705718994,0,0,0
-0.2651473879814148,-0.2470279335975647,1.8910000324249268,-0.2744697034358978,-0.27473166584968567,1.871000051498413,0,0,0,-0.1301424503326416,-0.15085168182849884,1.8034999370574951,-0.014709429815411568,-0.3523575961589813,2.002000093460083,-0.11972859501838684,0.06350593268871307,2.0225000381469727,0,0,0,-0.1914416402578354,0.19791412353515625,2.1665000915527344,0,0,0
-0.2595420777797699,-0.23806175589561462,1.9175000190734863,-0.2705582082271576,-0.25859853625297546,1.8860000371932983,0,0,0,-0.1282077431678772,-0.13435298204421997,1.8174999952316284,-0.008246219716966152,-0.3403990566730499,2.007999897003174,-0.11972859501838684,0.08316866308450699,2.0225000381469727,0,0,0,-0.19585195183753967,0.19882763922214508,2.176500082015991,0,0,0
-0.2561684846878052,-0.2281637340784073,1.9390000104904175,-0.2631920278072357,-0.24807298183441162,1.8989999294281006,0,0,0,-0.12346189469099045,-0.13858217000961304,1.8345000743865967,-0.01153422798961401,-0.33815282583236694,2.0139999389648438,-0.12005419284105301,0.07682276517152786,2.0280001163482666,0,0,0,-0.2029053121805191,0.19530099630355835,2.176500082015991,0,0,0
-0.2536791265010834,-0.21300247311592102,1.944000005722046,-0.26189568638801575,-0.24047699570655823,1.9119999408721924,0,0,0,-0.12209852784872055,-0.13742072880268097,1.8589999675750732,-0.01155140995979309,-0.3288519084453583,2.0169999599456787,-0.12718825042247772,0.07386308163404465,2.0370001792907715,0,0,0,-0.23690934479236603,0.1900639832019806,2.197499990463257,0,0,0
-0.2582162320613861,-0.21098598837852478,1.9544999599456787,-0.2633339464664459,-0.23556743562221527,1.9225000143051147,0,0,0,-0.12763449549674988,-0.1309739500284195,1.8965001106262207,-0.01155140995979309,-0.31577908992767334,2.0169999599456787,-0.1403907984495163,0.08046431094408035,2.0370001792907715,0.1318802684545517,-0.22430986166000366,2.3615000247955322,-0.25355222821235657,0.19188028573989868,2.2184998989105225,0,0,0
-0.25933921337127686,-0.21190355718135834,1.9630000591278076,-0.2655255198478699,-0.23124590516090393,1.938499927520752,0,0,0,-0.1292160451412201,-0.12637479603290558,1.9200000762939453,-0.008283180184662342,-0.3190472722053528,2.0169999599456787,-0.16753283143043518,0.11065661162137985,2.0460000038146973,0,0,0,-0.2904130220413208,0.1924857348203659,2.2255001068115234,0,0,0
-0.2565499544143677,-0.20904183387756348,1.965999960899353,-0.2673746943473816,-0.2296934574842453,1.9520000219345093,0,0,0,-0.12941794097423553,-0.12345635145902634,1.9229999780654907,-0.005036083050072193,-0.3171098232269287,2.0254998207092285,-0.17416326701641083,0.11728701740503311,2.0460000038146973,0,0,0,-0.30312618613243103,0.1864391416311264,2.239500045776367,0,0,0
-0.25439533591270447,-0.20669393241405487,1.9739999771118164,-0.26292115449905396,-0.22815528512001038,1.9660000801086426,0,0,0,-0.13582614064216614,-0.12361685186624527,1.9254999160766602,-0.00831808615475893,-0.3105458617210388,2.0254998207092285,-0.17467400431632996,0.11430604010820389,2.052000045776367,0,0,0,-0.31597545742988586,0.18395322561264038,2.253499984741211,0,0,0
-0.2554263174533844,-0.20432008802890778,1.9819999933242798,-0.2643921971321106,-0.22622843086719513,1.9769999980926514,0,0,0,-0.13952338695526123,-0.12413045763969421,1.933500051498413,-0.011648768559098244,-0.3085533082485199,2.0339999198913574,-0.1912987381219864,0.1176309660077095,2.052000045776367,0,0,0,-0.33345821499824524,0.18762657046318054,2.2985000610351562,0,0,0
-0.25942081212997437,-0.20171739161014557,1.9879999160766602,-0.26472654938697815,-0.22651450335979462,1.9795000553131104,0,0,0,-0.14620396494865417,-0.12762537598609924,1.9390000104904175,-0.014966586604714394,-0.3090084195137024,2.0369999408721924,-0.19881679117679596,0.1148073747754097,2.060999870300293,0,0,0,-0.35247567296028137,0.19784444570541382,2.376500129699707,0,0,0
-0.25916367769241333,-0.20730964839458466,2.011000156402588,-0.2678024470806122,-0.22914640605449677,2.002500057220459,0,0,0,-0.14996197819709778,-0.11868757754564285,1.9470000267028809,-0.011683131568133831,-0.30615800619125366,2.0399999618530273,-0.20126286149024963,0.09413695335388184,2.121999979019165,0,0,0,-0.3473789691925049,0.20159073173999786,2.4215002059936523,0,0,0
-0.26174113154411316,-0.21266230940818787,2.0310001373291016,-0.27087831497192383,-0.23506028950214386,2.0255000591278076,0,0,0,-0.1539425402879715,-0.12249943614006042,1.9574999809265137,0.0015411232598125935,-0.30660825967788696,2.0429999828338623,-0.20875568687915802,0.08694253116846085,2.2009999752044678,0,0,0,-0.35253575444221497,0.2022983431816101,2.430000066757202,0,0,0
-0.25921371579170227,-0.22319239377975464,2.0369999408721924,-0.2650320529937744,-0.24557124078273773,2.0310001373291016,0,0,0,-0.16391727328300476,-0.13238577544689178,1.9630000591278076,0.008173826150596142,-0.31368890404701233,2.0460000038146973,-0.25435230135917664,0.12397081404924393,2.2255001068115234,0,0,0,-0.38275691866874695,0.21164348721504211,2.447000026702881,0,0,0
-0.25372856855392456,-0.22086331248283386,2.0460000038146973,-0.2629009485244751,-0.24665942788124084,2.0399999618530273,0,0,0,-0.16118687391281128,-0.14232555031776428,1.9684998989105225,0.011556430719792843,-0.3155287504196167,2.058000087738037,-0.26761722564697266,0.13790808618068695,2.2769999504089355,0,0,0,-0.3926825523376465,0.22468023002147675,2.4594998359680176,0,0,0
-0.24818505346775055,-0.23515398800373077,2.055000066757202,-0.2607407569885254,-0.254387766122818,2.0490000247955322,0,0,0,-0.16483581066131592,-0.1459217518568039,1.9739999771118164,0.014912799932062626,-0.3193281590938568,2.060999870300293,-0.24034930765628815,0.07217225432395935,2.2985000610351562,0.14185704290866852,-0.19774916768074036,2.2760000228881836,-0.3541214168071747,0.2215026468038559,2.4685001373291016,0,0,0
