0.029005924239754677,0.014795220457017422,1.2374999523162842,0.04590275511145592,-0.0217021144926548,1.2610000371932983,-0.006113599520176649,-0.004534298088401556,1.0674999952316284,0.06233013793826103,-0.020352628082036972,1.3055000305175781,-0.18635888397693634,0.08121742308139801,1.1554999351501465,0.10928970575332642,0.19658346474170685,1.4210000038146973,-0.19469380378723145,0.3416447043418884,1.2985000610351562,0.19929000735282898,0.6107769012451172,2.000999927520752,0,0,0
0.02441992610692978,0.02620837464928627,1.2090001106262207,0.03963107243180275,-0.009408986195921898,1.256500005722046,-0.009523708373308182,0.0075346119701862335,1.062000036239624,0.04726782813668251,-0.011827494017779827,1.2985000610351562,-0.18474608659744263,0.09536326676607132,1.1454999446868896,0.1034323200583458,0.19195671379566193,1.4040000438690186,-0.19184498488903046,0.3553045690059662,1.2795000076293945,0.18461526930332184,0.5910409092903137,1.9159998893737793,0,0,0
0.016282174736261368,0.048811472952365875,1.187000036239624,0.03134940192103386,0.014956622384488583,1.250999927520752,-0.017777802422642708,0.03101523220539093,1.0415000915527344,0.015592695213854313,0.021676765754818916,1.2890000343322754,-0.19365966320037842,0.1199713721871376,1.1324999332427979,0.08010804653167725,0.19510698318481445,1.3940000534057617,-0.19384697079658508,0.390377014875412,1.2655000686645508,0.12496598064899445,0.4368026554584503,1.4159998893737793,0,0,0
0.006598058622330427,0.06164523959159851,1.1749999523162842,0.021214161068201065,0.027118835598230362,1.250999927520752,-0.022489674389362335,0.03884701430797577,1.0255000591278076,0.02786259539425373,0.019405798986554146,1.2769999504089355,-0.19869254529476166,0.1349198818206787,1.1195000410079956,0.07063964754343033,0.19167232513427734,1.3854999542236328,-0.19331084191799164,0.41997024416923523,1.2620000839233398,0.11133182793855667,0.41557860374450684,1.3615000247955322,0,0,0
0.0008795642061159015,0.07628752291202545,1.1660000085830688,0.013105969876050949,0.04536214843392372,1.250999927520752,-0.03064781427383423,0.053539544343948364,1.0204999446868896,0.013289307244122028,0.025442803278565407,1.2684999704360962,-0.1971035599708557,0.15937767922878265,1.1005001068115234,0.05677774176001549,0.19258764386177063,1.375999927520752,-0.1949760913848877,0.42693057656288147,1.246500015258789,0.10250744223594666,0.4023421108722687,1.3615000247955322,0,0,0
-0.002882912289351225,0.08713489025831223,1.159500002861023,0.00901931431144476,0.05933718755841255,1.246500015258789,-0.03377193585038185,0.06476345658302307,1.0150001049041748,0.013174066320061684,0.02929730713367462,1.2574999332427979,-0.20043179392814636,0.16690854728221893,1.0800000429153442,0.04322672635316849,0.194038525223732,1.3704999685287476,-0.19821295142173767,0.432885080575943,1.2289999723434448,0.09368306398391724,0.3846934139728546,1.3615000247955322,0,0,0
-0.006603260058909655,0.09972412884235382,1.152999997138977,0.0069742887280881405,0.06918523460626602,1.2419999837875366,-0.035311903804540634,0.0776902511715889,1.0120000839233398,0.002936298493295908,0.03081159107387066,1.2365000247955322,-0.19984170794487,0.18400348722934723,1.0674999952316284,0.04093124717473984,0.19368457794189453,1.3680000305175781,-0.19881971180438995,0.4496673047542572,1.2204999923706055,0.08044648915529251,0.36483868956565857,1.3615000247955322,0,0,0
-0.008471514098346233,0.11653831601142883,1.152999997138977,0,0,0,-0.033555660396814346,0.09049438685178757,1.0084999799728394,-0.016172708943486214,0.04051193222403526,1.1695001125335693,-0.20138157904148102,0.189223051071167,1.0484999418258667,0.027580980211496353,0.18669292330741882,1.3654999732971191,-0.19832952320575714,0.4324210286140442,1.2055000066757202,0.06871553510427475,0.35496771335601807,1.3919999599456787,0,0,0
-0.015840815380215645,0.1324850618839264,1.1454999446868896,0,0,0,-0.03815293312072754,0.10112452507019043,1.000499963760376,-0.031699977815151215,0.04442891851067543,1.0015000104904175,-0.19475528597831726,0.20107001066207886,1.0139999389648438,0.02074386365711689,0.17395806312561035,1.3524999618530273,0,0,0,0.06479721516370773,0.3618512749671936,1.4560000896453857,0,0,0
0,0,0,0,0,0,0,0,0,-0.029513010755181313,0.03360049054026604,0.8870000243186951,-0.19033777713775635,0.20774951577186584,0.9909999966621399,0.01620357856154442,0.16794514656066895,1.3394999504089355,0,0,0,0.05741354078054428,0.3581446409225464,1.5099999904632568,0,0,0
0,0,0,0,0,0,0,0,0,-0.027458542957901955,0.04691818729043007,0.8675000071525574,0,0,0,0.009692234918475151,0.1722860038280487,1.3394999504089355,0,0,0,0.06749355047941208,0.45396292209625244,1.940500020980835,0,0,0
0,0,0,0,0,0,0,0,0,-0.02368124946951866,0.047780416905879974,0.8335000276565552,0,0,0,0.0031749543268233538,0.17196446657180786,1.3370000123977661,0,0,0,0.06452356278896332,0.5010000467300415,2.1565001010894775,0,0,0
0,0,0,0,0,0,0,0,0,-0.033409953117370605,0.03582261875271797,0.8075000047683716,0,0,0,-0.0011569744674488902,0.1631767749786377,1.3359999656677246,0,0,0,0.07046975195407867,0.6887296438217163,3.006500005722046,0,0,0
0,0,0,0,0,0,0,0,0,-0.07941651344299316,0.050821758806705475,0.7964999675750732,-0.1820330172777176,0.2090383619070053,0.9894999861717224,-0.04863601550459862,0.1648465096950531,1.3320000171661377,0,0,0,0.016882607713341713,0.7569310665130615,3.006500005722046,0,0,0
0,0,0,0,0,0,0,0,0,-0.07683531194925308,0.04178760200738907,0.7964999675750732,-0.17756128311157227,0.20278364419937134,0.9824999570846558,-0.04647771641612053,0.1691630780696869,1.3320000171661377,0,0,0,0.023490682244300842,0.67640221118927,2.6525001525878906,0,0,0
-0.015038750134408474,0.023574527353048325,1.087499976158142,0,0,0,-0.03245765343308449,0.005340282805263996,0.9754999876022339,-0.0807071179151535,0.0456593856215477,0.7964999675750732,-0.18392924964427948,0.1804959774017334,0.9824999570846558,-0.0591374933719635,0.1769285947084427,1.3255000114440918,-0.18504348397254944,0.4070984125137329,1.1829999685287476,0.01946406438946724,0.6816062331199646,2.690000057220459,0,0,0
-0.015038750134408474,0.023574527353048325,1.087499976158142,0,0,0,-0.03157592564821243,0.00519521115347743,0.9490000009536743,-0.0807071179151535,0.0456593856215477,0.7964999675750732,-0.1828996241092682,0.17948557436466217,0.9769999980926514,-0.05942749232053757,0.17779621481895447,1.3320000171661377,-0.18238435685634613,0.4012482762336731,1.1659998893737793,0.01953280344605446,0.6840134263038635,2.69950008392334,0,0,0
-0.029135724529623985,-0.016954027116298676,1.087499976158142,0,0,0,-0.03829215094447136,-0.024925783276557922,0.9255000352859497,-0.09103193879127502,0.0159757137298584,0.7964999675750732,-0.17498424649238586,0.17157024145126343,0.9769999980926514,-0.06805756688117981,0.16395609080791473,1.2909998893737793,-0.17360946536064148,0.4016181528568268,1.1454999446868896,0.019786052405834198,0.6751586198806763,2.734499931335449,0,0,0
-0.029336662963032722,-0.01707095094025135,1.0950000286102295,0,0,0,-0.03829215094447136,-0.024925783276557922,0.9255000352859497,-0.09257485717535019,0.016246488317847252,0.8100000023841858,-0.17498424649238586,0.17157024145126343,0.9769999980926514,-0.06702959537506104,0.16147960722446442,1.2714999914169312,-0.16997209191322327,0.39320364594459534,1.121500015258789,0.01929040625691414,0.6582457423210144,2.6659998893737793,0,0,0
-0.04312247410416603,-0.052856702357530594,1.180999994277954,0,0,0,-0.044290658086538315,-0.05491813272237778,0.9255000352859497,-0.13217392563819885,-0.004958390723913908,0.8450000286102295,-0.17340117692947388,0.1462412178516388,0.9769999980926514,0,0,0,-0.16718026995658875,0.3818913698196411,1.1150000095367432,0,0,0,0,0,0
