-0.022091297432780266,-0.05864714831113815,1.181999921798706,0.004766067955642939,-0.0881887823343277,1.193000078201294,-0.04806829243898392,-0.08083311468362808,1.1180000305175781,0.18017342686653137,-0.07422604411840439,1.2860000133514404,-0.08757410943508148,-0.0932607501745224,1.1370000839233398,0.2687518894672394,0.14465422928333282,1.3654999732971191,-0.14503566920757294,0.048046212643384933,1.3870000839233398,0.10817793756723404,0.16573035717010498,1.2725000381469727,-0.13643835484981537,0.11129346489906311,1.3910000324249268
-0.020176053047180176,-0.06247761473059654,1.181999921798706,0.008632204495370388,-0.09012184292078018,1.193000078201294,-0.04806829243898392,-0.0844561755657196,1.1180000305175781,0.1803835928440094,-0.07014027237892151,1.287500023841858,-0.08656119555234909,-0.0904427170753479,1.1480000019073486,0.26845666766166687,0.14228518307209015,1.3639999628067017,-0.14503566920757294,0.04355141520500183,1.3870000839233398,0.11230171471834183,0.16779223084449768,1.2725000381469727,-0.1343291699886322,0.11141347885131836,1.3925000429153442
-0.01443032082170248,-0.06439284980297089,1.181999921798706,0.01249834056943655,-0.09592101722955704,1.193000078201294,-0.044445205479860306,-0.08807923644781113,1.1180000305175781,0.1807338446378708,-0.07445691525936127,1.2899999618530273,-0.08352641761302948,-0.09306669980287552,1.1575000286102295,0.26845666766166687,0.14228518307209015,1.3639999628067017,-0.1473892778158188,0.04808085039258003,1.3880000114440918,0.11422877758741379,0.16965387761592865,1.2709999084472656,-0.13673262298107147,0.11830972135066986,1.3940000534057617
-0.00868458766490221,-0.06822331249713898,1.181999921798706,0.018297545611858368,-0.09978712350130081,1.193000078201294,-0.03719903528690338,-0.08989077061414719,1.1180000305175781,0.18491433560848236,-0.07654714584350586,1.2899999618530273,-0.08203884959220886,-0.09162446111440659,1.1629999876022339,0.26845666766166687,0.14007505774497986,1.3639999628067017,-0.1496383100748062,0.0458318293094635,1.3880000114440918,0.11834768205881119,0.17171330749988556,1.2709999084472656,-0.13673262298107147,0.11830972135066986,1.3940000534057617
-0.0010236105881631374,-0.07205377519130707,1.181999921798706,0.02602981962263584,-0.10558629035949707,1.193000078201294,-0.03176441043615341,-0.09351383149623871,1.1180000305175781,0.18491433560848236,-0.07654714584350586,1.2899999618530273,-0.08576340973377228,-0.08978190273046494,1.1885000467300415,0.27066680788993835,0.13565479218959808,1.3639999628067017,-0.1496383100748062,0.050329871475696564,1.3880000114440918,0.11974400281906128,0.17076760530471802,1.2639999389648438,-0.13673262298107147,0.12282721698284149,1.3940000534057617
0.0066092899069190025,-0.0736561119556427,1.1770000457763672,0.0337337888777256,-0.10936065018177032,1.1920000314712524,-0.024441484361886978,-0.09502694010734558,1.1145000457763672,0.18282409012317657,-0.07654714584350586,1.2899999618530273,-0.09408246725797653,-0.09227479249238968,1.221500039100647,0.27066680788993835,0.13565479218959808,1.3639999628067017,-0.14754855632781982,0.052635714411735535,1.3895000219345093,0.12588834762573242,0.1748638153076172,1.2639999389648438,-0.13447386026382446,0.12960343062877655,1.3940000534057617
0.017929445952177048,-0.07504964619874954,1.1689999103546143,0.04339102655649185,-0.11129209399223328,1.1920000314712524,-0.015336067415773869,-0.09635493159294128,1.1089999675750732,0.18477100133895874,-0.0743992030620575,1.2890000343322754,-0.09688746184110641,-0.09306798875331879,1.2319999933242798,0.27287694811820984,0.13565479218959808,1.3639999628067017,-0.15188734233379364,0.052578892558813095,1.3880000114440918,0.12418313324451447,0.17740176618099213,1.2674999237060547,-0.13221509754657745,0.13186217844486237,1.3940000534057617
0.025462530553340912,-0.07681217789649963,1.1670000553131104,0.053003765642642975,-0.11312853544950485,1.190999984741211,-0.009922769851982594,-0.09793061017990112,1.1064999103546143,0.18477100133895874,-0.07231059670448303,1.2890000343322754,-0.0982637107372284,-0.09438997507095337,1.249500036239624,0.2753896117210388,0.1358039826154709,1.3654999732971191,-0.1544695347547531,0.06170806288719177,1.3910000324249268,0.13276386260986328,0.18201053142547607,1.2709999084472656,-0.1320728361606598,0.14300185441970825,1.3925000429153442
0.03292723745107651,-0.07846706360578537,1.1635000705718994,0.058694519102573395,-0.11293856799602509,1.1890000104904175,-0.0027449203189462423,-0.09770935028791428,1.1039999723434448,0.18477100133895874,-0.06813337653875351,1.2890000343322754,-0.09655191749334335,-0.09465693682432175,1.2804999351501465,0.27811044454574585,0.13383600115776062,1.3680000305175781,-0.15706142783164978,0.0708761215209961,1.3940000534057617,0.14111262559890747,0.18833690881729126,1.2719999551773071,-0.13193055987358093,0.15862497687339783,1.3910000324249268
0.038500137627124786,-0.07829845696687698,1.1610000133514404,0.06612163782119751,-0.11054516583681107,1.184000015258789,0.006182522047311068,-0.0974438488483429,1.1010000705718994,0.18664216995239258,-0.05970938131213188,1.287500023841858,-0.095436230301857,-0.09561792016029358,1.2934999465942383,0.2783137261867523,0.13615205883979797,1.36899995803833,-0.16123120486736298,0.07748523354530334,1.3910000324249268,0.15141801536083221,0.196581169962883,1.2719999551773071,-0.13461855053901672,0.1659216582775116,1.3954999446868896
0.045707862824201584,-0.0758906900882721,1.152999997138977,0.07571405917406082,-0.11054516583681107,1.184000015258789,0.01506821345537901,-0.09366270899772644,1.0985000133514404,0.18642471730709076,-0.057556070387363434,1.2860000133514404,-0.095436230301857,-0.09561792016029358,1.2934999465942383,0.28781604766845703,0.13867351412773132,1.371999979019165,-0.16799290478229523,0.08424688130617142,1.3910000324249268,0.17189349234104156,0.21290214359760284,1.2709999084472656,-0.13379859924316406,0.17165325582027435,1.3870000839233398
0.0546194389462471,-0.07159098982810974,1.1440000534057617,0.08324714004993439,-0.10844318568706512,1.181999921798706,0.018517877906560898,-0.09487789869308472,1.0920000076293945,0.19630779325962067,-0.04908711835741997,1.2825000286102295,-0.08914849162101746,-0.09561792016029358,1.2934999465942383,0.2909904718399048,0.14135873317718506,1.3765000104904175,-0.17475458979606628,0.09100852906703949,1.3910000324249268,0.19401177763938904,0.22669227421283722,1.2674999237060547,-0.13604600727558136,0.18289025127887726,1.3870000839233398
0.05809735134243965,-0.06761664897203445,1.1395000219345093,0.08899286389350891,-0.10269749909639359,1.181999921798706,0.02364066056907177,-0.09062811732292175,1.0835000276565552,0.1936996430158615,-0.046880755573511124,1.2790000438690186,-0.08671608567237854,-0.09107273072004318,1.2885000705718994,0.29768165946006775,0.1458195149898529,1.3765000104904175,-0.17926236987113953,0.10227793455123901,1.3910000324249268,0.21848468482494354,0.24293065071105957,1.2664999961853027,-0.13604600727558136,0.19412724673748016,1.3870000839233398
0.06884174048900604,-0.06177791580557823,1.1340000629425049,0.09840231388807297,-0.09869974106550217,1.1799999475479126,0.032284222543239594,-0.08325836807489395,1.0789999961853027,0.19730307161808014,-0.0426190011203289,1.2755000591278076,-0.08671608567237854,-0.0848093330860138,1.2885000705718994,0.3066032826900482,0.15920183062553406,1.3765000104904175,-0.18151628971099854,0.11354734003543854,1.3910000324249268,0.24864041805267334,0.2545531094074249,1.253000020980835,-0.13526131212711334,0.2108830362558365,1.378999948501587
0.07785705476999283,-0.057974908500909805,1.131500005722046,0.10596044361591339,-0.094795361161232,1.178999900817871,0.04096893221139908,-0.07790489494800568,1.0774999856948853,0.20484478771686554,-0.03011198341846466,1.2709999084472656,-0.08462827652692795,-0.0827215388417244,1.2885000705718994,0.3244464695453644,0.16812337934970856,1.3765000104904175,-0.18112480640411377,0.12679657340049744,1.3880000114440918,0.27397170662879944,0.26981064677238464,1.2300000190734863,-0.13211043179035187,0.22496356070041656,1.369499921798706
0.08690877258777618,-0.050574153661727905,1.1299999952316284,0.11551235616207123,-0.08906424045562744,1.178999900817871,0.049375660717487335,-0.07219509035348892,1.0705000162124634,0.20633448660373688,-0.025921523571014404,1.2674999237060547,-0.0802341178059578,-0.08041470497846603,1.2850000858306885,0.33264151215553284,0.1788845956325531,1.3734999895095825,-0.17649158835411072,0.13398273289203644,1.369499921798706,0.30359816551208496,0.3034253418445587,1.2130000591278076,-0.11981954425573349,0.23181630671024323,1.3079999685287476
0.09381576627492905,-0.04852749779820442,1.125,0.12304944545030594,-0.08135370165109634,1.1779999732971191,0.055630095303058624,-0.06789136677980423,1.0575000047683716,0.2092798352241516,-0.021693509072065353,1.2604999542236328,-0.07372859120368958,-0.075983427464962,1.2804999351501465,0.34322378039360046,0.19290587306022644,1.3624999523162842,-0.17058221995830536,0.14200586080551147,1.340499997138977,0.33827200531959534,0.3400503396987915,1.2035000324249268,-0.09669086337089539,0.24579457938671112,1.2295000553131104
0.10614965856075287,-0.04107106477022171,1.120500087738037,0.1359476000070572,-0.0772729218006134,1.1740000247955322,0.06720902025699615,-0.06406812369823456,1.0509999990463257,0.2135273814201355,-0.015430383384227753,1.249500036239624,-0.05892723798751831,-0.07149716466665268,1.2744998931884766,0.3489321768283844,0.20087586343288422,1.3420000076293945,-0.16204655170440674,0.150984525680542,1.3240000009536743,0.3714233934879303,0.3712514638900757,1.2035000324249268,-0.08105035126209259,0.2579652965068817,1.1759999990463257
0.11507336050271988,-0.03738977387547493,1.11899995803833,0.150071382522583,-0.07293645292520523,1.1655000448226929,0.0756518617272377,-0.06060446426272392,1.0499999523162842,0.22150255739688873,-0.009266708977520466,1.2374999523162842,-0.058811649680137634,-0.06517373770475388,1.2719999551773071,0.3536381125450134,0.2081192135810852,1.319000005722046,-0.15302488207817078,0.16324344277381897,1.3020000457763672,0.39430180191993713,0.39219287037849426,1.1959999799728394,-0.059596508741378784,0.27362948656082153,1.130500078201294
0.12555839121341705,-0.03004290536046028,1.1154999732971191,0.15546151995658875,-0.06448489427566528,1.1495000123977661,0.08327700197696686,-0.05323546752333641,1.0390000343322754,0.22993813455104828,0.0007538808276876807,1.2289999723434448,-0.052256062626838684,-0.06675907969474792,1.2630000114440918,0.3602151572704315,0.21382871270179749,1.2890000343322754,-0.13826343417167664,0.1625109165906906,1.2634999752044678,0.4161473214626312,0.40258297324180603,1.180999994277954,-0.04031093418598175,0.2904703617095947,1.1040000915527344
