0.10040703415870667,0.02136855199933052,1.1589999198913574,0.12871001660823822,-0.00300426478497684,1.1434999704360962,0.06071832403540611,-0.007110092788934708,0.9494999647140503,0.16546747088432312,-0.00709431292489171,1.2089999914169312,-0.11103393882513046,-0.008476698771119118,1.1319999694824219,0.19800250232219696,0.18049487471580505,1.3359999656677246,-0.18232406675815582,0.2112579494714737,1.2030000686645508,0.15321683883666992,0.23831090331077576,1.253000020980835,-0.011599211022257805,0.22610636055469513,1.0954999923706055
0.10246152430772781,0.021405428647994995,1.1610000133514404,0.1317046582698822,-0.0030305373948067427,1.153499960899353,0.062256842851638794,-0.005571587942540646,0.9494999647140503,0.16546747088432312,-0.005135331768542528,1.2089999914169312,-0.10919971764087677,-0.012145130895078182,1.1319999694824219,0.19583773612976074,0.18482442200183868,1.3359999656677246,-0.1821725070476532,0.20913471281528473,1.2020000219345093,0.15321683883666992,0.23425035178661346,1.253000020980835,-0.013319358229637146,0.22340980172157288,1.0910000801086426
0.10058030486106873,0.025167841464281082,1.1610000133514404,0.1317046582698822,0.0007075683679431677,1.153499960899353,0.060878198593854904,-0.00250114593654871,0.9520000219345093,0.16924533247947693,-0.003173722652718425,1.2079999446868896,-0.10915149003267288,-0.012139766477048397,1.131500005722046,0.19367294013500214,0.1869891732931137,1.3359999656677246,-0.18007488548755646,0.20896071195602417,1.2009999752044678,0.15052291750907898,0.24130754172801971,1.247499942779541,-0.01153038814663887,0.22300024330615997,1.0889999866485596
0.10040703415870667,0.027002448216080666,1.1589999198913574,0.13062350451946259,0.0025922576896846294,1.1605000495910645,0.060878198593854904,-0.0009585897787474096,0.9520000219345093,0.17134444415569305,-0.0031763501465320587,1.2089999914169312,-0.10731806606054306,-0.012139766477048397,1.131500005722046,0.19165152311325073,0.18279637396335602,1.3370000123977661,-0.17932522296905518,0.20809078216552734,1.196000099182129,0.15400812029838562,0.24446527659893036,1.2430000305175781,-0.01680859737098217,0.2210325449705124,1.0880000591278076
0.0999738797545433,0.028755823150277138,1.1540000438690186,0.13062350451946259,0.004472652915865183,1.1605000495910645,0.06071832403540611,-0.0009560724138282239,0.9494999647140503,0.173016756772995,-0.009038317948579788,1.2070000171661377,-0.10727065056562424,-0.012134402059018612,1.13100004196167,0.19381791353225708,0.17196446657180786,1.3370000123977661,-0.18274155259132385,0.20563575625419617,1.193000078201294,0.1626511812210083,0.23726482689380646,1.247499942779541,-0.0220973938703537,0.2210325449705124,1.0880000591278076
0.0999738797545433,0.030625686049461365,1.1540000438690186,0.1325039118528366,0.008233443833887577,1.1605000495910645,0.060622405260801315,0.002117587486281991,0.9480000138282776,0.17280173301696777,-0.009027085267007351,1.2055000066757202,-0.10534481704235077,-0.012123673222959042,1.1299999952316284,0.19815072417259216,0.156799778342247,1.3370000123977661,-0.18421021103858948,0.20511864125728607,1.190000057220459,0.16871529817581177,0.22917938232421875,1.247499942779541,-0.0238493625074625,0.21916888654232025,1.0875000953674316
0.09962735325098038,0.03238291293382645,1.1500000953674316,0.1325039118528366,0.01011383906006813,1.1605000495910645,0.06071832403540611,0.0036594432312995195,0.9494999647140503,0.16854482889175415,-0.018754662945866585,1.2030000686645508,-0.10708094388246536,-0.012112943455576897,1.128999948501587,0.2003171145915985,0.156799778342247,1.3370000123977661,-0.1895158588886261,0.20267818868160248,1.187000036239624,0.1757601499557495,0.2304653525352478,1.254499912261963,-0.027373606339097023,0.21388255059719086,1.0875000953674316
0.09945408254861832,0.03418673574924469,1.1480000019073486,0.1325039118528366,0.011994234286248684,1.1605000495910645,0.06059043109416962,0.005186999682337046,0.9474999904632568,0.16659556329250336,-0.02070392109453678,1.2030000686645508,-0.10515836626291275,-0.012102215550839901,1.128000020980835,0.20666161179542542,0.15884725749492645,1.3359999656677246,-0.19127792119979858,0.20058573782444,1.1859999895095825,0.1787140965461731,0.23370270431041718,1.2609999179840088,-0.029095537960529327,0.21006813645362854,1.0859999656677246
0.09954071044921875,0.034216511994600296,1.1489999294281006,0.13438431918621063,0.011994234286248684,1.1605000495910645,0.062125708907842636,0.005186999682337046,0.9474999904632568,0.17035238444805145,-0.016791433095932007,1.2020000219345093,-0.10497190803289413,-0.012080756947398186,1.125999927520752,0.21227844059467316,0.16034917533397675,1.3305000066757202,-0.19512136280536652,0.19866400957107544,1.1859999895095825,0.18104404211044312,0.23407337069511414,1.2630000114440918,-0.029095537960529327,0.2065487802028656,1.0859999656677246
0.09936744719743729,0.036015477031469345,1.1469999551773071,0.1325039118528366,0.013874630443751812,1.1605000495910645,0.06055846065282822,0.008253171108663082,0.9470000267028809,0.15547135472297668,-0.006437106058001518,1.097000002861023,-0.09932167828083038,-0.01205930020660162,1.124000072479248,0.22397983074188232,0.16750630736351013,1.3359999656677246,-0.20071715116500854,0.19657641649246216,1.184999942779541,0.1855034977197647,0.236587256193161,1.2655000686645508,-0.030897852033376694,0.2068340927362442,1.0875000953674316
0.09915086627006531,0.03779144585132599,1.1445000171661377,0.13027743995189667,0.015490291640162468,1.1410000324249268,0.06055846065282822,0.008253171108663082,0.9470000267028809,0.13966910541057587,-0.004185996018350124,0.9854999780654907,-0.09732691198587418,-0.01385585404932499,1.121999979019165,0.22830937802791595,0.1653415411710739,1.3359999656677246,-0.2061290144920349,0.1981615126132965,1.183000087738037,0.18807275593280792,0.23724158108234406,1.2690000534057617,-0.030855229124426842,0.21006813645362854,1.0859999656677246
0.09708385169506073,0.039559315890073776,1.1419999599456787,0.127822607755661,0.017012368887662888,1.1195000410079956,0.06055846065282822,0.009787625633180141,0.9470000267028809,0.14126594364643097,-0.0025891587138175964,0.9854999780654907,-0.09542376548051834,-0.015659896656870842,1.121000051498413,0.23263894021511078,0.16750630736351013,1.3359999656677246,-0.21152138710021973,0.19782647490501404,1.180999994277954,0.19065335392951965,0.2378959059715271,1.2725000381469727,-0.032554857432842255,0.20968127250671387,1.0839999914169312
0.09523342549800873,0.03770889341831207,1.1419999599456787,0.1233072280883789,0.014872580766677856,1.0954999923706055,0.05745917558670044,0.0097824577242136,0.9465000033378601,0.14765332639217377,-0.005782832857221365,0.9854999780654907,-0.09360736608505249,-0.0192926824092865,1.121000051498413,0.2369685024023056,0.16750630736351013,1.3359999656677246,-0.21843354403972626,0.19715645909309387,1.1770000457763672,0.19065335392951965,0.2399577647447586,1.2725000381469727,-0.03958066180348396,0.20968127250671387,1.0839999914169312
0.09515003859996796,0.03582708165049553,1.1410000324249268,0.11696948111057281,0.01452639140188694,1.0700000524520874,0.05733775720000267,0.009761786088347435,0.9444999694824219,0.14925019443035126,-0.005782832857221365,0.9854999780654907,-0.09179095923900604,-0.0192926824092865,1.121000051498413,0.24129803478717804,0.1631767749786377,1.3359999656677246,-0.2230122834444046,0.19235658645629883,1.1710000038146973,0.19309385120868683,0.23836328089237213,1.274999976158142,-0.0395624078810215,0.21134020388126373,1.0835000276565552
0.09330122172832489,0.03582708165049553,1.1410000324249268,0.11614959686994553,0.01270296797156334,1.0625,0.05571871995925903,0.00974628422409296,0.9430000185966492,0.15084703266620636,-0.004185996018350124,0.9854999780654907,-0.08993443846702576,-0.02109965868294239,1.120500087738037,0.24844153225421906,0.16143383085727692,1.3394999504089355,-0.23041465878486633,0.18499061465263367,1.1605000495910645,0.19515977799892426,0.23836328089237213,1.274999976158142,-0.044767268002033234,0.21280083060264587,1.0820000171661377
0.08775479346513748,0.03952467814087868,1.1410000324249268,0.11180470883846283,0.016017001122236252,1.053999900817871,0.05266275629401207,0.01127425767481327,0.9430000185966492,0.14724214375019073,-0.0026101768016815186,0.9934999942779541,-0.09170907735824585,-0.01564592681825161,1.1200000047683716,0.2537260353565216,0.17075057327747345,1.3445000648498535,-0.23432688415050507,0.17803578078746796,1.1519999504089355,0.19309385120868683,0.23836328089237213,1.274999976158142,-0.043014053255319595,0.21630722284317017,1.0820000171661377
0.08775479346513748,0.037675876170396805,1.1410000324249268,0.11000140756368637,0.015758663415908813,1.0369999408721924,0.05108054727315903,0.011262302286922932,0.9420000314712524,0.15183651447296143,-0.002691621659323573,1.0245000123977661,-0.08989429473876953,-0.013831155374646187,1.1200000047683716,0.2615198791027069,0.1759541779756546,1.3509999513626099,-0.2376468926668167,0.1721365600824356,1.1500000953674316,0.19309385120868683,0.24042919278144836,1.274999976158142,-0.046520475298166275,0.21630722284317017,1.0820000171661377
0.08526600897312164,0.03923023119568825,1.1324999332427979,0.10623198747634888,0.015454735606908798,1.0169999599456787,0.049422670155763626,0.009710109792649746,0.9394999742507935,0.16503313183784485,-0.002893920289352536,1.1015000343322754,-0.08973377197980881,-0.017429519444704056,1.1180000305175781,0.2693769633769989,0.1790003478527069,1.3574999570846558,-0.24207372963428497,0.16574987769126892,1.1445000171661377,0.19050352275371552,0.23976919054985046,1.2714999914169312,-0.046412985771894455,0.2140582650899887,1.0794999599456787
0.08262061327695847,0.03884918987751007,1.121500015258789,0.10419509559869766,0.015158407390117645,0.9975000023841858,0.04782388359308243,0.011214478872716427,0.9380000233650208,0.17709411680698395,-0.0031054143328219652,1.1820000410079956,-0.08792223036289215,-0.013806457631289959,1.1180000305175781,0.27407869696617126,0.18140017986297607,1.3589999675750732,-0.2478567212820053,0.15913674235343933,1.1369999647140503,0.1893049031496048,0.23826061189174652,1.2634999752044678,-0.05166046321392059,0.21055997908115387,1.0794999599456787
0.08210492879152298,0.036800846457481384,1.1145000457763672,0.10113909840583801,0.013352060690522194,0.9835000038146973,0.044784121215343475,0.009694606997072697,0.9380000233650208,0.1852104663848877,-0.001218375633470714,1.2100000381469727,-0.08776494860649109,-0.013781758956611156,1.1160000562667847,0.2784827947616577,0.18800628185272217,1.3589999675750732,-0.2503246068954468,0.1547001451253891,1.131500005722046,0.18810629844665527,0.2347177118062973,1.2554999589920044,-0.053409624844789505,0.21055997908115387,1.0794999599456787
