-0.2040010243654251,-0.04251890629529953,1.1600000858306885,-0.1814238280057907,-0.07334320992231369,1.1719999313354492,-0.22258689999580383,-0.06057940050959587,1.1119999885559082,-0.024203244596719742,-0.07894217222929001,1.2950000762939453,-0.25782060623168945,-0.07128464430570602,1.0570000410079956,0.04760288447141647,0.12880980968475342,1.4355000257492065,-0.36078745126724243,0.07726242393255234,1.3870000839233398,-0.09694836288690567,0.1945696324110031,1.3434998989105225,-0.3046737611293793,0.14733535051345825,1.2920000553131104
-0.21151942014694214,-0.038759734481573105,1.1600000858306885,-0.1902674436569214,-0.06930780410766602,1.1679999828338623,-0.231700137257576,-0.058804016560316086,1.1124999523162842,-0.03049827180802822,-0.07474551349878311,1.2950000762939453,-0.262336790561676,-0.06940741091966629,1.0545001029968262,0.035935286432504654,0.13564588129520416,1.434000015258789,-0.37175631523132324,0.07945249229669571,1.3860000371932983,-0.10553812980651855,0.1943524032831192,1.3420000076293945,-0.31367766857147217,0.14873488247394562,1.2860000133514404
-0.224289208650589,-0.034940216690301895,1.1579999923706055,-0.19749891757965088,-0.06352120637893677,1.1660000085830688,-0.24556806683540344,-0.05507473275065422,1.1099998950958252,-0.040989987552165985,-0.07684385031461716,1.2950000762939453,-0.26499801874160767,-0.06409861147403717,1.0515000820159912,0.026641005650162697,0.12867522239685059,1.434000015258789,-0.3863585889339447,0.07922319322824478,1.3819999694824219,-0.11423611640930176,0.1943524032831192,1.3420000076293945,-0.32618021965026855,0.14456738531589508,1.2860000133514404
-0.23742370307445526,-0.029311181977391243,1.1579999923706055,-0.21413485705852509,-0.05964012071490288,1.1640000343322754,-0.2558976709842682,-0.047794196754693985,1.1080000400543213,-0.05142206698656082,-0.07046712934970856,1.2934999465942383,-0.2887136936187744,-0.06236515939235687,1.0509999990463257,0.012726149521768093,0.1312728226184845,1.437000036239624,-0.3973355293273926,0.06983382254838943,1.3734999895095825,-0.12704598903656006,0.19616077840328217,1.3394999504089355,-0.3405015766620636,0.1444549858570099,1.2850000858306885
-0.24347256124019623,-0.027482222765684128,1.1600000858306885,-0.21979309618473053,-0.055867988616228104,1.1640000343322754,-0.26307904720306396,-0.04599887132644653,1.1080000400543213,-0.06412123888731003,-0.0727032795548439,1.2960000038146973,-0.28843897581100464,-0.06570851057767868,1.0499999523162842,0.010408570989966393,0.13140985369682312,1.4385000467300415,-0.4041672945022583,0.06947791576385498,1.366499900817871,-0.13153402507305145,0.19855330884456635,1.340999960899353,-0.3467479944229126,0.1444549858570099,1.2850000858306885
-0.2528705596923828,-0.025602638721466064,1.1600000858306885,-0.22506394982337952,-0.053889162838459015,1.1619999408721924,-0.27026039361953735,-0.044203538447618484,1.1080000400543213,-0.0662211999297142,-0.06850337982177734,1.2960000038146973,-0.29822051525115967,-0.05712005868554115,1.0485000610351562,0.0010851228144019842,0.1360715627670288,1.4385000467300415,-0.4034278988838196,0.07598120719194412,1.3639999628067017,-0.14430178701877594,0.19601434469223022,1.3385000228881836,-0.35507655143737793,0.15278348326683044,1.2850000858306885
-0.25662973523139954,-0.025602638721466064,1.1600000858306885,-0.23061318695545197,-0.05386597663164139,1.1614999771118164,-0.2732331454753876,-0.044103801250457764,1.1054999828338623,-0.07042112946510315,-0.07060333341360092,1.2960000038146973,-0.30161839723587036,-0.05712005868554115,1.0485000610351562,-0.0012457394041121006,0.1360715627670288,1.4385000467300415,-0.4066521227359772,0.07355473190546036,1.3599998950958252,-0.1438705325126648,0.1975908875465393,1.3344999551773071,-0.3606386184692383,0.153377965092659,1.2899999618530273
-0.2587321996688843,-0.025624709203839302,1.1610000133514404,-0.23249521851539612,-0.05386597663164139,1.1614999771118164,-0.2764401435852051,-0.04404395818710327,1.1039999723434448,-0.0746210515499115,-0.0727032795548439,1.2960000038146973,-0.30230480432510376,-0.05523613840341568,1.0450000762939453,0.0010839912574738264,0.135929673910141,1.437000036239624,-0.4069017171859741,0.07539629936218262,1.3534998893737793,-0.1389707326889038,0.19246970117092133,1.3289999961853027,-0.36722299456596375,0.15649260580539703,1.2985000610351562
-0.25740405917167664,-0.02567988820374012,1.1635000705718994,-0.23061318695545197,-0.05198396369814873,1.1614999771118164,-0.27465128898620605,-0.04404395818710327,1.1039999723434448,-0.07246513664722443,-0.07264719158411026,1.2950000762939453,-0.3014369606971741,-0.056765951216220856,1.0420000553131104,0.0034124229568988085,0.13825808465480804,1.437000036239624,-0.40389540791511536,0.0704854279756546,1.3434998989105225,-0.13466386497020721,0.19246970117092133,1.3289999961853027,-0.3684956133365631,0.15914620459079742,1.3029999732971191
-0.2579571306705475,-0.02573506347835064,1.1660000085830688,-0.23051393032073975,-0.055723994970321655,1.1610000133514404,-0.27465128898620605,-0.0458328053355217,1.1039999723434448,-0.07246513664722443,-0.07264719158411026,1.2950000762939453,-0.29974856972694397,-0.05507756397128105,1.0420000553131104,0.008060863241553307,0.13578777015209198,1.4355000257492065,-0.39902740716934204,0.07001325488090515,1.3344999551773071,-0.1275765299797058,0.1915283501148224,1.3224999904632568,-0.36427295207977295,0.15914620459079742,1.3029999732971191
-0.2543964982032776,-0.025757135823369026,1.1670000553131104,-0.22675147652626038,-0.05384279042482376,1.1610000133514404,-0.269284725189209,-0.0458328053355217,1.1039999723434448,-0.07023094594478607,-0.06831837445497513,1.2925000190734863,-0.2920107841491699,-0.05825798958539963,1.0384999513626099,0.017292285338044167,0.1352202147245407,1.4294999837875366,-0.40073883533477783,0.06345484405755997,1.3329999446868896,-0.1164201945066452,0.19507381319999695,1.3174999952316284,-0.3625786006450653,0.150874525308609,1.3044999837875366
-0.24851053953170776,-0.02762437053024769,1.1660000085830688,-0.2229890525341034,-0.055723994970321655,1.1610000133514404,-0.2654663026332855,-0.04579128697514534,1.1029999256134033,-0.06185377761721611,-0.06831837445497513,1.2925000190734863,-0.2900484800338745,-0.06156407669186592,1.0374999046325684,0.019608566537499428,0.13753648102283478,1.4294999837875366,-0.38993924856185913,0.06993455439805984,1.3329999446868896,-0.1095147654414177,0.19418542087078094,1.3114999532699585,-0.3569200932979584,0.15116366744041443,1.306999921798706
-0.240953266620636,-0.02762437053024769,1.1660000085830688,-0.21546417474746704,-0.05760519951581955,1.1610000133514404,-0.25808316469192505,-0.04574977606534958,1.1019999980926514,-0.05550640821456909,-0.06614724546670914,1.2910000085830688,-0.2848678231239319,-0.06153440847992897,1.0369999408721924,0.03567216545343399,0.1392657458782196,1.4235000610351562,-0.3830280303955078,0.0676983892917633,1.3315000534057617,-0.10294292867183685,0.19169427454471588,1.309000015258789,-0.35150548815727234,0.1515684574842453,1.310499906539917
-0.23528531193733215,-0.02762437053024769,1.1660000085830688,-0.20793931186199188,-0.05760519951581955,1.1610000133514404,-0.25272631645202637,-0.04574977606534958,1.1019999980926514,-0.05341454967856407,-0.06614724546670914,1.2910000085830688,-0.2747860550880432,-0.06321468949317932,1.0369999408721924,0.04707230627536774,0.13887442648410797,1.4195001125335693,-0.3743980824947357,0.06985586136579514,1.3315000534057617,-0.09420625120401382,0.19329705834388733,1.3055000305175781,-0.3408881723880768,0.14944501221179962,1.310499906539917
-0.22961734235286713,-0.02762437053024769,1.1660000085830688,-0.20229566097259521,-0.05948640778660774,1.1610000133514404,-0.2489290088415146,-0.04749224707484245,1.1010000705718994,-0.03874148055911064,-0.06818623095750809,1.2899999618530273,-0.2563028335571289,-0.05817384272813797,1.0369999408721924,0.056114036589860916,0.1361895054578781,1.4155000448226929,-0.3657681345939636,0.06338344514369965,1.3315000534057617,-0.08535075187683105,0.19451428949832916,1.2994999885559082,-0.3302708864212036,0.14519813656806946,1.310499906539917
-0.21537138521671295,-0.031254857778549194,1.1605000495910645,-0.19100835919380188,-0.05948640778660774,1.1610000133514404,-0.23255574703216553,-0.050990648567676544,1.0994999408721924,-0.030356965959072113,-0.06813337653875351,1.2890000343322754,-0.2547453045845032,-0.06324516981840134,1.0374999046325684,0.06722392141819,0.1377493292093277,1.4079999923706055,-0.34850823879241943,0.059068504720926285,1.3315000534057617,-0.0748225748538971,0.19030305743217468,1.2994999885559082,-0.31753015518188477,0.14307467639446259,1.310499906539917
-0.20294584333896637,-0.03294966369867325,1.1540000438690186,-0.18160228431224823,-0.06513002514839172,1.1610000133514404,-0.22532697021961212,-0.05274820700287819,1.0989999771118164,-0.017825240269303322,-0.06604477018117905,1.2890000343322754,-0.2446586638689041,-0.06156407669186592,1.0374999046325684,0.08269177377223969,0.1346500813961029,1.3994998931884766,-0.34203580021858215,0.059068504720926285,1.3315000534057617,-0.06429440528154373,0.19872553646564484,1.2994999885559082,-0.3039754033088684,0.14057479798793793,1.306999921798706
-0.1935964673757553,-0.034819524735212326,1.1540000438690186,-0.16474223136901855,-0.06327605247497559,1.1614999771118164,-0.21464243531227112,-0.05452895164489746,1.0989999771118164,-0.00320116407237947,-0.06596791744232178,1.287500023841858,-0.23491120338439941,-0.06333661824464798,1.0390000343322754,0.09602255374193192,0.13200406730175018,1.3954999446868896,-0.3251417577266693,0.06129494681954384,1.3329999446868896,-0.04732152819633484,0.19819030165672302,1.2960000038146973,-0.28491532802581787,0.1384570300579071,1.306999921798706
-0.17676760256290436,-0.034819524735212326,1.1540000438690186,-0.1533840149641037,-0.06513002514839172,1.1610000133514404,-0.20039640367031097,-0.05452895164489746,1.0989999771118164,0.00929065328091383,-0.06578858196735382,1.2839999198913574,-0.22208231687545776,-0.06351949274539948,1.0420000553131104,0.11161041259765625,0.1362329125404358,1.3925000429153442,-0.3091326951980591,0.06371666491031647,1.3385000228881836,-0.024221932515501976,0.19189044833183289,1.2960000038146973,-0.272937536239624,0.13882780075073242,1.310499906539917
-0.16339479386806488,-0.03475917503237724,1.1519999504089355,-0.13651181757450104,-0.06515806913375854,1.1614999771118164,-0.18598097562789917,-0.054479338228702545,1.0980000495910645,0.02589440904557705,-0.06776336580514908,1.281999945640564,-0.20350995659828186,-0.06351949274539948,1.0420000553131104,0.12514837086200714,0.13397660851478577,1.3925000429153442,-0.29232704639434814,0.05731707811355591,1.340999960899353,-0.011653538793325424,0.19451428949832916,1.2994999885559082,-0.2587625980377197,0.13494034111499786,1.3140000104904175
