0.21439240872859955,-0.24205072224140167,2.385499954223633,0.28638145327568054,-0.3753119707107544,3.0230000019073486,0.11962394416332245,-0.1989368349313736,1.7384999990463257,0.22702959179878235,-0.12099753320217133,1.933500051498413,-0.04012175276875496,-0.031486134976148605,1.8294999599456787,0.3232283890247345,0.11052265763282776,1.9279999732971191,-0.10364151000976562,0.2210104763507843,1.965999960899353,0.18937915563583374,-0.010638535022735596,1.812999963760376,-0.08450125902891159,0.44615358114242554,1.8940000534057617
0.255587100982666,-0.2698702812194824,2.7934999465942383,0.28638145327568054,-0.36061716079711914,3.0230000019073486,0.11931430548429489,-0.18999293446540833,1.7339999675750732,0.22760316729545593,-0.10725978016853333,1.9119999408721924,-0.042921312153339386,-0.016600389033555984,1.8224999904632568,0.3362468481063843,0.12008121609687805,1.930999994277954,-0.0940847396850586,0.24012391269207,1.965999960899353,0.19589655101299286,-0.001804404309950769,1.7920000553131104,-0.08708471059799194,0.45893967151641846,1.883500099182129
0.27179238200187683,-0.2678666114807129,2.86899995803833,0.29617801308631897,-0.3459223806858063,3.0230000019073486,0.12432122975587845,-0.18346983194351196,1.7254999876022339,0.22540096938610077,-0.09701766818761826,1.8935000896453857,-0.03682221844792366,-0.004763211589306593,1.812999963760376,0.3460809886455536,0.12963542342185974,1.933500051498413,-0.08757971227169037,0.25884178280830383,1.9630000591278076,0.1965259611606598,0.003957074135541916,1.7714999914169312,-0.08662235736846924,0.47168150544166565,1.873500108718872
0.28636565804481506,-0.2678520381450653,2.9720001220703125,0.30107632279396057,-0.34102410078048706,3.0230000019073486,0.12604892253875732,-0.17915567755699158,1.7109999656677246,0.2339857816696167,-0.09370147436857224,1.8884999752044678,-0.036629270762205124,-0.0018159837927669287,1.8034999370574951,0.3486720621585846,0.129434272646904,1.9305000305175781,-0.0804528146982193,0.2721560299396515,1.9444999694824219,0.2004970908164978,0.012458360753953457,1.75600004196167,-0.08314049243927002,0.48426127433776855,1.8634999990463257
0.299134224653244,-0.2658243179321289,3.003499984741211,0.31359806656837463,-0.3390723764896393,3.049499988555908,0.13063234090805054,-0.17234255373477936,1.6984999179840088,0.23422160744667053,-0.09560863673686981,1.8659999370574951,-0.030707886442542076,0.0011035245843231678,1.7990000247955322,0.35805627703666687,0.129434272646904,1.9305000305175781,-0.06398367136716843,0.2691468298435211,1.9229999780654907,0.20183701813220978,0.012366129085421562,1.7430000305175781,-0.08291741460561752,0.4829619526863098,1.8585000038146973
0.31712913513183594,-0.2687007188796997,3.0360000133514404,0.326291561126709,-0.34201890230178833,3.0759999752044678,0.13545536994934082,-0.17148008942604065,1.690000057220459,0.2394460141658783,-0.09707287698984146,1.8364999294281006,-0.027545705437660217,0.012649917975068092,1.7829999923706055,0.3742157220840454,0.13386701047420502,1.9495000839233398,-0.057586658746004105,0.2745910584926605,1.9175000190734863,0.20593802630901337,0.009470722638070583,1.7300000190734863,-0.07658429443836212,0.47501444816589355,1.8509999513626099
0.33336299657821655,-0.2698955535888672,3.049499988555908,0.3362599015235901,-0.34201890230178833,3.0759999752044678,0.14265035092830658,-0.17026247084140778,1.6779999732971191,0.24412810802459717,-0.09657073765993118,1.8270000219345093,-0.024373147636651993,0.012504476122558117,1.7625000476837158,0.5310149788856506,0.17508183419704437,2.6760001182556152,-0.051372647285461426,0.27769801020622253,1.9175000190734863,0.21050502359867096,0.00384538690559566,1.721500039100647,-0.06733094155788422,0.4762059450149536,1.843999981880188
0.3719937205314636,-0.2828513979911804,3.0829999446868896,0.3829198181629181,-0.35833805799484253,3.131500005722046,0.1596112698316574,-0.1734490841627121,1.656499981880188,0.25463858246803284,-0.09606858342885971,1.8174999952316284,-0.012758702971041203,0.015133718959987164,1.7365000247955322,0.7384160757064819,0.20589615404605865,3.493000030517578,-0.04182136058807373,0.27308741211891174,1.906999945640564,0.2255915105342865,0.006586612667888403,1.7089999914169312,-0.04338055104017258,0.48464342951774597,1.8420000076293945
0.3861643970012665,-0.28225505352020264,3.0764999389648438,0.39108580350875854,-0.35198715329170227,3.0759999752044678,0.16609473526477814,-0.17182610929012299,1.6410000324249268,0.2607916593551636,-0.09509072452783585,1.7990000247955322,-0.007026534993201494,0.009366707876324654,1.7109999656677246,0.7721557021141052,0.21046440303325653,3.570499897003174,-0.03511806204915047,0.2782115340232849,1.878999948501587,0.2266903966665268,0.006538436748087406,1.6965000629425049,-0.03437981754541397,0.4929274618625641,1.8394999504089355
0.4110892713069916,-0.28225505352020264,3.0764999389648438,0.4160066246986389,-0.35198715329170227,3.0759999752044678,0.1803290694952011,-0.17020313441753387,1.625499963760376,0.2654913365840912,-0.08504988253116608,1.7719999551773071,0.0012797433882951736,0.012036223895847797,1.6965000629425049,0.7837266325950623,0.22203519940376282,3.570499897003174,-0.031680840998888016,0.28082075715065,1.8559999465942383,0.23837995529174805,0.011933350004255772,1.6820000410079956,-0.025368817150592804,0.5034776926040649,1.8345000743865967
0.4407619535923004,-0.28532853722572327,3.109999895095825,0.4407620131969452,-0.3609170615673065,3.1100001335144043,0.1879877895116806,-0.16763779520988464,1.6010000705718994,0.26679491996765137,-0.0864822268486023,1.7430000305175781,0.00945628248155117,0.011947538703680038,1.684000015258789,0.7721557021141052,0.22782059013843536,3.570499897003174,-0.019550837576389313,0.2913511097431183,1.8464999198913574,0.2385251671075821,0.009109411388635635,1.6640000343322754,-0.013442007824778557,0.513962984085083,1.8294999599456787
0.46091902256011963,-0.28532853722572327,3.109999895095825,0.47786945104599,-0.3649750053882599,3.189500093460083,0.1991385668516159,-0.1661195009946823,1.5864999294281006,0.26908281445503235,-0.0798366516828537,1.7214999198913574,0.017474627122282982,0.011834022589027882,1.6679999828338623,0.7662085890769958,0.22606591880321503,3.5429999828338623,-0.01632571592926979,0.29019853472709656,1.8205000162124634,0.2419387698173523,0.009035507217049599,1.6505000591278076,-0.004525140393525362,0.5171921253204346,1.8199999332427979
0.48611533641815186,-0.2954069972038269,3.109999895095825,0.5037098526954651,-0.3649750053882599,3.189500093460083,0.20918585360050201,-0.16899390518665314,1.565500020980835,0.27511414885520935,-0.0874619260430336,1.7070000171661377,0.02507668547332287,0.01689838245511055,1.6349999904632568,0.5847494006156921,0.16134701669216156,2.6640000343322754,-0.0015462409937754273,0.2932986319065094,1.7855000495910645,0.2483503818511963,0.006253235042095184,1.622499942779541,0.004272059071809053,0.5170544981956482,1.7990000247955322
0.5465864539146423,-0.3206031620502472,3.109999895095825,0.5747066736221313,-0.4059775471687317,3.2699999809265137,0.24016599357128143,-0.17831158638000488,1.5364999771118164,0.28475281596183777,-0.08977853506803513,1.6984999179840088,0.045577406883239746,0.0009878968121483922,1.6105000972747803,0.7949129939079285,0.19162090122699738,3.5429999828338623,0.015511376783251762,0.2791995108127594,1.751499891281128,0.2667534053325653,-0.006891708355396986,1.622499942779541,0.03583204373717308,0.521367073059082,1.7739999294281006
0.5717828273773193,-0.33068162202835083,3.109999895095825,0.6064978241920471,-0.41657450795173645,3.2699999809265137,0.25261348485946655,-0.18643216788768768,1.5214999914169312,0.29188796877861023,-0.08669336885213852,1.6920000314712524,0.05315737798810005,-0.004211488179862499,1.6029999256134033,0.8084431886672974,0.16908599436283112,3.552000045776367,0.029404761269688606,0.2736002504825592,1.7339999675750732,0.27274084091186523,-0.014537296257913113,1.5959999561309814,0.049454525113105774,0.5164104104042053,1.747499942779541
0.5905486941337585,-0.3420744836330414,3.0764999389648438,0.6329904198646545,-0.4324699640274048,3.2699999809265137,0.2637213170528412,-0.19293642044067383,1.5145000219345093,0.2915429472923279,-0.08659089356660843,1.690000057220459,0.057769760489463806,-0.0067409188486635685,1.5869998931884766,0.7891721129417419,0.15717588365077972,3.5429999828338623,0.03481202572584152,0.26915088295936584,1.7235000133514404,0.277912974357605,-0.03005359321832657,1.5959999561309814,0.062447402626276016,0.5097336769104004,1.715499997138977
0.6104885935783386,-0.35204437375068665,3.0764999389648438,0.6329119205474854,-0.4321596622467041,3.189500093460083,0.2753535509109497,-0.19983550906181335,1.5110000371932983,0.29869383573532104,-0.08628346771001816,1.684000015258789,0.07239149510860443,-0.009209697134792805,1.5694999694824219,0.7850610613822937,0.16537295281887054,3.4739999771118164,0.04282664135098457,0.2751939296722412,1.7089999914169312,0.29269397258758545,-0.024819135665893555,1.5920000076293945,0.07550032436847687,0.5178326368331909,1.6965000629425049
0.6447697877883911,-0.36448535323143005,3.0974998474121094,0.6635026335716248,-0.4404813349246979,3.2125000953674316,0.28673872351646423,-0.20168140530586243,1.506500005722046,0.2914952039718628,-0.07492135465145111,1.6740000247955322,0.0789501965045929,-0.006577387452125549,1.5485000610351562,0.7811064124107361,0.1645399034023285,3.4565000534057617,0.050221558660268784,0.27844178676605225,1.6784999370574951,0.29747897386550903,-0.024787956848740578,1.590000033378601,0.09120750427246094,0.5243082046508789,1.681999921798706
0.666329026222229,-0.37600570917129517,3.1519999504089355,0.70488041639328,-0.45907458662986755,3.309000015258789,0.29374751448631287,-0.20222552120685577,1.4925000667572021,0.2847031354904175,-0.07186383008956909,1.6659998893737793,0.08231450617313385,-0.006447835825383663,1.5180000066757202,0.5735586285591125,0.12257782369852066,2.575000047683716,0.05726778879761696,0.27846917510032654,1.6465001106262207,0.30005529522895813,-0.027364283800125122,1.590000033378601,0.11180144548416138,0.5294822454452515,1.6640000343322754
0.7029904127120972,-0.38489291071891785,3.2265000343322754,0,0,0,0.3041999340057373,-0.2035469263792038,1.4844999313354492,0.28809964656829834,-0.0713677704334259,1.6545000076293945,0.09087837487459183,-0.0063586365431547165,1.496999979019165,0.3834235668182373,0.085353322327137,1.7339999675750732,0.06678399443626404,0.2789785861968994,1.618499994277954,0.3052079975605011,-0.024787956848740578,1.590000033378601,0.1273636519908905,0.5296199917793274,1.656000018119812
