-0.000995032605715096,-0.07935093343257904,1.1489999294281006,0.02241448685526848,-0.1224205493927002,1.2065000534057617,-0.0381140373647213,-0.10695057362318039,1.1454999446868896,0.1035238578915596,-0.03480386734008789,1.375,-0.11897895485162735,0.030226008966565132,1.2130000591278076,0.16665416955947876,0.18125946819782257,1.5245000123977661,-0.07907494902610779,0.2173061966896057,1.0054999589920044,0.3913150429725647,0.6505758762359619,2.503499984741211,0,0,0
-0.0009876717813313007,-0.07506794482469559,1.1405000686645508,0.022330883890390396,-0.12001630663871765,1.2020000219345093,-0.03786449134349823,-0.10440639406442642,1.1380000114440918,0.10575182735919952,-0.03257590904831886,1.375,-0.11672408878803253,0.03211185336112976,1.2100000381469727,0.16967906057834625,0.1843322515487671,1.5295000076293945,-0.07891766726970673,0.21849997341632843,1.003499984741211,0.38725849986076355,0.6465193033218384,2.503499984741211,0,0,0
-0.0009846407920122147,-0.07299526035785675,1.1370000839233398,0.024258334189653397,-0.11407839506864548,1.2009999752044678,-0.03773139789700508,-0.10036449879407883,1.1339999437332153,0.10797980427742004,-0.028119996190071106,1.375,-0.11424180865287781,0.03586927056312561,1.2044999599456787,0.17255133390426636,0.1822700947523117,1.5329999923706055,-0.07744569331407547,0.22545242309570312,1.0054999589920044,0.38865065574645996,0.6447724103927612,2.5124998092651367,0,0,0
0.0008561795693822205,-0.07102777063846588,1.1349999904632568,0.02616073004901409,-0.11388842761516571,1.1990000009536743,-0.03773139789700508,-0.09668958187103271,1.1339999437332153,0.10786200314760208,-0.02808932028710842,1.3734999895095825,-0.11177737265825272,0.03376270458102226,1.1990000009536743,0.17277644574642181,0.18499508500099182,1.534999966621399,-0.07592954486608505,0.2290521115064621,1.0069999694824219,0.39412859082221985,0.6470821499824524,2.5215001106262207,0,0,0
0.0026952677872031927,-0.0673496201634407,1.1349999904632568,0.02611709199845791,-0.11175892502069473,1.1970000267028809,-0.03769812360405922,-0.09293264150619507,1.1329998970031738,0.10996731370687485,-0.028058644384145737,1.371999979019165,-0.11168414354324341,0.03567570447921753,1.1979999542236328,0.1731141209602356,0.18037250638008118,1.5379999876022339,-0.07638195902109146,0.23041687905788422,1.0130000114440918,0.39821428060531616,0.6552534699440002,2.5215001106262207,0,0,0
0.0026952677872031927,-0.06551054120063782,1.1349999904632568,0.026073453947901726,-0.10963588207960129,1.1949999332427979,-0.0358148030936718,-0.0891427993774414,1.131500005722046,0.11219042539596558,-0.028058644384145737,1.371999979019165,-0.11556648463010788,0.04149917885661125,1.1979999542236328,0.18557454645633698,0.18535664677619934,1.5379999876022339,-0.07529390603303909,0.23212280869483948,1.0204999446868896,0.4317542314529419,0.689302921295166,2.5264999866485596,0,0,0
0.0026905182749032974,-0.06355927139520645,1.1329998970031738,0.0260079987347126,-0.10936065018177032,1.1920000314712524,-0.03759830817580223,-0.0890246257185936,1.1299999952316284,0.10996731370687485,-0.028058644384145737,1.371999979019165,-0.11149770021438599,0.0375540629029274,1.1959999799728394,0.193050816655159,0.1903407871723175,1.5379999876022339,-0.07407331466674805,0.2334875762462616,1.0264999866485596,0.4522232115268707,0.7056780457496643,2.5264999866485596,0,0,0
0.0026905182749032974,-0.06355927139520645,1.1329998970031738,0.025964362546801567,-0.10917716473340988,1.190000057220459,-0.0357673242688179,-0.0890246257185936,1.1299999952316284,0.11219042539596558,-0.030281739309430122,1.371999979019165,-0.11315109580755234,0.04132597893476486,1.193000078201294,0.19803497195243835,0.1903407871723175,1.5379999876022339,-0.07241003960371017,0.2334875762462616,1.0264999866485596,0.4685983955860138,0.7097717523574829,2.5264999866485596,0,0,0
0.0026822069194167852,-0.06153275817632675,1.129499912261963,0.025942541658878326,-0.10908541083335876,1.1890000104904175,-0.03381620720028877,-0.08870948851108551,1.125999927520752,0.11420505493879318,-0.032445602118968964,1.369499921798706,-0.11112479865550995,0.04322277009487152,1.1920000314712524,0.20484313368797302,0.19468992948532104,1.5329999923706055,-0.07085013389587402,0.23716016113758087,1.027999997138977,0.4890673756599426,0.7138655185699463,2.5264999866485596,0,0,0
0.00636221282184124,-0.06539510190486908,1.1329998970031738,0.025898905470967293,-0.10890192538499832,1.187000036239624,-0.03375614434480667,-0.090373195707798,1.124000072479248,0.10944633185863495,-0.03235083818435669,1.3654999732971191,-0.10708193480968475,0.03929385915398598,1.190000057220459,0.2091267853975296,0.1965308040380478,1.527999997138977,-0.0708846002817154,0.23394252359867096,1.0285000801086426,0.4967847168445587,0.7033103704452515,2.503499984741211,0,0,0
0.00636221282184124,-0.0672309398651123,1.1329998970031738,0.027822250500321388,-0.11082526296377182,1.187000036239624,-0.03375614434480667,-0.09219444543123245,1.124000072479248,0.11608406156301498,-0.03235083818435669,1.3654999732971191,-0.10506536066532135,0.03540768846869469,1.1890000104904175,0.20959465205669403,0.19221344590187073,1.5134999752044678,-0.07098797708749771,0.23094581067562103,1.0299999713897705,0.4967847168445587,0.695197343826294,2.503499984741211,0,0,0
0.00636221282184124,-0.07090260833501816,1.1329998970031738,0.029745597392320633,-0.11274859309196472,1.187000036239624,-0.030113616958260536,-0.09583694487810135,1.124000072479248,0.11608406156301498,-0.03456340357661247,1.3654999732971191,-0.10305202007293701,0.039227817207574844,1.187999963760376,0.20399442315101624,0.18929246068000793,1.4904999732971191,-0.06931901723146439,0.22760790586471558,1.0299999713897705,0.4967847168445587,0.6870843768119812,2.503499984741211,0,0,0
0.010033907368779182,-0.07090260833501816,1.1329998970031738,0.03359229117631912,-0.11659526824951172,1.187000036239624,-0.028292352333664894,-0.09947945922613144,1.124000072479248,0.1138714924454689,-0.03456340357661247,1.3654999732971191,-0.10121218115091324,0.03155454248189926,1.1890000104904175,0.20637284219264984,0.17990973591804504,1.4730000495910645,-0.06598111987113953,0.2192631959915161,1.0299999713897705,0.4820019006729126,0.6753100156784058,2.490000009536743,0,0,0
0.015541451051831245,-0.07457428425550461,1.1329998970031738,0.03551563620567322,-0.12044192850589752,1.187000036239624,-0.022848866879940033,-0.10321369767189026,1.125,0.1138714924454689,-0.03898852691054344,1.3654999732971191,-0.09928560256958008,0.03155454248189926,1.1890000104904175,0.19622448086738586,0.17460119724273682,1.468500018119812,-0.0608854740858078,0.2122778743505478,1.0285000801086426,0.47384023666381836,0.6534799337387085,2.4685001373291016,-0.033265139907598495,0.3027304708957672,0.8040000200271606
0.017377298325300217,-0.08191762864589691,1.1329998970031738,0.0412856750190258,-0.12428860366344452,1.187000036239624,-0.019203096628189087,-0.10685945302248001,1.125,0.11407997459173203,-0.04127652570605278,1.3680000305175781,-0.09735900908708572,0.02962796576321125,1.1890000104904175,0.1938450187444687,0.16270391643047333,1.468500018119812,-0.05752444267272949,0.20051473379135132,1.027999997138977,0.45227670669555664,0.6257821321487427,2.438499927520752,-0.033430635929107666,0.3029273748397827,0.8079999685287476
0.02288483828306198,-0.08558930456638336,1.1329998970031738,0.045170389115810394,-0.12824320793151855,1.187999963760376,-0.013771068304777145,-0.1107998862862587,1.128000020980835,0.11872980743646622,-0.04135195538401604,1.3704999685287476,-0.09173329174518585,0.023888355121016502,1.190999984741211,0.1938450187444687,0.16270391643047333,1.468500018119812,-0.05580439418554306,0.18201479315757751,1.0269999504089355,0.4341450035572052,0.614585816860199,2.42549991607666,-0.029886320233345032,0.2869702875614166,0.8184999823570251
0.028467562049627304,-0.09133802354335785,1.1359999179840088,0.05103105306625366,-0.1323155164718628,1.190000057220459,-0.010155931115150452,-0.11674696952104568,1.1324999332427979,0.1210828647017479,-0.04584340751171112,1.371999979019165,-0.08408453315496445,0.0161826703697443,1.1920000314712524,0.1938450187444687,0.15794499218463898,1.468500018119812,-0.05408758670091629,0.16853788495063782,1.0260000228881836,0.416354775428772,0.5964309573173523,2.36899995803833,-0.03144137188792229,0.26235464215278625,0.8244999647140503
0.034214094281196594,-0.09564674645662308,1.1434999704360962,0.05710214376449585,-0.13879640400409698,1.196000099182129,-0.002829456003382802,-0.12100183963775635,1.1380000114440918,0.12580356001853943,-0.043715689331293106,1.375,-0.08055812865495682,0.01237147580832243,1.1970000267028809,0.1938450187444687,0.15794499218463898,1.468500018119812,-0.052271824330091476,0.1597570925951004,1.0230000019073486,0.40264618396759033,0.5693688988685608,2.2909998893737793,-0.0341133177280426,0.23964326083660126,0.8244999647140503
0.04017266258597374,-0.10035161674022675,1.1549999713897705,0.06123292073607445,-0.14132265746593475,1.2009999752044678,0.004584294278174639,-0.12758995592594147,1.1475000381469727,0.13054370880126953,-0.043811071664094925,1.378000020980835,-0.07693526148796082,0.004628743045032024,1.2009999752044678,0.19509902596473694,0.16136160492897034,1.4779999256134033,-0.051965244114398956,0.14234130084514618,1.0169999599456787,0.3255792558193207,0.460391104221344,1.852500081062317,-0.0341133177280426,0.22494764626026154,0.8244999647140503
0.044086750596761703,-0.10637890547513962,1.1594998836517334,0.06913198530673981,-0.14545652270317078,1.2030000686645508,0.010219885967671871,-0.13205240666866302,1.1540000438690186,0.13564620912075043,-0.0440177284181118,1.3845000267028809,-0.07136356830596924,-0.003167154733091593,1.2055000066757202,0.19916416704654694,0.16997162997722626,1.4904999732971191,-0.04864554479718208,0.12744773924350739,1.0164999961853027,0.256479412317276,0.3663950562477112,1.446000099182129,-0.032777342945337296,0.1982283741235733,0.8244999647140503
