0.5587432384490967,-0.24877744913101196,1.440000057220459,0,0,0,0.5262070298194885,-0.2651048004627228,1.3910000324249268,0.5440805554389954,-0.22587671875953674,1.5729999542236328,0.3250672519207001,-0.19687406718730927,1.5260000228881836,0.5834494233131409,-0.05289366841316223,1.5829999446868896,0.3884454667568207,0.04621760919690132,1.5520000457763672,0.5477816462516785,0.021300848573446274,1.569000005722046,0.5216383337974548,0.0009658139897510409,1.5744999647140503
0.5757259726524353,-0.24772773683071136,1.4474999904632568,0,0,0,0.5442382097244263,-0.2651048004627228,1.3910000324249268,0.5440805554389954,-0.22587671875953674,1.5729999542236328,0.34191060066223145,-0.20500315725803375,1.5130000114440918,0.5862053036689758,-0.06114360690116882,1.5975000858306885,0.3985045850276947,0.03615858778357506,1.5520000457763672,0.56120765209198,0.021328000351786613,1.5709999799728394,0.5316452383995056,-0.004155002534389496,1.5815000534057617
0.6033195853233337,-0.2537875473499298,1.468999981880188,0,0,0,0.5644925832748413,-0.2661530077457428,1.3964999914169312,0.5440805554389954,-0.22332793474197388,1.5729999542236328,0.35925325751304626,-0.20858828723430634,1.503499984741211,0.6008833646774292,-0.05736800283193588,1.6375000476837158,0.4186227321624756,0.043702851980924606,1.5520000457763672,0.5678420066833496,0.01404433511197567,1.6115000247955322,0.5429067611694336,-0.001626178971491754,1.6150000095367432
0.6242253184318542,-0.25508683919906616,1.4904999732971191,0,0,0,0.5828297734260559,-0.2660633325576782,1.4079999923706055,0.5415317416191101,-0.22332793474197388,1.5729999542236328,0.37262701988220215,-0.20546653866767883,1.4984999895095825,0.6041482090950012,-0.07501086592674255,1.6759999990463257,0.43874087929725647,0.05376187711954117,1.5520000457763672,0.5917122960090637,-0.01263267733156681,1.687000036239624,0.5508280396461487,0.0036778561770915985,1.6464999914169312
0.6424909830093384,-0.25512978434562683,1.5049999952316284,0,0,0,0.6109229326248169,-0.27248817682266235,1.4420000314712524,0.5389829874038696,-0.22332793474197388,1.5729999542236328,0.3799154758453369,-0.2065766453742981,1.4890000820159912,0.5988460183143616,-0.08082619309425354,1.684000015258789,0.4487999975681305,0.056276626884937286,1.5520000457763672,0.596149206161499,-0.02674449048936367,1.715499997138977,0.5560171604156494,0.00637463852763176,1.6540000438690186
0.6609131097793579,-0.25604918599128723,1.524999976158142,0,0,0,0.6351091265678406,-0.27661505341529846,1.4765000343322754,0.5350732803344727,-0.22893375158309937,1.5764999389648438,0.391874223947525,-0.20162732899188995,1.4704999923706055,0.5831658244132996,-0.06453090161085129,1.6859999895095825,0.4563443064689636,0.056276626884937286,1.5520000457763672,0.5850304365158081,-0.03230384737253189,1.715499997138977,0.5647773742675781,0.001025621430017054,1.6719999313354492
0.6724045872688293,-0.25607240200042725,1.5399999618530273,0,0,0,0.6453112959861755,-0.2765441834926605,1.4890000820159912,0.529751718044281,-0.22481869161128998,1.5835000276565552,0.40383002161979675,-0.20165154337882996,1.4535000324249268,0.5696318745613098,-0.05387362465262413,1.6944999694824219,0.4689181447029114,0.048732366412878036,1.5520000457763672,0.5655725002288818,-0.0017273746198043227,1.715499997138977,0.5763342976570129,0.025681912899017334,1.690000057220459
0.6833334565162659,-0.2558000087738037,1.5534999370574951,0,0,0,0.6542845964431763,-0.27588051557540894,1.4984999895095825,0.5180652141571045,-0.22274412214756012,1.5870000123977661,0.41325071454048157,-0.2063618302345276,1.4535000324249268,0.5621108412742615,-0.029343459755182266,1.7049999237060547,0.4769229292869568,0.028641974553465843,1.5534999370574951,0.5774243474006653,0.0653826892375946,1.7260000705718994,0.5929936766624451,0.09186229109764099,1.6984999179840088
0.677395224571228,-0.25108176469802856,1.5399999618530273,0,0,0,0.6635394096374512,-0.2777215540409088,1.5084999799728394,0.4876185357570648,-0.23968251049518585,1.5799999237060547,0.425026535987854,-0.20165154337882996,1.4535000324249268,0,0,0,0.4819573163986206,0.03871071711182594,1.5534999370574951,0,0,0,0.600788414478302,0.10326450318098068,1.7049999237060547
0.6748998761177063,-0.24609115719795227,1.5399999618530273,0,0,0,0.6639437675476074,-0.2740086019039154,1.5149999856948853,0.45938539505004883,-0.2510449290275574,1.5709999799728394,0.43680235743522644,-0.20165154337882996,1.4535000324249268,0,0,0,0.4830431342124939,0.043843645602464676,1.556999921798706,0,0,0,0.5745062828063965,0.10627591609954834,1.7089999914169312
0.6724045872688293,-0.24609115719795227,1.5399999618530273,0,0,0,0.6627988219261169,-0.2720915377140045,1.5180000066757202,0.44614139199256897,-0.2504428029060364,1.5514999628067017,0.43915754556655884,-0.19929638504981995,1.4535000324249268,0,0,0,0.4754745364189148,0.06907220929861069,1.556999921798706,0,0,0,0.6777790784835815,0.1351715475320816,2.065999984741211
0.6707474589347839,-0.24069689214229584,1.5534999370574951,0,0,0,0.660046398639679,-0.26558446884155273,1.5230000019073486,0.43859952688217163,-0.2504428029060364,1.5514999628067017,0.44379091262817383,-0.20032472908496857,1.4609999656677246,0,0,0,0.46390068531036377,0.07428453862667084,1.5605000257492065,0,0,0,0.7526180148124695,0.14466115832328796,2.3884999752044678
0.6702125668525696,-0.23472115397453308,1.5640000104904175,0,0,0,0.6594122648239136,-0.2623603641986847,1.5329999923706055,0.42406168580055237,-0.2532828152179718,1.5534999370574951,0.44515782594680786,-0.19619256258010864,1.465499997138977,0,0,0,0.4522700905799866,0.07698535174131393,1.5640000104904175,0,0,0,0.7485561966896057,0.15869243443012238,2.42549991607666
0.6604844331741333,-0.22813506424427032,1.5709999799728394,0,0,0,0.6551957726478577,-0.2596590518951416,1.5464999675750732,0.417448490858078,-0.2538534700870514,1.5570000410079956,0.44132187962532043,-0.19288034737110138,1.4765000343322754,0,0,0,0.44312262535095215,0.07207789272069931,1.5674999952316284,0,0,0,0.7131849527359009,0.16655266284942627,2.42549991607666
0.6563799977302551,-0.22681009769439697,1.5794999599456787,0,0,0,0.6470299363136292,-0.2538534700870514,1.5570000410079956,0.4014068841934204,-0.2532828152179718,1.5534999370574951,0.4325583875179291,-0.19190706312656403,1.4874999523162842,0,0,0,0.432963103055954,0.061918407678604126,1.5674999952316284,0,0,0,0.6948209404945374,0.1668616682291031,2.430000066757202
0.6421027183532715,-0.2255285680294037,1.5885000228881836,0,0,0,0.6353422999382019,-0.2527026832103729,1.565500020980835,0.3888208866119385,-0.2558000087738037,1.5534999370574951,0.4209311604499817,-0.18244987726211548,1.4889999628067017,0,0,0,0.41264399886131287,0.04921906068921089,1.5674999952316284,0,0,0,0.6318221092224121,0.19836091995239258,2.430000066757202
0.6403897404670715,-0.22613827884197235,1.6299999952316284,0,0,0,0.6264603137969971,-0.250160276889801,1.5815000534057617,0.37120047211647034,-0.2532828152179718,1.5534999370574951,0.4121090769767761,-0.17556487023830414,1.4919999837875366,0,0,0,0.39740467071533203,0.05175892636179924,1.5674999952316284,0,0,0,0.6003226041793823,0.1904861181974411,2.430000066757202
0.6348738074302673,-0.22546282410621643,1.6640000343322754,0,0,0,0.6120902299880981,-0.24751418828964233,1.597499966621399,0.3485456705093384,-0.2532828152179718,1.5534999370574951,0.4054059088230133,-0.17198853194713593,1.503000020980835,0,0,0,0.37454572319984436,0.05175892636179924,1.5674999952316284,0,0,0,0.5431544184684753,0.2148595005273819,2.438499927520752
0.6182212233543396,-0.2235698401927948,1.6700000762939453,0,0,0,0.5973170399665833,-0.24630557000637054,1.6064999103546143,0.3319903612136841,-0.25157275795936584,1.558500051498413,0.3897744417190552,-0.1761646568775177,1.5180000066757202,0,0,0,0.36184626817703247,0.0441393181681633,1.5674999952316284,0,0,0,0.5255114436149597,0.18261130154132843,2.430000066757202
0.6001457571983337,-0.21674209833145142,1.6800000667572021,0,0,0,0.5858626365661621,-0.24282534420490265,1.6180000305175781,0.3113462030887604,-0.2507253587245941,1.569000005722046,0.37798088788986206,-0.1750781387090683,1.5299999713897705,0,0,0,0.3505649268627167,0.04399852082133293,1.5625,0,0,0,0.4852368235588074,0.19799357652664185,2.42549991607666
