0.25144344568252563,-0.14386463165283203,1.625499963760376,0.28975391387939453,-0.17693063616752625,1.6640000343322754,0.21605025231838226,-0.1750367432832718,1.597499966621399,0.3440803587436676,-0.015416273847222328,1.6924999952316284,0.06800679862499237,0.006611663848161697,1.715499997138977,0.4807322323322296,-0.10146184265613556,1.5414999723434448,-0.00454876059666276,0.2530960142612457,1.8294999599456787,0.512539267539978,-0.2284897267818451,1.4155000448226929,-0.03180886432528496,0.48426127433776855,1.8634999990463257
0.26077017188072205,-0.13795745372772217,1.6180000305175781,0.2950302064418793,-0.16839396953582764,1.6334999799728394,0.22541218996047974,-0.16911548376083374,1.590499997138977,0.34698349237442017,-0.02346889115869999,1.6800000667572021,0.07303015142679214,0.00932291243225336,1.7029999494552612,0.4834746718406677,-0.09800110757350922,1.5264999866485596,0.0013691330095753074,0.2569718658924103,1.815000057220459,0.5493245124816895,-0.22663339972496033,1.4040000438690186,-0.025368815287947655,0.48861512541770935,1.8344999551773071
0.27320167422294617,-0.12977075576782227,1.6140000820159912,0.29701122641563416,-0.15850739181041718,1.587499976158142,0.23438696563243866,-0.1604708582162857,1.5815000534057617,0.3638599216938019,-0.009799422696232796,1.6699999570846558,0.08374705910682678,0.023031797260046005,1.6965000629425049,0.4904126524925232,-0.08802077174186707,1.524999976158142,0.010076780803501606,0.26570016145706177,1.7944999933242798,0.5920068025588989,-0.21180900931358337,1.381500005722046,-0.02193848229944706,0.49609750509262085,1.7969999313354492
0.2814887762069702,-0.11731398850679398,1.5870000123977661,0.30499279499053955,-0.14588414132595062,1.5625,0.24313583970069885,-0.14775100350379944,1.5555000305175781,0.36316362023353577,-0.012389309704303741,1.6545000076293945,0.09596875309944153,0.03349584713578224,1.6700000762939453,0.5018945932388306,-0.08133547008037567,1.4930000305175781,0.01565307378768921,0.27602213621139526,1.7674999237060547,0.6130768060684204,-0.2010287493467331,1.3394999504089355,-0.015886297449469566,0.506280243396759,1.7714999914169312
0.2865349054336548,-0.1076313704252243,1.558500051498413,0.31370818614959717,-0.13514886796474457,1.5555000305175781,0.2493106722831726,-0.13554517924785614,1.531499981880188,0.3699323534965515,-0.004300814587622881,1.6369999647140503,0.09995407611131668,0.04369600489735603,1.6464999914169312,0.5142819285392761,-0.07714558392763138,1.4594999551773071,0.023970596492290497,0.28705647587776184,1.747499942779541,0.6322633624076843,-0.18710577487945557,1.3029999732971191,-0.018661441281437874,0.5236989855766296,1.7625000476837158
0.29184624552726746,-0.0917675718665123,1.5464999675750732,0.3205466568470001,-0.12478575855493546,1.5520000457763672,0.25533032417297363,-0.12492182850837708,1.5230000019073486,0.37693920731544495,0.01938622258603573,1.621500015258789,0.10134425759315491,0.0536905974149704,1.625999927520752,0.5255656838417053,-0.0605291947722435,1.4579999446868896,0.026664109900593758,0.3024797737598419,1.7384999990463257,0.6446012258529663,-0.16792935132980347,1.2855000495910645,-0.01859261840581894,0.5388393998146057,1.75600004196167
0.30638641119003296,-0.08095132559537888,1.531499981880188,0.3355354964733124,-0.11633498221635818,1.5399999618530273,0.26721036434173584,-0.1162453442811966,1.506500005722046,0.3882230520248413,0.032152000814676285,1.6030000448226929,0.1126512736082077,0.06836589425802231,1.5994999408721924,0.5398719906806946,-0.039105601608753204,1.4519999027252197,0.040303584188222885,0.32424938678741455,1.719499945640564,0.6553493738174438,-0.15973106026649475,1.2699999809265137,-0.012685230001807213,0.5577622056007385,1.7265000343322754
0.3107573091983795,-0.08261570334434509,1.5164999961853027,0.339234858751297,-0.11505076289176941,1.5230000019073486,0.2716177701950073,-0.11501074582338333,1.4904999732971191,0.39500704407691956,0.03186117112636566,1.5885000228881836,0.11702438443899155,0.07561742514371872,1.5885000228881836,0.543608546257019,-0.0433584563434124,1.437000036239624,0.04784141853451729,0.32699835300445557,1.690500020980835,0.6507195234298706,-0.16525135934352875,1.2649999856948853,-0.01239133533090353,0.5557706356048584,1.686500072479248
0.3132779896259308,-0.08442781120538712,1.5049999952316284,0.3427015244960785,-0.11947420239448547,1.5164999961853027,0.27496421337127686,-0.11919773370027542,1.4824999570846558,0.3983915448188782,0.02659565955400467,1.5815000534057617,0.12124927341938019,0.0776006430387497,1.5764999389648438,0.5488821268081665,-0.04535304009914398,1.4264999628067017,0.05557814612984657,0.3296249210834503,1.6759999990463257,0.649176299571991,-0.17917345464229584,1.2619999647140503,-0.012255408801138401,0.5577822327613831,1.6679999828338623
0.3143530488014221,-0.08406317234039307,1.4984999895095825,0.3448173999786377,-0.11935602873563766,1.5149999856948853,0.2758696377277374,-0.11616531759500504,1.4744999408721924,0.40338316559791565,0.02387354150414467,1.5709999799728394,0.12523609399795532,0.0845068171620369,1.5625,0.5434656143188477,-0.05155416950583458,1.406499981880188,0.05524653568863869,0.3519534468650818,1.6660000085830688,0.6290565133094788,-0.1842067539691925,1.254499912261963,-0.004103705752640963,0.5599532723426819,1.6505000591278076
0.31846365332603455,-0.08144442737102509,1.4950000047683716,0.34972700476646423,-0.1169012263417244,1.5149999856948853,0.2762773334980011,-0.11533810198307037,1.4639999866485596,0.404834121465683,0.02618364617228508,1.556999921798706,0.13164128363132477,0.08374964445829391,1.5485000610351562,0.5331063270568848,-0.05078442767262459,1.3854999542236328,0.06020868942141533,0.3547784388065338,1.6540000438690186,0.5978274345397949,-0.18878789246082306,1.244499921798706,0.0012363685527816415,0.5719860792160034,1.6390000581741333
0.31420326232910156,-0.08035486936569214,1.475000023841858,0.3445330560207367,-0.11516507714986801,1.4925000667572021,0.27174821496009827,-0.11111404001712799,1.440000057220459,0.40199360251426697,0.03330782800912857,1.5364999771118164,0.13280758261680603,0.09284721314907074,1.5329999923706055,0.5350741744041443,-0.05501504987478256,1.378999948501587,0.05871621146798134,0.35643839836120605,1.6129999160766602,0.5423638224601746,-0.18964466452598572,1.2239999771118164,0.009181128814816475,0.5811871290206909,1.6349999904632568
0.30770617723464966,-0.07635272294282913,1.4444999694824219,0.33518391847610474,-0.10968726873397827,1.4520000219345093,0.26787957549095154,-0.10723215341567993,1.4195001125335693,0.39599382877349854,0.03795070946216583,1.5230000019073486,0.1313781440258026,0.09676233679056168,1.5164999961853027,0.5294479727745056,-0.05222563445568085,1.3645000457763672,0.05736934393644333,0.3610303997993469,1.5759999752044678,0.506664514541626,-0.17576166987419128,1.2239999771118164,0.019687440246343613,0.5837953090667725,1.627500057220459
0.3010319173336029,-0.07526914775371552,1.4240000247955322,0.3267568051815033,-0.10537561029195786,1.4255000352859497,0.26324084401130676,-0.1062878742814064,1.4070000648498535,0.39223408699035645,0.037826117128133774,1.5180000066757202,0.12379511445760727,0.09953130036592484,1.4844999313354492,0.5335578322410583,-0.05614933744072914,1.3524999618530273,0.054154835641384125,0.3617236018180847,1.556999921798706,0.4421021342277527,-0.15669487416744232,1.1995000839233398,0.03784247860312462,0.5948282480239868,1.6145000457763672
0.2963120937347412,-0.07466128468513489,1.412500023841858,0.3221709728240967,-0.10692998021841049,1.4155000448226929,0.2588280439376831,-0.10541912913322449,1.3954999446868896,0.39094215631484985,0.04015308618545532,1.5130000114440918,0.11971339583396912,0.09815683960914612,1.4639999866485596,0.5331745743751526,-0.058060452342033386,1.3459999561309814,0.055931467562913895,0.3544713854789734,1.5364999771118164,0.42195481061935425,-0.1537836790084839,1.1920000314712524,0.047483835369348526,0.5821250081062317,1.5870000123977661
0.2904953956604004,-0.07434413582086563,1.406499981880188,0.3172472417354584,-0.10681667178869247,1.4140000343322754,0.25348564982414246,-0.10507919639348984,1.3910000324249268,0.3806718587875366,0.03984789177775383,1.5015000104904175,0.11202003061771393,0.09293396025896072,1.4565000534057617,0.524088442325592,-0.05778007209300995,1.3394999504089355,0.055622052401304245,0.3525104522705078,1.527999997138977,0.4122975766658783,-0.15185223519802094,1.1920000314712524,0.05432874709367752,0.5754857659339905,1.562000036239624
0.28224658966064453,-0.0739741250872612,1.3994998931884766,0.3100444972515106,-0.10441462695598602,1.412500023841858,0.2457484006881714,-0.10690867900848389,1.3854999542236328,0.3698916733264923,0.037066105753183365,1.4874999523162842,0.10162913799285889,0.09207257628440857,1.443000078201294,0.5138676166534424,-0.061935439705848694,1.3355000019073486,0.05055422708392143,0.3541732132434845,1.5245000123977661,0.407406747341156,-0.15147005021572113,1.1890000104904175,0.06410190463066101,0.574871301651001,1.5534999370574951
0.27406591176986694,-0.07360412925481796,1.3924999237060547,0.3048182427883148,-0.10419286042451859,1.409500002861023,0.2383234053850174,-0.10660003125667572,1.381500005722046,0.3610761761665344,0.03690413385629654,1.4809999465942383,0.08937741070985794,0.08685120940208435,1.434000015258789,0.5042659640312195,-0.06397940218448639,1.3329999446868896,0.043002091348171234,0.3480874001979828,1.5195000171661377,0.41022223234176636,-0.15108788013458252,1.1859999895095825,0.06631892174482346,0.5697751045227051,1.5464999675750732
0.26566535234451294,-0.07763992995023727,1.3840000629425049,0.29733243584632874,-0.10852909088134766,1.406499981880188,0.23093730211257935,-0.10852339118719101,1.377500057220459,0.35543474555015564,0.03681692108511925,1.4774999618530273,0.08446437865495682,0.08426239341497421,1.4294999837875366,0.4934663772583008,-0.061819493770599365,1.3329999446868896,0.035580601543188095,0.34774377942085266,1.5180000066757202,0.41861388087272644,-0.15134266018867493,1.187999963760376,0.0733351856470108,0.575861930847168,1.5360000133514404
0.25772157311439514,-0.07727529108524323,1.377500057220459,0.2898757755756378,-0.10829760134220123,1.403499960899353,0.22334589064121246,-0.11031317710876465,1.371999979019165,0.3455073833465576,0.03917115181684494,1.4759999513626099,0.07719019055366516,0.08160218596458435,1.4235000610351562,0.4821236729621887,-0.057434991002082825,1.3315000534057617,0.025741884484887123,0.34282445907592773,1.5180000066757202,0.4513382911682129,-0.16481734812259674,1.187999963760376,0.0768343135714531,0.5527803301811218,1.5069999694824219
