0.05960140749812126,-0.11293300986289978,1.1690000295639038,0.08536002039909363,-0.15440009534358978,1.2120000123977661,0.02551707625389099,-0.14140598475933075,1.1694999933242798,0.15120647847652435,-0.05373748019337654,1.4040000438690186,-0.05476519837975502,-0.013169742189347744,1.2274999618530273,0.20796345174312592,0.1708166003227234,1.5195000171661377,-0.03343920409679413,0.12274900078773499,1.0049999952316284,0.25882241129875183,0.3687380254268646,1.446000099182129,-0.025828437879681587,0.17106316983699799,0.8159999847412109
0.06556317955255508,-0.11912285536527634,1.1740000247955322,0.09020859003067017,-0.15996070206165314,1.2244999408721924,0.03156222403049469,-0.14878885447978973,1.1829999685287476,0.15848158299922943,-0.05617200583219528,1.4079999923706055,-0.04911632463335991,-0.021263252943754196,1.2354999780654907,0.21250280737876892,0.16753004491329193,1.534500002861023,-0.028454432263970375,0.11096218228340149,1.0015000104904175,0.25882241129875183,0.36170902848243713,1.446000099182129,-0.021459968760609627,0.13417358696460724,0.8009999990463257
0.07181638479232788,-0.12386977672576904,1.183000087738037,0.09934729337692261,-0.16392859816551208,1.2395000457763672,0.03756514564156532,-0.15365466475486755,1.190999984741211,0.1633918732404709,-0.05857798084616661,1.4110000133514404,-0.041225045919418335,-0.02533867210149765,1.2389999628067017,0.2193889170885086,0.16398736834526062,1.5479999780654907,-0.025108203291893005,0.09758874773979187,0.9975000023841858,0.25882241129875183,0.3570230305194855,1.446000099182129,-0.017566287890076637,0.11989684402942657,0.8009999990463257
0.08617108315229416,-0.13492056727409363,1.196000099182129,0.11473284661769867,-0.1760057508945465,1.253999948501587,0.05327078700065613,-0.1641264259815216,1.1970000267028809,0.18047669529914856,-0.0704311653971672,1.4194999933242798,-0.03324821591377258,-0.03342290222644806,1.2409999370574951,0.22592762112617493,0.1474226713180542,1.558500051498413,-0.012177872471511364,0.09920503199100494,0.9975000023841858,0.2579149901866913,0.33617520332336426,1.4674999713897705,-0.012328363955020905,0.12591291964054108,0.7979999780654907
0.09271551668643951,-0.139898881316185,1.2055000066757202,0.12193666398525238,-0.18172092735767365,1.2655000686645508,0.0592375323176384,-0.17037096619606018,1.2000000476837158,0.18677181005477905,-0.07571843266487122,1.4325000047683716,-0.02326875552535057,-0.04159988462924957,1.2450000047683716,0.23305310308933258,0.13600710034370422,1.5724999904632568,-0.008945290930569172,0.0765770971775055,0.9975000023841858,0.2624153196811676,0.3281310200691223,1.5069999694824219,-0.003277132986113429,0.10651754587888718,0.7979999780654907
0.09722329676151276,-0.14666564762592316,1.2130000591278076,0.1267349123954773,-0.18891172111034393,1.2725000381469727,0.06531476974487305,-0.17686492204666138,1.2044999599456787,0.19962383806705475,-0.08086556941270828,1.441499948501587,-0.013240358792245388,-0.04786233231425285,1.250499963760376,0.24004217982292175,0.13195179402828217,1.5850000381469727,-0.004108736291527748,0.06870168447494507,1.000499963760376,0.26834025979042053,0.3311300277709961,1.5555000305175781,0.0018949988298118114,0.10263846814632416,0.7979999780654907
0.10371480137109756,-0.15146562457084656,1.2200000286102295,0.1333906054496765,-0.1916489154100418,1.2769999504089355,0.07193800806999207,-0.18271930515766144,1.2174999713897705,0.2049330621957779,-0.08580401539802551,1.4459999799728394,-0.007221778389066458,-0.05439392849802971,1.2609999179840088,0.24633878469467163,0.12741540372371674,1.5924999713897705,-0.0024962860625237226,0.06731520593166351,1.003999948501587,0.27834585309028625,0.32779043912887573,1.6134999990463257,0.0031880317255854607,0.10781056433916092,0.7979999780654907
0.11162246763706207,-0.16023434698581696,1.2420001029968262,0.14205558598041534,-0.19839869439601898,1.2804999351501465,0.07852775603532791,-0.18827466666698456,1.2279999256134033,0.21697281301021576,-0.08924427628517151,1.4639999866485596,-0.007261868100613356,-0.05675046518445015,1.2680000066757202,0.2500133514404297,0.115016870200634,1.5994999408721924,0.0024031817447394133,0.0711311474442482,1.0120000839233398,0.28645387291908264,0.31850481033325195,1.6605000495910645,0.007301815785467625,0.13143019378185272,0.8244999647140503
0.1215030625462532,-0.16881529986858368,1.2610000371932983,0.1488591432571411,-0.20333926379680634,1.2855000495910645,0.08701510727405548,-0.1934284120798111,1.2355000972747803,0.22669148445129395,-0.09508001059293747,1.4809999465942383,-0.00527914147824049,-0.05753369629383087,1.2855000495910645,0.25607433915138245,0.11801300197839737,1.6050000190734863,0.005744522903114557,0.07190430909395218,1.0230000019073486,0.30241861939430237,0.32980310916900635,1.7049999237060547,0.017279772087931633,0.14607512950897217,0.8554999828338623
0.12613733112812042,-0.1736558973789215,1.2664999961853027,0.15469159185886383,-0.2097650170326233,1.2994999885559082,0.09426318109035492,-0.2020975947380066,1.252000093460083,0.23032870888710022,-0.09800628572702408,1.4890000820159912,0.0009874353418126702,-0.06282748281955719,1.309000015258789,0.2579091191291809,0.10314296931028366,1.616499900817871,0.0059747532941401005,0.07306206226348877,1.0640000104904175,0.3073411285877228,0.3299695551395416,1.7649999856948853,0.020286567509174347,0.14778262376785278,0.8654999732971191
0.1358310580253601,-0.17972517013549805,1.2804999351501465,0.16556179523468018,-0.21932436525821686,1.319000005722046,0.10187205672264099,-0.20928344130516052,1.2710000276565552,0.23932179808616638,-0.10359130799770355,1.5,0.007457211147993803,-0.07019482553005219,1.3280000686645508,0.2619789242744446,0.10108338296413422,1.625499963760376,0.00788330752402544,0.08540518581867218,1.0894999504089355,0.322812020778656,0.33132266998291016,1.8034999370574951,0.026270201429724693,0.16129820048809052,0.878000020980835
0.1433868557214737,-0.18559801578521729,1.2925000190734863,0.17347286641597748,-0.22554826736450195,1.3304998874664307,0.11101952940225601,-0.21724174916744232,1.2815001010894775,0.24792861938476562,-0.106587253510952,1.5080000162124634,0.014048845507204533,-0.07522770017385483,1.340999960899353,0.26803135871887207,0.10238929092884064,1.6464999914169312,0.007912250235676765,0.09103425592184067,1.093500018119812,0.33359092473983765,0.33332857489585876,1.847000002861023,0.029579775407910347,0.18410484492778778,0.8919999599456787
0.1513487994670868,-0.19403347373008728,1.306999921798706,0.18095478415489197,-0.23115570843219757,1.3380000591278076,0.12002374231815338,-0.22060176730155945,1.2890000343322754,0.2563593089580536,-0.1045926883816719,1.5145000219345093,0.02058282122015953,-0.07310931384563446,1.3420000076293945,0.2830193042755127,0.10126584023237228,1.6719999313354492,0.006263944320380688,0.10551811754703522,1.1154999732971191,0.3501480519771576,0.34370559453964233,1.9045000076293945,0.029695842415094376,0.1949842870235443,0.8955000042915344
0.1611650437116623,-0.19993768632411957,1.3179999589920044,0.19125667214393616,-0.23751574754714966,1.3494999408721924,0.12722037732601166,-0.2285396307706833,1.2985000610351562,0.2660720944404602,-0.11047673970460892,1.527999997138977,0.027237607166171074,-0.07564844191074371,1.3485000133514404,0.2908528745174408,0.09665000438690186,1.6859999895095825,0.006463290192186832,0.11074116080999374,1.1510000228881836,0.36071664094924927,0.34169864654541016,1.9279999732971191,0.030226420611143112,0.20437581837177277,0.9114999771118164
0.17002937197685242,-0.20245657861232758,1.3204998970031738,0.20096661150455475,-0.23865976929664612,1.3559999465942383,0.13673321902751923,-0.23462967574596405,1.309000015258789,0.2734183669090271,-0.11145280301570892,1.5414999723434448,0.033955588936805725,-0.08259972184896469,1.3550000190734863,0.30091097950935364,0.09725192189216614,1.6965000629425049,0.006564367096871138,0.12004967033863068,1.1690000295639038,0.376890629529953,0.3419112265110016,1.9470000267028809,0.03450896963477135,0.2248484194278717,0.9479999542236328
0.17725010216236115,-0.20767523348331451,1.3264999389648438,0.20817042887210846,-0.24377106130123138,1.3599998950958252,0.14375221729278564,-0.23570513725280762,1.315000057220459,0.2872054874897003,-0.1094498410820961,1.5485000610351562,0.042769383639097214,-0.0870550200343132,1.3559999465942383,0.312366247177124,0.09739522635936737,1.6990000009536743,0.0047141327522695065,0.12691529095172882,1.1800000667572021,0.39018720388412476,0.34814536571502686,1.9824999570846558,0.036843523383140564,0.23924985527992249,0.968999981880188
0.18325966596603394,-0.21397146582603455,1.3389999866485596,0.2162817418575287,-0.24991196393966675,1.369499921798706,0.1520283967256546,-0.2429775893688202,1.3315000534057617,0.2942051589488983,-0.11777028441429138,1.559000015258789,0.04294285923242569,-0.09182028472423553,1.3615000247955322,0.3205850422382355,0.09544999897480011,1.7135000228881836,0.006856365595012903,0.13923874497413635,1.2209999561309814,0.40436187386512756,0.34884780645370483,2.004999876022339,0.03904791548848152,0.24798838794231415,0.9850000143051147
0.1921778917312622,-0.2210823893547058,1.3559999465942383,0.22472961246967316,-0.25639304518699646,1.380500078201294,0.16094115376472473,-0.2510998845100403,1.3519999980926514,0.2983491122722626,-0.12095226347446442,1.5674999952316284,0.04782459884881973,-0.09718664735555649,1.375,0.33807840943336487,0.09648053348064423,1.7319999933242798,0.009073581546545029,0.13893815875053406,1.253999948501587,0.41923046112060547,0.34388700127601624,2.0139999389648438,0.04069308191537857,0.26342645287513733,1.0264999866485596
0.19910913705825806,-0.22838667035102844,1.3734999895095825,0.23102967441082,-0.26294541358947754,1.3914999961853027,0.16850444674491882,-0.25919660925865173,1.3599998950958252,0.2990152835845947,-0.12376786768436432,1.5709999799728394,0.05079880356788635,-0.10315795242786407,1.3954999446868896,0.34819820523262024,0.09695402532815933,1.7404999732971191,0.011229475028812885,0.136380136013031,1.2679998874664307,0.43738552927970886,0.34861549735069275,2.0225000381469727,0.04263556748628616,0.27251580357551575,1.0755000114440918
0.2051904797554016,-0.2347024530172348,1.3845000267028809,0.2348770648241043,-0.26474058628082275,1.4010000228881836,0.17171230912208557,-0.2629379630088806,1.3680000305175781,0.3058485686779022,-0.12959715723991394,1.5799999237060547,0.04958106204867363,-0.1076853945851326,1.4254999160766602,0.35983502864837646,0.09781745076179504,1.75600004196167,0.013577408157289028,0.13519179821014404,1.2960000038146973,0.4517192244529724,0.35942164063453674,2.0280001163482666,0.044379834085702896,0.283664733171463,1.119499921798706
