0.015223556198179722,-0.19670544564723969,1.718999981880188,0.04620944336056709,-0.22625720500946045,1.7319999933242798,-0.012123155407607555,-0.22089233994483948,1.649999976158142,0.12332314252853394,-0.07763379067182541,1.6740000247955322,-0.12884356081485748,-0.04519440233707428,1.7855000495910645,0.22449512779712677,-0.14547133445739746,1.531499981880188,-0.1676764041185379,0.19537602365016937,1.9329999685287476,0.17426584661006927,-0.2726168930530548,1.4065001010894775,-0.21298979222774506,0.4440613090991974,2.1019999980926514
0.03193576633930206,-0.20227615535259247,1.718999981880188,0.06024160236120224,-0.22906360030174255,1.7319999933242798,0.0012507010251283646,-0.22464986145496368,1.6579999923706055,0.13067519664764404,-0.07717002928256989,1.6640000343322754,-0.11740242689847946,-0.04814136400818825,1.7874999046325684,0.23065251111984253,-0.14713171124458313,1.5230000019073486,-0.1522517204284668,0.18626835942268372,1.9359999895095825,0.1358911544084549,-0.2598476707935333,1.3870000839233398,-0.19418871402740479,0.43667227029800415,2.0829999446868896
0.04029186815023422,-0.20227615535259247,1.718999981880188,0.0714673325419426,-0.22906360030174255,1.7319999933242798,0.011996809393167496,-0.2273363471031189,1.6579999923706055,0.13809680938720703,-0.07679902017116547,1.656000018119812,-0.10596498101949692,-0.04820869863033295,1.7899999618530273,0.24267230927944183,-0.1420094519853592,1.5210000276565552,-0.13656681776046753,0.1988162100315094,1.9359999895095825,0.10136955231428146,-0.2466389685869217,1.375999927520752,-0.1727161407470703,0.4319272041320801,2.0289998054504395
0.04864797368645668,-0.20227615535259247,1.718999981880188,0.08269306272268295,-0.22625720500946045,1.7319999933242798,0.02005639113485813,-0.22464986145496368,1.6579999923706055,0.14614666998386383,-0.07143247872591019,1.656000018119812,-0.10346761345863342,-0.04839722439646721,1.7969999313354492,0.24711303412914276,-0.14664867520332336,1.5180000066757202,-0.12768130004405975,0.17758828401565552,1.944000005722046,0.0759505182504654,-0.21953091025352478,1.3599998950958252,-0.14971014857292175,0.41301557421684265,1.9854999780654907
0.06814555078744888,-0.20227615535259247,1.718999981880188,0.09391879290342331,-0.23187002539634705,1.7319999933242798,0.04154860973358154,-0.2219633311033249,1.6579999923706055,0.15687981247901917,-0.07411575317382812,1.656000018119812,-0.09473234415054321,-0.04839722439646721,1.7969999313354492,0.25120222568511963,-0.1461656540632248,1.5130000114440918,-0.11555511504411697,0.1814819872379303,1.9520000219345093,0.0817723274230957,-0.1781458854675293,1.347000002861023,-0.1326819807291031,0.4132978320121765,1.9714999198913574
0.0653601810336113,-0.20506149530410767,1.718999981880188,0.09953165799379349,-0.23187002539634705,1.7319999933242798,0.04126042500138283,-0.23109526932239532,1.6464999914169312,0.16224637627601624,-0.07411575317382812,1.656000018119812,-0.08340898156166077,-0.04858575016260147,1.8040000200271606,0.2528155744075775,-0.14323915541172028,1.5080000162124634,-0.11239220201969147,0.19097065925598145,1.9520000219345093,0.07085932791233063,-0.1497722566127777,1.347000002861023,-0.12629298865795135,0.4132978320121765,1.9714999198913574
0.07632363587617874,-0.20736318826675415,1.7149999141693115,0.10782630741596222,-0.231602281332016,1.7300000190734863,0.04418177530169487,-0.22974538803100586,1.6559998989105225,0.16492967307567596,-0.07411575317382812,1.656000018119812,-0.08633208274841309,-0.04858575016260147,1.8040000200271606,0.24904385209083557,-0.1376182734966278,1.5,-0.10290347784757614,0.19413354992866516,1.9520000219345093,0.04685071483254433,-0.1279463768005371,1.347000002861023,-0.12291116267442703,0.41585853695869446,1.9684998989105225
0.08140396326780319,-0.20615407824516296,1.7049999237060547,0.11317042261362076,-0.2338634878396988,1.7260000705718994,0.05223163589835167,-0.232428640127182,1.6559998989105225,0.16988489031791687,-0.08196708559989929,1.6519999504089355,-0.07171659171581268,-0.051508828997612,1.8040000200271606,0.25097140669822693,-0.1300661265850067,1.496999979019165,-0.10606639087200165,0.2004593312740326,1.9520000219345093,0.05155811831355095,-0.08925218880176544,1.3559999465942383,-0.11620629578828812,0.4210580885410309,1.9630000591278076
0.08682737499475479,-0.2059122771024704,1.7030000686645508,0.11876384168863297,-0.2338634878396988,1.7260000705718994,0.05466621369123459,-0.23137597739696503,1.6484999656677246,0.17219610512256622,-0.08713565766811371,1.6484999656677246,-0.06860283017158508,-0.051366064697504044,1.7990000247955322,0.2533970773220062,-0.11308666318655014,1.496999979019165,-0.10290347784757614,0.20994798839092255,1.9520000219345093,0.05231856182217598,-0.06827282160520554,1.375999927520752,-0.10953705757856369,0.4230501353740692,1.9574999809265137
0.09510570019483566,-0.2059122771024704,1.7030000686645508,0.12421315163373947,-0.23359249532222748,1.7239999771118164,0.06267961859703064,-0.23137597739696503,1.6484999656677246,0.17486724257469177,-0.09247790277004242,1.6484999656677246,-0.06824055314064026,-0.053994398564100266,1.7894999980926514,0.26397842168807983,-0.0988619402050972,1.5019999742507935,-0.10306163132190704,0.2039351612329483,1.9550000429153442,0.07173582911491394,-0.04701288416981697,1.4070000648498535,-0.10622940212488174,0.4225098490715027,1.9550000429153442
0.111662358045578,-0.2059122771024704,1.7030000686645508,0.14097397029399872,-0.23079903423786163,1.7239999771118164,0.07899288088083267,-0.22953729331493378,1.6545000076293945,0.1837126612663269,-0.09289862960577011,1.6559998989105225,-0.06477499008178711,-0.05352671816945076,1.7739999294281006,0.29318347573280334,-0.047753430902957916,1.5019999742507935,-0.10622940212488174,0.2039351612329483,1.9550000429153442,0.10101770609617233,0.0033584311604499817,1.503499984741211,-0.09989386051893234,0.4256775975227356,1.9550000429153442
0.12270012497901917,-0.2059122771024704,1.7030000686645508,0.14935438334941864,-0.23359249532222748,1.7239999771118164,0.08971630781888962,-0.22953729331493378,1.6545000076293945,0.19515033066272736,-0.09054222702980042,1.6619999408721924,-0.06158646568655968,-0.05039527639746666,1.7649999856948853,0.30535224080085754,-0.011247350834310055,1.5019999742507935,-0.10606639087200165,0.20994798839092255,1.9520000219345093,0.12148001044988632,0.029121337458491325,1.5794999599456787,-0.09672609716653824,0.4288453459739685,1.9550000429153442
0.13649733364582062,-0.2059122771024704,1.7030000686645508,0.16071449220180511,-0.2366601675748825,1.7260000705718994,0.10089503228664398,-0.23057779669761658,1.6619999408721924,0.19831949472427368,-0.088060662150383,1.6659998893737793,-0.05866001918911934,-0.041768237948417664,1.7630000114440918,0.3161361515522003,0.018017292022705078,1.5069999694824219,-0.10906141996383667,0.2127833515405655,1.9490000009536743,0.13034369051456451,0.06296519190073013,1.593999981880188,-0.09645397961139679,0.4402742385864258,1.9495000839233398
0.1478816419839859,-0.20639590919017792,1.7070000171661377,0.16930057108402252,-0.23693439364433289,1.7280000448226929,0.11436007171869278,-0.23057779669761658,1.6619999408721924,0.21012164652347565,-0.08034622669219971,1.6740000247955322,-0.05294669046998024,-0.04462488368153572,1.7630000114440918,0.3251788318157196,0.05984458327293396,1.5149999856948853,-0.10878163576126099,0.2090875506401062,1.944000005722046,0.1406911462545395,0.11414721608161926,1.624000072479248,-0.09355832636356354,0.44468408823013306,1.9550000429153442
0.16171126067638397,-0.20916181802749634,1.7070000171661377,0.18091820180416107,-0.24028927087783813,1.7319999933242798,0.12528268992900848,-0.2335515022277832,1.6640000343322754,0.2198600322008133,-0.07918739318847656,1.7074999809265137,-0.04437670484185219,-0.04462488368153572,1.7630000114440918,0.3317253589630127,0.08609161525964737,1.5455000400543213,-0.1051969900727272,0.20822709798812866,1.9359999895095825,0.17496418952941895,0.16658487915992737,1.6749999523162842,-0.09013625979423523,0.44975075125694275,1.9495000839233398
0.17574654519557953,-0.20940688252449036,1.7089999914169312,0.19618850946426392,-0.24181535840034485,1.7430000305175781,0.13909751176834106,-0.2314102202653885,1.6679999828338623,0.23120160400867462,-0.08122794330120087,1.7515000104904175,-0.035755936056375504,-0.04170900955796242,1.7604999542236328,0.3368898034095764,0.10603486746549606,1.5815000534057617,-0.09578604251146317,0.21763800084590912,1.9359999895095825,0.22949644923210144,0.22925299406051636,1.7174999713897705,-0.0835820734500885,0.44848188757896423,1.944000005722046
0.1900361180305481,-0.2098970264196396,1.7130000591278076,0.2085568904876709,-0.24306397140026093,1.7519999742507935,0.15587256848812103,-0.2322426438331604,1.6740000247955322,0.24532337486743927,-0.0735442191362381,1.7714999914169312,-0.024345489218831062,-0.04456160217523575,1.7604999542236328,0.32722052931785583,0.1192997395992279,1.622499942779541,-0.08637509495019913,0.21763800084590912,1.9359999895095825,0.2641927897930145,0.283524751663208,1.7260000705718994,-0.07706353068351746,0.45035403966903687,1.938499927520752
0.20717263221740723,-0.21316924691200256,1.7170000076293945,0.22917170822620392,-0.25299072265625,1.8025000095367432,0.17024455964565277,-0.23335249722003937,1.681999921798706,0.25460734963417053,-0.07458209991455078,1.7964999675750732,-0.010096745565533638,-0.041768237948417664,1.7630000114440918,0.32497936487197876,0.135456383228302,1.693000078201294,-0.07674550265073776,0.2232757955789566,1.9305000305175781,0.30351024866104126,0.314559668302536,1.7430000305175781,-0.07392250001430511,0.45035403966903687,1.938499927520752
0.22750554978847504,-0.21397623419761658,1.7235000133514404,0.26045045256614685,-0.26709645986557007,1.902999997138977,0.1899978071451187,-0.23692002892494202,1.687999963760376,0.26282113790512085,-0.07232943177223206,1.812999963760376,0.0070432331413030624,-0.038911592215299606,1.7630000114440918,0.316884309053421,0.13753411173820496,1.7545000314712524,-0.060946885496377945,0.21645762026309967,1.9254999160766602,0.33546432852745056,0.34663721919059753,1.7625000476837158,-0.06744851917028427,0.4459441602230072,1.9329999685287476
0.2519146203994751,-0.22068046033382416,1.777500033378601,0.30063480138778687,-0.2847110629081726,2.0285000801086426,0.20665320754051208,-0.2372007519006729,1.690000057220459,0.2730575501918793,-0.07861454784870148,1.8224999904632568,0.027039876207709312,-0.03605495020747185,1.7630000114440918,0.3174946904182434,0.14161035418510437,1.80649995803833,-0.04521751403808594,0.21272830665111542,1.9200000762939453,0.3615055978298187,0.3554418385028839,1.7925000190734863,-0.05178791284561157,0.45220836997032166,1.9329999685287476
