0.16202078759670258,-0.10602881014347076,1.1979999542236328,0.1951495260000229,-0.14691202342510223,1.2484999895095825,0.12580682337284088,-0.13763588666915894,1.1859999895095825,0.27831393480300903,-0.03493042662739754,1.3799999952316284,0.0031417086720466614,-0.018481750041246414,1.3229999542236328,0.3261883556842804,0.20596061646938324,1.5429999828338623,-0.07504257559776306,0.2153816670179367,1.4235000610351562,0.4477098286151886,0.5907259583473206,2.009999990463257,0.023639123886823654,0.4051700830459595,1.3940000534057617
0.17352284491062164,-0.1059403121471405,1.1970000267028809,0.20905902981758118,-0.1467355191707611,1.246999979019165,0.1391414850950241,-0.13559973239898682,1.184999942779541,0.2959878444671631,-0.03490511327981949,1.378999948501587,0.015973741188645363,-0.020586473867297173,1.3204998970031738,0.34074726700782776,0.20819057524204254,1.5410000085830688,-0.06797933578491211,0.2195311039686203,1.4205000400543213,0.5529054999351501,0.7056580781936646,2.361999988555908,0.02569352090358734,0.4019728899002075,1.3830000162124634
0.18903926014900208,-0.1059403121471405,1.1970000267028809,0.22549447417259216,-0.14691202342510223,1.2484999895095825,0.15180964767932892,-0.13682353496551514,1.1790000200271606,0.31329450011253357,-0.03707221895456314,1.3765000104904175,0.032990798354148865,-0.02479044906795025,1.316499948501587,0.36204126477241516,0.21249274909496307,1.5360000133514404,-0.058772552758455276,0.22183279693126678,1.4205000400543213,0.6113260984420776,0.713877260684967,2.442500114440918,0.03425630182027817,0.397322416305542,1.3669999837875366
0.2006765604019165,-0.1059403121471405,1.1970000267028809,0.23734694719314575,-0.14471496641635895,1.246999979019165,0.16624239087104797,-0.13612724840641022,1.1730000972747803,0.32596489787101746,-0.032540373504161835,1.3734999895095825,0.04357379674911499,-0.031130723655223846,1.3140000104904175,0.38156256079673767,0.21831241250038147,1.5245000123977661,-0.04496237635612488,0.22873784601688385,1.4205000400543213,0.6584671139717102,0.7225629687309265,2.4860000610351562,0.04463495314121246,0.3803138732910156,1.3459999561309814
0.2163735330104828,-0.10796996206045151,1.1979999542236328,0.2533082067966461,-0.1466178596019745,1.246000051498413,0.1773434579372406,-0.13779254257678986,1.1710000038146973,0.3370926082134247,-0.03476589918136597,1.3734999895095825,0.05421944335103035,-0.031130723655223846,1.3140000104904175,0.38564518094062805,0.2040565460920334,1.4925000667572021,-0.03299465402960777,0.22332774102687836,1.4010000228881836,0.7005555033683777,0.7165385484695435,2.5215001106262207,0.05264531448483467,0.3666207790374756,1.3280000686645508
0.24549108743667603,-0.10991111397743225,1.1979999542236328,0.2839337885379791,-0.15083707869052887,1.247499942779541,0.20770218968391418,-0.14158734679222107,1.1710000038146973,0.370475709438324,-0.032540373504161835,1.3734999895095825,0.08632031083106995,-0.03545628488063812,1.316499948501587,0.4155599772930145,0.19859841465950012,1.4700000286102295,0.005531115457415581,0.20948079228401184,1.3845000267028809,0.7619624137878418,0.712300181388855,2.5355000495910645,0.12150337547063828,0.35586175322532654,1.3280000686645508
0.2595118284225464,-0.11398341506719589,1.2000000476837158,0.29868078231811523,-0.15113936364650726,1.25,0.22288154065608978,-0.14348477125167847,1.1710000038146973,0.3793778717517853,-0.0369914248585701,1.3734999895095825,0.09698620438575745,-0.04185578599572182,1.316499948501587,0.43699711561203003,0.19383464753627777,1.4700000286102295,0.03664473071694374,0.20559090375900269,1.3734999895095825,0.8026877641677856,0.7384267449378967,2.628499984741211,0.1709951013326645,0.34725457429885864,1.3280000686645508
0.27770406007766724,-0.11621763557195663,1.2030000686645508,0.314884215593338,-0.15316477417945862,1.25,0.23806092143058777,-0.14538216590881348,1.1710000038146973,0.39495664834976196,-0.0369914248585701,1.3734999895095825,0.11361850053071976,-0.04382188990712166,1.311500072479248,0.4536704421043396,0.191452756524086,1.4700000286102295,0.0759505182504654,0.20797745883464813,1.3599998950958252,0.8297824859619141,0.7479128837585449,2.6469998359680176,0.22944331169128418,0.3350250720977783,1.3055000305175781
0.2921966016292572,-0.11851069331169128,1.2065000534057617,0.33069032430648804,-0.15500396490097046,1.2484999895095825,0.2532402575016022,-0.14727959036827087,1.1710000038146973,0.40028008818626404,-0.03707221895456314,1.3765000104904175,0.12636896967887878,-0.04169682413339615,1.311500072479248,0.45605233311653137,0.1819252073764801,1.4700000286102295,0.11958257108926773,0.21160396933555603,1.3550000190734863,0.8426496386528015,0.6835775971412659,2.6469998359680176,0.29326552152633667,0.32022345066070557,1.2885000705718994
0.3087291419506073,-0.11885448545217514,1.2100000381469727,0.34687429666519165,-0.15702694654464722,1.2484999895095825,0.2686488628387451,-0.14930438995361328,1.1720000505447388,0.41366249322891235,-0.039302606135606766,1.3765000104904175,0.1386420875787735,-0.04155374690890312,1.306999921798706,0.4679618775844574,0.19621653854846954,1.4700000286102295,0.16534501314163208,0.21056491136550903,1.3345000743865967,0.8598057627677917,0.7221787571907043,2.6469998359680176,0.36591359972953796,0.31830894947052,1.2725000381469727
0.32245346903800964,-0.12081508338451385,1.2100000381469727,0.35973113775253296,-0.1593683958053589,1.250999927520752,0.2805210053920746,-0.1514614373445511,1.1740000247955322,0.4252774715423584,-0.03934543579816818,1.378000020980835,0.15516774356365204,-0.04777878150343895,1.3034999370574951,0.4748232066631317,0.19087153673171997,1.4839999675750732,0.20202705264091492,0.18927796185016632,1.2925000190734863,0.8898290991783142,0.692155659198761,2.6469998359680176,0.4095228612422943,0.30974090099334717,1.254499912261963
0.33981508016586304,-0.12338448315858841,1.215999960899353,0.3762480616569519,-0.15949580073356628,1.2519999742507935,0.2994162142276764,-0.15236453711986542,1.180999994277954,0.4322894215583801,-0.04160842299461365,1.378999948501587,0.1720646768808365,-0.04989088326692581,1.3034999370574951,0.4857732653617859,0.19818603992462158,1.503000020980835,0.2330336570739746,0.181509330868721,1.2674999237060547,0.906985342502594,0.7007337212562561,2.6469998359680176,0.40314310789108276,0.25815412402153015,1.1035000085830688
0.35578837990760803,-0.12811045348644257,1.2235000133514404,0.3907606303691864,-0.16165347397327423,1.253000020980835,0.3171236515045166,-0.1554538607597351,1.190000057220459,0.4402661621570587,-0.048451874405145645,1.3830000162124634,0.1924448162317276,-0.04969951510429382,1.2985000610351562,0.4859105348587036,0.2016892433166504,1.5110000371932983,0.2643567621707916,0.17369277775287628,1.2409999370574951,0.7767965793609619,0.619312047958374,2.2044999599456787,0.3708760142326355,0.214722141623497,0.9440000057220459
0.3739264905452728,-0.1308903843164444,1.2309999465942383,0.40529581904411316,-0.16381438076496124,1.253999948501587,0.3320102095603943,-0.15610700845718384,1.1949999332427979,0.4487665593624115,-0.05089439079165459,1.3884999752044678,0.1983741819858551,-0.04960382357239723,1.2960000038146973,0.4914568364620209,0.19950464367866516,1.5130000114440918,0.29020780324935913,0.16040712594985962,1.159500002861023,0.6053692102432251,0.4742879867553711,1.7179999351501465,0.4142102599143982,0.2028583139181137,0.9179999828338623
0.38946443796157837,-0.1314220279455185,1.2359999418258667,0.4186525046825409,-0.1663091629743576,1.2574999332427979,0.3470103144645691,-0.15870457887649536,1.2000000476837158,0.4532901346683502,-0.04662862420082092,1.3954999446868896,0.21685472130775452,-0.05160403996706009,1.2934999465942383,0.4868217706680298,0.1981600970029831,1.5214999914169312,0.29387205839157104,0.14013108611106873,1.0894999504089355,0.5546301603317261,0.42708879709243774,1.6035000085830688,0.4342595636844635,0.19976460933685303,0.9039999842643738
0.40348365902900696,-0.13342474400997162,1.2359999418258667,0.43495315313339233,-0.1663091629743576,1.2574999332427979,0.3625745177268982,-0.15956422686576843,1.2065000534057617,0.45961689949035645,-0.04908248409628868,1.4010000228881836,0.22645553946495056,-0.04305337741971016,1.2885000705718994,0.49914854764938354,0.19076411426067352,1.5214999914169312,0.30766555666923523,0.1349077820777893,1.0759999752044678,0.549433708190918,0.41929417848587036,1.6035000085830688,0.45960667729377747,0.19786113500595093,0.9020000100135803
0.411494642496109,-0.13342474400997162,1.2359999418258667,0.44468918442726135,-0.16690431535243988,1.2620000839233398,0.3750797510147095,-0.1618538498878479,1.2089999914169312,0.4715408980846405,-0.05394798889756203,1.409500002861023,0.22792257368564606,-0.04710068553686142,1.2850000858306885,0.49421781301498413,0.17843744158744812,1.5214999914169312,0.31434711813926697,0.12258940190076828,1.0750000476837158,0.552031934261322,0.411499559879303,1.6035000085830688,0.4704020917415619,0.191057026386261,0.8975000381469727
0.422019898891449,-0.13559183478355408,1.2374999523162842,0.4508237838745117,-0.1689491868019104,1.2620000839233398,0.382915735244751,-0.1618538498878479,1.2089999914169312,0.4697892665863037,-0.056570954620838165,1.4179999828338623,0.2335311770439148,-0.04904884845018387,1.2815001010894775,0.47919896245002747,0.1774405837059021,1.5130000114440918,0.3230564594268799,0.12084754556417465,1.0750000476837158,0.5338444113731384,0.39331215620040894,1.6035000085830688,0.4769337475299835,0.18471813201904297,0.8880000114440918
0.43291857838630676,-0.13787497580051422,1.2400000095367432,0.45936694741249084,-0.16908304393291473,1.2630000114440918,0.3910749554634094,-0.16394832730293274,1.2100000381469727,0.46831580996513367,-0.058972377330064774,1.4205000400543213,0.24551008641719818,-0.05102556571364403,1.2790000438690186,0.46448948979377747,0.17008589208126068,1.5130000114440918,0.3265402019023895,0.11039640754461288,1.0750000476837158,0.5364425778388977,0.37772294878959656,1.6035000085830688,0.48003914952278137,0.1803046017885208,0.8805000185966492
0.43799418210983276,-0.1382085531949997,1.2430000305175781,0.46587496995925903,-0.16921691596508026,1.2639999389648438,0.39826902747154236,-0.16449029743671417,1.2139999866485596,0.46798256039619446,-0.05922146886587143,1.4265000820159912,0.24945971369743347,-0.0509856678545475,1.277999997138977,0.41241130232810974,0.14353621006011963,1.2955000400543213,0.33524954319000244,0.10865455120801926,1.0750000476837158,0.5342279076576233,0.3772301971912384,1.6124999523162842,0.4906404912471771,0.18090572953224182,0.8765000104904175
