0.21286296844482422,-0.23577897250652313,1.9765000343322754,0.2578420341014862,-0.2649247348308563,2.0280001163482666,0.1899280697107315,-0.26147791743278503,1.906999945640564,0.3750523328781128,-0.18029111623764038,2.114500045776367,0.11861685663461685,-0.26369917392730713,2.124000072479248,0.3839925527572632,-0.0019171795574948192,1.9040000438690186,-0.0822526067495346,-0.19849617779254913,1.9879999160766602,0.1926630586385727,-0.014029236510396004,1.873500108718872,-0.016451263800263405,-0.12669217586517334,1.8345000743865967
0.18455162644386292,-0.23643507063388824,1.9819999933242798,0.22597992420196533,-0.2661004364490509,2.0370001792907715,0.15902814269065857,-0.26147791743278503,1.906999945640564,0.331449419260025,-0.19111044704914093,2.120500087738037,0.08138655126094818,-0.2588110566139221,2.140500068664551,0.358367919921875,-0.011143175885081291,1.8989999294281006,-0.11768624931573868,-0.17272642254829407,1.9879999160766602,0.18912126123905182,-0.03821251913905144,1.868499994277954,-0.05501890927553177,-0.10277192294597626,1.8320000171661377
0.16528253257274628,-0.23643507063388824,1.9819999933242798,0.20407059788703918,-0.2676680088043213,2.0490000247955322,0.14048819243907928,-0.26147791743278503,1.906999945640564,0.30739784240722656,-0.19454635679721832,2.120500087738037,0.06057649105787277,-0.2588110566139221,2.140500068664551,0.3424409329891205,-0.02034202218055725,1.8960000276565552,-0.14023493230342865,-0.1566203087568283,1.9879999160766602,0.1820862889289856,-0.04403078183531761,1.8585000038146973,-0.07865915447473526,-0.08484528958797455,1.8294999599456787
0.14323419332504272,-0.2339295893907547,1.9879999160766602,0.1874701827764511,-0.2676680088043213,2.0490000247955322,0.11870242655277252,-0.26113516092300415,1.9045000076293945,0.2881346344947815,-0.19891594350337982,2.130500078201294,0.032829754054546356,-0.2588110566139221,2.140500068664551,0.32093578577041626,-0.023414170369505882,1.8960000276565552,-0.1595623642206192,-0.15339909493923187,1.9879999160766602,0.1631353348493576,-0.049784235656261444,1.8485000133514404,-0.09644564986228943,-0.0700232982635498,1.8294999599456787
0.1271279901266098,-0.2339295893907547,1.9879999160766602,0.17111995816230774,-0.26473498344421387,2.052000045776367,0.10327271372079849,-0.25804924964904785,1.9045000076293945,0.26396968960762024,-0.20236806571483612,2.130500078201294,0.0050901384092867374,-0.25222742557525635,2.1435000896453857,0.3055749535560608,-0.029558468610048294,1.8960000276565552,-0.16922608017921448,-0.13407176733016968,1.9879999160766602,0.1511545181274414,-0.05577460303902626,1.8485000133514404,-0.11096364259719849,-0.03435638174414635,1.8245000839233398
0.11149649322032928,-0.23492980003356934,1.996500015258789,0.1544952392578125,-0.26473498344421387,2.052000045776367,0.08818893879652023,-0.2621634900569916,1.9119999408721924,0.24325686693191528,-0.20927229523658752,2.130500078201294,-0.012295923195779324,-0.2526392638683319,2.1470000743865967,0.29021409153938293,-0.041847068816423416,1.8960000276565552,-0.17566856741905212,-0.11796567589044571,1.9879999160766602,0.13617850840091705,-0.06176497042179108,1.8485000133514404,-0.12574520707130432,-0.0018371292389929295,1.8245000839233398
0.095321424305439,-0.23492980003356934,1.996500015258789,0.13807210326194763,-0.26845183968544006,2.055000066757202,0.07288858294487,-0.2628490924835205,1.9170000553131104,0.22254402935504913,-0.21272441744804382,2.130500078201294,-0.03316917270421982,-0.2526392638683319,2.1470000743865967,0.27755898237228394,-0.05099618807435036,1.8935000896453857,-0.18311870098114014,-0.09594510495662689,1.9989999532699585,0.13018810749053955,-0.06176497042179108,1.8485000133514404,-0.13461415469646454,0.030682124197483063,1.8245000839233398
0.08598088473081589,-0.23917874693870544,2.004999876022339,0.12493500858545303,-0.2721783518791199,2.058000087738037,0.06055842339992523,-0.26326045393943787,1.9200000762939453,0.20528332889080048,-0.21617652475833893,2.130500078201294,-0.05048111453652382,-0.24528105556964874,2.1435000896453857,0.2625645697116852,-0.05720781534910202,1.8960000276565552,-0.18663746118545532,-0.08635738492012024,2.002000093460083,0.1212025061249733,-0.06476014852523804,1.8485000133514404,-0.14033421874046326,0.054258041083812714,1.8220000267028809
0.0767858624458313,-0.24090848863124847,2.0195000171661377,0.11562908440828323,-0.2704766094684601,2.070499897003174,0.04825201630592346,-0.2640145421028137,1.9254999160766602,0.19433221220970154,-0.21551698446273804,2.124000072479248,-0.06773634999990463,-0.2379455417394638,2.140000104904175,0.24413155019283295,-0.06949641555547714,1.8960000276565552,-0.19312530755996704,-0.0701378583908081,2.002000093460083,0.12153033912181854,-0.06493531912565231,1.8534998893737793,-0.14551639556884766,0.0657406747341156,1.812999963760376
0.067350372672081,-0.24228034913539886,2.0310001373291016,0.1062016487121582,-0.27548468112945557,2.0829999446868896,0.042121175676584244,-0.26470014452934265,1.9305000305175781,0.18487371504306793,-0.21998944878578186,2.134000062942505,-0.07813894748687744,-0.2379455417394638,2.140000104904175,0.2379872351884842,-0.0756407156586647,1.8960000276565552,-0.1963692307472229,-0.06689395755529404,2.002000093460083,0.12736491858959198,-0.06784696877002716,1.8509999513626099,-0.14730770885944366,0.06231804937124252,1.7990000247955322
0.05764742195606232,-0.246296688914299,2.0369999408721924,0.09973776340484619,-0.27627819776535034,2.0889999866485596,0.036013659089803696,-0.26579704880714417,1.938499927520752,0.17850014567375183,-0.2241278439760208,2.140500068664551,-0.09200907498598099,-0.23101051151752472,2.140000104904175,0.23153719305992126,-0.08474527299404144,1.8935000896453857,-0.1963692307472229,-0.06689395755529404,2.002000093460083,0.13036417961120605,-0.06784696877002716,1.8509999513626099,-0.16233260929584503,0.04202969744801521,1.8040000200271606
0.05434678867459297,-0.246296688914299,2.0369999408721924,0.09310149401426315,-0.28006473183631897,2.0920000076293945,0.029769936576485634,-0.26613983511924744,1.940999984741211,0.168841153383255,-0.22860628366470337,2.1500000953674316,-0.09880542755126953,-0.23068666458129883,2.13700008392334,0.22510336339473724,-0.09076148271560669,1.8910000324249268,-0.1963692307472229,-0.07662566751241684,2.002000093460083,0.14236117899417877,-0.06184850260615349,1.8509999513626099,-0.17195549607276917,0.027551067993044853,1.812999963760376
0.05119650438427925,-0.24702216684818268,2.0429999828338623,0.08632197976112366,-0.28006473183631897,2.0920000076293945,0.02347976714372635,-0.2692849040031433,1.940999984741211,0.16187366843223572,-0.22860628366470337,2.1500000953674316,-0.10210061073303223,-0.2372228056192398,2.133500099182129,0.22391296923160553,-0.09332935512065887,1.88100004196167,-0.18935972452163696,-0.08288514614105225,1.996500015258789,0.15735745429992676,-0.06484773755073547,1.8509999513626099,-0.1798906773328781,-0.0018466949695721269,1.8339999914169312
0.04788614436984062,-0.25364285707473755,2.0429999828338623,0.08659018576145172,-0.2843351662158966,2.0985000133514404,0.02361283265054226,-0.27397388219833374,1.9520000219345093,0.15838994085788727,-0.22860628366470337,2.1500000953674316,-0.10555761307477951,-0.2406797856092453,2.133500099182129,0.23181754350662231,-0.0807066261768341,1.871000051498413,-0.18561196327209473,-0.08588288724422455,1.9909999370574951,0.16057328879833221,-0.0619320347905159,1.8534998893737793,-0.17691898345947266,-0.019676828756928444,1.8339999914169312
0.04795646294951439,-0.2540152966976166,2.0460000038146973,0.08318989723920822,-0.2877354323863983,2.0985000133514404,0.02361283265054226,-0.27397388219833374,1.9520000219345093,0.15490619838237762,-0.22860628366470337,2.1500000953674316,-0.11212894320487976,-0.23305363953113556,2.127000093460083,0.23181754350662231,-0.0746433436870575,1.871000051498413,-0.1882689893245697,-0.07919135689735413,1.9850000143051147,0.16295883059501648,-0.05272230878472328,1.8464999198913574,-0.16503214836120605,-0.010761762037873268,1.8339999914169312
0.04795646294951439,-0.2573305070400238,2.0460000038146973,0.08356650173664093,-0.29245370626449585,2.1080000400543213,0.017287015914916992,-0.27713677287101746,1.9520000219345093,0.16187366843223572,-0.2251225858926773,2.1500000953674316,-0.11197079718112946,-0.23272491991519928,2.124000072479248,0.2378808706998825,-0.05645349249243736,1.871000051498413,-0.18798445165157318,-0.07264867424964905,1.9819999933242798,0.16212043166160583,-0.04649796336889267,1.8370000123977661,-0.15726710855960846,-0.013576196506619453,1.812999963760376
0.04795646294951439,-0.26064568758010864,2.0460000038146973,0.08698218315839767,-0.2958693206310272,2.1080000400543213,0.02039230428636074,-0.27950990200042725,1.9465000629425049,0.15490619838237762,-0.22163885831832886,2.1500000953674316,-0.11868613958358765,-0.22552275657653809,2.121000051498413,0.2469758540391922,-0.03523200377821922,1.871000051498413,-0.1941622793674469,-0.050104912370443344,1.9795000553131104,0.16807356476783752,-0.04352141544222832,1.8370000123977661,-0.13310164213180542,-0.010585724376142025,1.8040000200271606
0.05119650438427925,-0.26026350259780884,2.0429999828338623,0.08737418055534363,-0.3006337881088257,2.117500066757202,0.023449525237083435,-0.2815020978450775,1.938499927520752,0.1581689417362213,-0.22132958471775055,2.1470000743865967,-0.11849028617143631,-0.21828849613666534,2.117500066757202,0.2469758540391922,-0.020073799416422844,1.871000051498413,-0.19362278282642365,-0.03397301584482193,1.9739999771118164,0.16487231850624084,-0.046434685587882996,1.8345000743865967,-0.10649777203798294,-0.019301317632198334,1.7990000247955322
0.06443794816732407,-0.2668842077255249,2.0429999828338623,0.0951041579246521,-0.30686497688293457,2.13700008392334,0.036013659089803696,-0.28464314341545105,1.938499927520752,0.1512111872434616,-0.21437188982963562,2.1470000743865967,-0.11812656372785568,-0.2107773870229721,2.1110000610351562,0.24730587005615234,-0.014029236510396004,1.873500108718872,-0.1885913759469986,-0.01780727691948414,1.9549999237060547,0.16464762389659882,-0.04933985322713852,1.8320000171661377,-0.10066777467727661,-0.007641407661139965,1.7990000247955322
0.08110866695642471,-0.2672761082649231,2.0460000038146973,0.11356896907091141,-0.3270789682865143,2.2274999618530273,0.045249246060848236,-0.28659650683403015,1.9305000305175781,0.15791109204292297,-0.2140224277973175,2.1435000896453857,-0.12120163440704346,-0.2067675143480301,2.1050000190734863,0.2482958734035492,-0.014085398055613041,1.88100004196167,-0.1773475855588913,-0.01136028952896595,1.9359999895095825,0.16464762389659882,-0.04933985322713852,1.8320000171661377,-0.07098113745450974,-0.007584065664559603,1.7855000495910645
