-0.013636777177453041,-0.10066983848810196,1.1170001029968262,0.015671763569116592,-0.13814136385917664,1.1424999237060547,-0.04452471435070038,-0.13179132342338562,1.1200000047683716,0.14982661604881287,0.023525690659880638,1.2760000228881836,-0.12493645399808884,-0.013228751718997955,1.2330000400543213,0.19007785618305206,0.2659386396408081,1.4225000143051147,-0.2314092218875885,0.08199525624513626,1.0460000038146973,0.18972986936569214,0.5237793326377869,1.4735000133514404,-0.3010859191417694,0.11957419663667679,0.8349999785423279
-0.008207010105252266,-0.10066983848810196,1.1170001029968262,0.02122548595070839,-0.13814136385917664,1.1424999237060547,-0.04089514911174774,-0.13179132342338562,1.1200000047683716,0.15189416706562042,0.023525690659880638,1.2760000228881836,-0.12303826957941055,-0.013239479623734951,1.2339999675750732,0.1902865320444107,0.26532068848609924,1.4070000648498535,-0.2233610898256302,0.08215203136205673,1.0479999780654907,0.18300916254520416,0.5182695984840393,1.4579999446868896,-0.2892550230026245,0.11836279183626175,0.8359999656677246
-0.002777243033051491,-0.09885992854833603,1.1170001029968262,0.024960696697235107,-0.13832274079322815,1.1440000534057617,-0.03363601490855217,-0.13179132342338562,1.1200000047683716,0.15396171808242798,0.025593234226107597,1.2760000228881836,-0.1250377744436264,-0.011239989660680294,1.2339999675750732,0.1904449760913849,0.2669072151184082,1.3914999961853027,-0.22845545411109924,0.0872463583946228,1.0479999780654907,0.17483584582805634,0.519766092300415,1.4490000009536743,-0.282819926738739,0.12257304042577744,0.8370000123977661
0.006266752723604441,-0.09877141565084457,1.1160000562667847,0.034258972853422165,-0.13658836483955383,1.1449999809265137,-0.02456209994852543,-0.13179132342338562,1.1200000047683716,0.15809683501720428,0.025593234226107597,1.2760000228881836,-0.1272946447134018,-0.011262761428952217,1.2365000247955322,0.19152256846427917,0.26527681946754456,1.3830000162124634,-0.2236807942390442,0.09077230840921402,1.0494999885559082,0.16310368478298187,0.5031540393829346,1.4284999370574951,-0.27086612582206726,0.13149116933345795,0.8420000076293945
0.017131902277469635,-0.09885992854833603,1.1170001029968262,0.04357345402240753,-0.13485075533390045,1.1459999084472656,-0.015495100058615208,-0.13185016810894012,1.120500087738037,0.16016440093517303,0.025593234226107597,1.2760000228881836,-0.12775790691375732,-0.013314582407474518,1.2409999370574951,0.19320307672023773,0.26004067063331604,1.378999948501587,-0.21739523112773895,0.0978068932890892,1.0520000457763672,0.14861328899860382,0.48665761947631836,1.4010000228881836,-0.25203683972358704,0.13784299790859222,0.8474999666213989
0.026204949244856834,-0.09894842654466629,1.1180000305175781,0.05299638211727142,-0.1352037787437439,1.1489999294281006,-0.006417132448405027,-0.13185016810894012,1.120500087738037,0.16016440093517303,0.025593234226107597,1.2760000228881836,-0.1279638111591339,-0.013336041010916233,1.2430000305175781,0.19222235679626465,0.25205138325691223,1.371999979019165,-0.20746299624443054,0.10136038810014725,1.0534999370574951,0.1331137865781784,0.4754070043563843,1.381500005722046,-0.23291535675525665,0.14094103872776031,0.8579999804496765
0.03526266664266586,-0.09894842654466629,1.1180000305175781,0.06246792525053024,-0.13555678725242615,1.1519999504089355,0.002660835161805153,-0.13003459572792053,1.120500087738037,0.16210481524467468,0.02557317540049553,1.274999976158142,-0.12630437314510345,-0.01135384663939476,1.246500015258789,0.1966685801744461,0.25205138325691223,1.371999979019165,-0.2069278061389923,0.10880463570356369,1.059499979019165,0.11466371268033981,0.4575745165348053,1.375,-0.22296936810016632,0.15197934210300446,0.8734999895095825
0.04436001554131508,-0.09722377359867096,1.11899995803833,0.068451888859272,-0.13632164895534515,1.1584999561309814,0.009936491958796978,-0.12839064002037048,1.121999979019165,0.16191409528255463,0.02554308995604515,1.2734999656677246,-0.12665900588035583,-0.00936031248420477,1.25,0.1966685801744461,0.24315901100635529,1.371999979019165,-0.20425336062908173,0.11709088832139969,1.0724999904632568,0.10552109777927399,0.43434521555900574,1.371999979019165,-0.21951065957546234,0.15554611384868622,0.8939999938011169
0.049866266548633575,-0.09735411405563354,1.120500087738037,0.07488273829221725,-0.13779254257678986,1.1710000038146973,0.017239263281226158,-0.1286195069551468,1.124000072479248,0.15953679382801056,0.02343350276350975,1.2709999084472656,-0.13070987164974213,-0.005309483036398888,1.25,0.19889168441295624,0.24315901100635529,1.371999979019165,-0.22028498351573944,0.14332909882068634,1.1005001068115234,0.10037501901388168,0.40926069021224976,1.3624999523162842,-0.21976950764656067,0.19034217298030853,0.9010000228881836
0.053569063544273376,-0.09748443216085434,1.121999979019165,0.07750140875577927,-0.13908690214157104,1.181999921798706,0.020881792530417442,-0.1286195069551468,1.124000072479248,0.15541787445545197,0.021374061703681946,1.2709999084472656,-0.13486851751804352,-0.001259659300558269,1.250999927520752,0.19889168441295624,0.24093590676784515,1.371999979019165,-0.23728080093860626,0.15822701156139374,1.130500078201294,0.08225798606872559,0.39383459091186523,1.3550000190734863,-0.21040764451026917,0.20717857778072357,0.9240000247955322
0.057409048080444336,-0.09783196449279785,1.125999927520752,0.07968540489673615,-0.1395576000213623,1.1859999895095825,0.022682856768369675,-0.12850506603717804,1.1230000257492065,0.15129896998405457,0.01931462064385414,1.2709999084472656,-0.13903367519378662,0.0007679892587475479,1.2519999742507935,0.19724194705486298,0.2438679188489914,1.375999927520752,-0.25134459137916565,0.1800585687160492,1.152999997138977,0.07306903600692749,0.3785543143749237,1.347499966621399,-0.18737642467021942,0.24109603464603424,0.9514999985694885
0.05761299282312393,-0.09817951172590256,1.1299999952316284,0.07988697290420532,-0.13991060853004456,1.1890000104904175,0.024502502754330635,-0.12850506603717804,1.1230000257492065,0.14718005061149597,0.015195737592875957,1.2709999084472656,-0.13914473354816437,-0.001261673285625875,1.253000020980835,0.19397366046905518,0.2453743815422058,1.3845000267028809,-0.24167653918266296,0.18074031174182892,1.1694999933242798,0.059612542390823364,0.3719659745693207,1.3394999504089355,-0.16899719834327698,0.25599563121795654,0.9789999723434448
0.05585605278611183,-0.10014323890209198,1.131500005722046,0.0762895941734314,-0.14038130640983582,1.193000078201294,0.022703057155013084,-0.1286195069551468,1.124000072479248,0.14100168645381927,0.0069579691626131535,1.2709999084472656,-0.14331959187984467,-0.0032945764251053333,1.253999948501587,0.19207651913166046,0.24357005953788757,1.3870000839233398,-0.24529290199279785,0.18344485759735107,1.187000036239624,0.048705700784921646,0.36721348762512207,1.3380000591278076,-0.1551854908466339,0.2540186941623688,1.002500057220459
0.05459556356072426,-0.10491099208593369,1.1434999704360962,0.07441885024309158,-0.14049896597862244,1.194000005722046,0.020918946713209152,-0.1306728571653366,1.125999927520752,0.13286833465099335,0.004902381915599108,1.2719999551773071,-0.1515679955482483,-0.0012636870378628373,1.2549999952316284,0.18341685831546783,0.2350032776594162,1.3895000219345093,-0.23875364661216736,0.1760980635881424,1.2024999856948853,0.04204394295811653,0.35720157623291016,1.3329999446868896,-0.15007081627845764,0.2542402744293213,1.0230000019073486
0.051535144448280334,-0.10624130070209503,1.1579999923706055,0.07060854882001877,-0.1464255154132843,1.1949999332427979,0.01909444108605385,-0.13432183861732483,1.125999927520752,0.1288980096578598,0.0007811776013113558,1.2734999656677246,-0.15606911480426788,-0.005345587618649006,1.258500099182129,0.17723460495471954,0.23350560665130615,1.3940000534057617,-0.23441700637340546,0.17675641179084778,1.2204999923706055,0.03290309011936188,0.3454597294330597,1.312999963760376,-0.13643082976341248,0.2598320543766022,1.0455000400543213
0.04608447104692459,-0.11230506747961044,1.162500023841858,0.06490807980298996,-0.15054967999458313,1.1970000267028809,0.013675360940396786,-0.1385222226381302,1.1304999589920044,0.12328562140464783,-0.003361571580171585,1.2795000076293945,-0.16072013974189758,-0.011504138819873333,1.2630000114440918,0.17308877408504486,0.23400811851024628,1.3969999551773071,-0.22784022986888885,0.1753496676683426,1.2384999990463257,0.028451701626181602,0.3430917263031006,1.303999900817871,-0.12725324928760529,0.26715439558029175,1.068000078201294
0.04065960645675659,-0.11672135442495346,1.1690000295639038,0.0572931170463562,-0.15481579303741455,1.2000000476837158,0.008212532848119736,-0.14091269671916962,1.1349999904632568,0.11548701673746109,-0.00754027534276247,1.2850000858306885,-0.16553084552288055,-0.01360962726175785,1.2684999704360962,0.16874252259731293,0.22746127843856812,1.3984999656677246,-0.2268085777759552,0.17158523201942444,1.2549999952316284,0.015774143859744072,0.34097883105278015,1.303999900817871,-0.12564024329185486,0.26220810413360596,1.069000005722046
0.03330928832292557,-0.12133438885211945,1.1770000457763672,0.04978368431329727,-0.15760931372642517,1.2065000534057617,-0.00098940369207412,-0.14739753305912018,1.1425000429153442,0.10536251962184906,-0.009648610837757587,1.2885000705718994,-0.17698590457439423,-0.01576998643577099,1.2769999504089355,0.15967833995819092,0.21613110601902008,1.3984999656677246,-0.23041681945323944,0.17172284424304962,1.2864999771118164,0.01366121880710125,0.3346400856971741,1.303999900817871,-0.12217595428228378,0.2570117115974426,1.069000005722046
0.023834167048335075,-0.12546762824058533,1.1799999475479126,0.04212042689323425,-0.16212159395217896,1.2109999656677246,-0.010348737239837646,-0.1507510542869568,1.1540000438690186,0.09731242805719376,-0.013867122121155262,1.2925000190734863,-0.18613307178020477,-0.020001854747533798,1.2829999923706055,0.15077568590641022,0.21409446001052856,1.399999976158142,-0.23880375921726227,0.17087756097316742,1.3454999923706055,0.011548292823135853,0.33252719044685364,1.303999900817871,-0.13064903020858765,0.252963125705719,1.0964999198913574
0.012362145818769932,-0.1273796111345291,1.1799999475479126,0.030397145077586174,-0.1643548160791397,1.2130000591278076,-0.01978345774114132,-0.15328216552734375,1.159000039100647,0.08717690408229828,-0.01812552660703659,1.2975000143051147,-0.19668075442314148,-0.024178456515073776,1.284000039100647,0.15077568590641022,0.20275212824344635,1.399999976158142,-0.2461693435907364,0.17165325582027435,1.3870000839233398,0.011548292823135853,0.3304142951965332,1.303999900817871,-0.13787418603897095,0.25075763463974,1.126499891281128
