0.52088862657547,-0.09383053332567215,1.1670000553131104,0.556783139705658,-0.12962032854557037,1.1829999685287476,0.487213134765625,-0.13718482851982117,1.149999976158142,0.586804211139679,0.003024486592039466,1.3539999723434448,0.3665975332260132,-0.021108360961079597,1.2265000343322754,0,0,0,0.17823238670825958,-0.013256915844976902,1.0735000371932983,0,0,0,0.31660541892051697,-0.08028130233287811,0.9240000247955322
0.49880269169807434,-0.129424586892128,1.1640000343322754,0.5234449505805969,-0.15947701036930084,1.1770000457763672,0.4622250199317932,-0.15493793785572052,1.1434999704360962,0.5802223682403564,0.009606274776160717,1.3539999723434448,0.3514264225959778,-0.02079857513308525,1.2084999084472656,0,0,0,0.17402029037475586,-0.017864232882857323,1.0380001068115234,0,0,0,0.3471047878265381,-0.08155721426010132,0.9214999675750732
0.4998284578323364,-0.12920218706130981,1.1619999408721924,0.520331859588623,-0.15663276612758636,1.1700000762939453,0.4591933488845825,-0.15208102762699127,1.1359999179840088,0.5872375965118408,-0.005755479447543621,1.3550000190734863,0.3591185212135315,-0.024438831955194473,1.1949999332427979,0,0,0,0.17163971066474915,-0.024023253470659256,1.0140000581741333,0,0,0,0.3680088520050049,-0.08902289718389511,0.9214999675750732
0.45508062839508057,-0.11719372123479843,1.053999900817871,0.519995927810669,-0.15596337616443634,1.1649999618530273,0.427359014749527,-0.1438273936510086,1.0614999532699585,0.5708135366439819,0.0008296369342133403,1.3524999618530273,0.34527525305747986,-0.0166796762496233,1.194000005722046,0.6594365835189819,-0.06742934137582779,1.3589999675750732,0.17277005314826965,-0.02722848951816559,1.0110000371932983,0.5682399272918701,-0.11350847780704498,1.1949999332427979,0.3396390974521637,-0.08603662252426147,0.9214999675750732
0.4195675253868103,-0.0831945613026619,0.9399999976158142,0.5185567736625671,-0.12564432621002197,1.0980000495910645,0.4123362898826599,-0.12287972122430801,0.9769999980926514,0.5554729104042053,0.003021135926246643,1.3524999618530273,0.3579164743423462,-0.014707951806485653,1.190999984741211,0,0,0,0.17053943872451782,-0.027134224772453308,1.0074999332427979,0,0,0,0.30529674887657166,-0.08603662252426147,0.9214999675750732
0.4195675253868103,-0.08928700536489487,0.9399999976158142,0.5185567736625671,-0.12920257449150085,1.0980000495910645,0.40714073181152344,-0.12709590792655945,0.9609999656677246,0.5598559975624084,0.005212634801864624,1.3524999618530273,0.36217907071113586,-0.008881064131855965,1.1859999895095825,0,0,0,0.16857165098190308,-0.02382187359035015,1.0054999589920044,0,0,0,0.31093156337738037,-0.10682448744773865,0.9205000400543213
0.4104287922382355,-0.08928700536489487,0.9399999976158142,0.5083444714546204,-0.12932023406028748,1.0989999771118164,0.39312639832496643,-0.11931021511554718,0.9609999656677246,0.5560151934623718,0.020492343232035637,1.3485000133514404,0.3565228283405304,-0.016484102234244347,1.1800000667572021,0,0,0,0.1684039831161499,-0.023798180744051933,1.004499912261963,0,0,0,0.31059378385543823,-0.13948611915111542,0.9194999933242798
0.4104287922382355,-0.09081012010574341,0.9399999976158142,0.5101252198219299,-0.13288171589374542,1.0989999771118164,0.39312639832496643,-0.12242449074983597,0.9609999656677246,0.5554729104042053,0.013978630304336548,1.3524999618530273,0.36034682393074036,-0.022220076993107796,1.1800000667572021,0,0,0,0.16514872014522552,-0.018915308639407158,1.004499912261963,0,0,0,0.28228557109832764,-0.1469355970621109,0.9194999933242798
0.40890565514564514,-0.09233323484659195,0.9399999976158142,0.5120448470115662,-0.13205531239509583,1.1069999933242798,0.39156925678253174,-0.12398163229227066,0.9609999656677246,0.5554729104042053,0.02274462580680847,1.3524999618530273,0.3622588515281677,-0.024132071062922478,1.1800000667572021,0,0,0,0.16026581823825836,-0.015660062432289124,1.004499912261963,0,0,0,0.2524874806404114,-0.15885475277900696,0.9194999933242798
0.4582788050174713,-0.10348197817802429,1.0534999370574951,0.5481238961219788,-0.14328010380268097,1.184999942779541,0.39808863401412964,-0.1260458528995514,0.9769999980926514,0.5506224036216736,0.022635318338871002,1.3459999561309814,0.35843485593795776,-0.024132071062922478,1.1800000667572021,0,0,0,0.15863819420337677,-0.018915308639407158,1.004499912261963,0,0,0,0.22715909779071808,-0.17226381599903107,0.9194999933242798
0.5052595138549805,-0.11597248911857605,1.1614999771118164,0.5442836880683899,-0.14712029695510864,1.184999942779541,0.4329264760017395,-0.1387980878353119,1.0625,0.542607843875885,0.01815119944512844,1.3369998931884766,0.3622588515281677,-0.020308086648583412,1.1800000667572021,0,0,0,0.15243056416511536,-0.02384556643664837,1.006500005722046,0,0,0,0.1963951289653778,-0.17586857080459595,0.9149999618530273
0.5072169899940491,-0.12208971381187439,1.1659998893737793,0.5479581952095032,-0.15197962522506714,1.1929999589920044,0.46103405952453613,-0.15208102762699127,1.1359999179840088,0.5403757691383362,0.01591906137764454,1.3315000534057617,0.3599535822868347,-0.028074510395526886,1.184999942779541,0,0,0,0.15258200466632843,-0.022236771881580353,1.0074999332427979,0,0,0,0.16758200526237488,-0.16928811371326447,0.9114999771118164
0.5083613991737366,-0.12852463126182556,1.1729999780654907,0.550254762172699,-0.15844005346298218,1.1979999542236328,0.4647083878517151,-0.15637944638729095,1.1405000686645508,0.5307474732398987,-0.001338199363090098,1.3289999961853027,0.36825451254844666,-0.03389189764857292,1.187000036239624,0,0,0,0.15559209883213043,-0.020788347348570824,1.0164999961853027,0,0,0,0.13656622171401978,-0.16485731303691864,0.9114999771118164
0.5109617114067078,-0.13491316139698029,1.1790000200271606,0.5492289662361145,-0.16453777253627777,1.2000000476837158,0.4659041464328766,-0.16484837234020233,1.1480000019073486,0.5254502296447754,-0.0034850523807108402,1.3264999389648438,0.36502182483673096,-0.03972872719168663,1.1890000104904175,0,0,0,0.15719929337501526,-0.014346756041049957,1.0269999504089355,0,0,0,0.10998127609491348,-0.16338039934635162,0.9114999771118164
0.508658766746521,-0.14352193474769592,1.187000036239624,0.5463391542434692,-0.1693388819694519,1.2065000534057617,0.4672163724899292,-0.17228451371192932,1.1605000495910645,0.5180239677429199,-0.020641040056943893,1.3240000009536743,0.3646221160888672,-0.04763449728488922,1.194000005722046,0,0,0,0.15447041392326355,-0.014402635395526886,1.031000018119812,0,0,0,0.08044244349002838,-0.1412263959646225,0.9114999771118164
0.508184552192688,-0.14892052114009857,1.1995000839233398,0.5404742956161499,-0.17715860903263092,1.2065000534057617,0.46385395526885986,-0.17763812839984894,1.1710000038146973,0.5158786773681641,-0.027077000588178635,1.3240000009536743,0.36392515897750854,-0.05000508576631546,1.2044999599456787,0.4766668379306793,0.16378392279148102,1.3589999675750732,0.15494883060455322,-0.014605194330215454,1.0455000400543213,0.4770287573337555,0.2684377431869507,1.2609999179840088,0.05385748669505119,-0.12941093742847443,0.9114999771118164
0.5078709125518799,-0.15389050543308258,1.2079999446868896,0.5392621159553528,-0.18264427781105042,1.2170000076293945,0.46398788690567017,-0.18298232555389404,1.180999994277954,0.5162683129310608,-0.03783215209841728,1.3250000476837158,0.36512887477874756,-0.05831580609083176,1.2149999141693115,0.4920811355113983,0.13735955953598022,1.3589999675750732,0.15735913813114166,-0.020214619114995003,1.0734999179840088,0.5403757691383362,0.2769731879234314,1.3315000534057617,0.03507549315690994,-0.11751987040042877,0.9225000143051147
0.5008693337440491,-0.158066526055336,1.2100000381469727,0.5366330742835999,-0.1837698370218277,1.2244999408721924,0.4598109722137451,-0.186304971575737,1.190000057220459,0.5205622315406799,-0.044272974133491516,1.3250000476837158,0.36099669337272644,-0.06453905999660492,1.2209999561309814,0.5165604948997498,0.1203160360455513,1.3654999732971191,0.15917134284973145,-0.010001222603023052,1.0980000495910645,0.6056565046310425,0.2793801724910736,1.3975000381469727,0.02036784216761589,-0.1007702425122261,0.9335000514984131
0.49662381410598755,-0.1605561226606369,1.2139999866485596,0.5293443202972412,-0.18796803057193756,1.2259999513626099,0.45555245876312256,-0.18886587023735046,1.194000005722046,0.5104045867919922,-0.05077119544148445,1.3264999389648438,0.3589405417442322,-0.06687159091234207,1.2274999618530273,0.5356562733650208,0.10374275594949722,1.380500078201294,0.1617806851863861,-0.021014917641878128,1.1159999370574951,0.6524488925933838,0.2797039747238159,1.4459999799728394,0.00225713849067688,-0.09798499196767807,0.9505000114440918
0.4911710321903229,-0.1633264571428299,1.2200000286102295,0.5246654152870178,-0.19241075217723846,1.2289999723434448,0.452008455991745,-0.193703755736351,1.2000000476837158,0.514194130897522,-0.05571343004703522,1.3420000076293945,0.3544158637523651,-0.06953373551368713,1.2395000457763672,0.5526909828186035,0.09620296210050583,1.4010000228881836,0.1616208702325821,-0.023058397695422173,1.127500057220459,0.6925275325775146,0.27603402733802795,1.4765000343322754,-0.00399990938603878,-0.09725114703178406,0.9739999771118164
