0.12396866828203201,-0.17505845427513123,1.2055000066757202,0.1542559266090393,-0.2171061486005783,1.2450000047683716,0.08796166628599167,-0.20240861177444458,1.194000005722046,0.26856178045272827,-0.12030776590108871,1.4110000133514404,0.009402806870639324,-0.10237832367420197,1.2994999885559082,0.3000413179397583,0.09889984875917435,1.5499999523162842,-0.12139245122671127,0.053601015359163284,1.125999927520752,0.5867128968238831,0.5423673391342163,2.7129998207092285,-0.11924918740987778,0.019398966804146767,0.778499960899353
0.10834208875894547,-0.17701177299022675,1.2055000066757202,0.14002208411693573,-0.21894745528697968,1.24399995803833,0.07429419457912445,-0.2040010243654251,1.1920000314712524,0.2525576651096344,-0.12030776590108871,1.4110000133514404,-0.0011253654956817627,-0.1044839471578598,1.2994999885559082,0.2849721312522888,0.09136530756950378,1.5499999523162842,-0.13574695587158203,0.06443333625793457,1.124000072479248,0.56352299451828,0.5230286717414856,2.75,-0.12429492920637131,0.02696753665804863,0.778499960899353
0.09654200077056885,-0.17881661653518677,1.2044999599456787,0.12772218883037567,-0.2206079214811325,1.2420001029968262,0.06458272784948349,-0.20382986962795258,1.190999984741211,0.24086982011795044,-0.12017986923456192,1.409500002861023,-0.01586480811238289,-0.10658957064151764,1.2994999885559082,0.28058120608329773,0.08402005583047867,1.5534999370574951,-0.15395961701869965,0.0735396072268486,1.124000072479248,0.5317942500114441,0.49517953395843506,2.7940001487731934,-0.12429492920637131,0.030751820653676987,0.778499960899353
0.08851418644189835,-0.18031805753707886,1.2014999389648438,0.11756512522697449,-0.22244112193584442,1.2410000562667847,0.05295926332473755,-0.20558692514896393,1.190000057220459,0.23376914858818054,-0.12005197256803513,1.4079999923706055,-0.030545370653271675,-0.10007978975772858,1.2969999313354492,0.26044362783432007,0.07898568361997604,1.5534999370574951,-0.16124467551708221,0.08082462102174759,1.124000072479248,0.5046308040618896,0.4634890854358673,2.7940001487731934,-0.1322481632232666,0.037892017513513565,0.7960000038146973
0.07877998054027557,-0.18031805753707886,1.2014999389648438,0.11153259128332138,-0.22244112193584442,1.2410000562667847,0.0452464334666729,-0.20558692514896393,1.190000057220459,0.22440406680107117,-0.11992407590150833,1.406499981880188,-0.038951706141233444,-0.10007978975772858,1.2969999313354492,0.25540921092033386,0.07646850496530533,1.5534999370574951,-0.15031707286834717,0.06261208653450012,1.124000072479248,0.46841296553611755,0.4408530294895172,2.7940001487731934,-0.13706624507904053,0.05397702008485794,0.824999988079071
0.06515209376811981,-0.18031805753707886,1.2014999389648438,0.09544583410024643,-0.224451944231987,1.2410000562667847,0.0317223034799099,-0.20734073221683502,1.1890000104904175,0.21984605491161346,-0.11764507740736008,1.406499981880188,-0.04951683059334755,-0.09809155017137527,1.2985000610351562,0.25540921092033386,0.0714341327548027,1.5534999370574951,-0.15760214626789093,0.06807584315538406,1.124000072479248,0.41621607542037964,0.4068194627761841,2.7779998779296875,-0.12965771555900574,0.05042775720357895,0.8554999828338623
0.05918816477060318,-0.17994287610054016,1.1990000009536743,0.09142415225505829,-0.22646278142929077,1.2410000562667847,0.02784568816423416,-0.20909130573272705,1.187999963760376,0.21756704151630402,-0.11992407590150833,1.406499981880188,-0.055979352444410324,-0.09624626487493515,1.3020000457763672,0.25289201736450195,0.07395131886005402,1.5534999370574951,-0.16124467551708221,0.057148322463035583,1.124000072479248,0.3801014721393585,0.3929046392440796,2.7129998207092285,-0.11998986452817917,0.07292730361223221,0.8759999871253967
0.057245370000600815,-0.18188565969467163,1.1990000009536743,0.08733203262090683,-0.22628028690814972,1.2400000095367432,0.025942541658878326,-0.20926731824874878,1.1890000104904175,0.21756704151630402,-0.11536608636379242,1.406499981880188,-0.055979352444410324,-0.09624626487493515,1.3020000457763672,0.2576773762702942,0.08393893390893936,1.5520000457763672,-0.1569589078426361,0.05207541212439537,1.1324999332427979,0.28012511134147644,0.31463339924812317,2.1484999656677246,-0.11592719703912735,0.08174555003643036,0.9110000133514404
0.05530258268117905,-0.1838284432888031,1.1990000009536743,0.08515077829360962,-0.22582407295703888,1.2374999523162842,0.022089369595050812,-0.2131204605102539,1.1890000104904175,0.2221250683069229,-0.11536608636379242,1.406499981880188,-0.058133650571107864,-0.09843148291110992,1.3029999732971191,0.2652216851711273,0.08645369112491608,1.5520000457763672,-0.13451381027698517,0.04706379771232605,1.1445000171661377,0.19344696402549744,0.22910991311073303,1.5820000171661377,-0.10707040131092072,0.08469779789447784,0.9110000133514404
0.05327078700065613,-0.18546134233474731,1.1970000267028809,0.08521959185600281,-0.22801335155963898,1.2384999990463257,0.022089369595050812,-0.2131204605102539,1.1890000104904175,0.2257966697216034,-0.11718504130840302,1.4010000228881836,-0.06031430885195732,-0.10277223587036133,1.3044999837875366,0.2749260365962982,0.08634228259325027,1.5499999523162842,-0.11703292280435562,0.03813815489411354,1.1549999713897705,0.17435024678707123,0.23104164004325867,1.5269999504089355,-0.09114684909582138,0.0986892431974411,0.9609999656677246
0.053404297679662704,-0.1878705620765686,1.2000000476837158,0.08722638338804245,-0.23002012073993683,1.2384999990463257,0.02403615415096283,-0.2152278870344162,1.190000057220459,0.22967921197414398,-0.11232326179742813,1.3969999551773071,-0.060822900384664536,-0.10790194571018219,1.315500020980835,0.28868556022644043,0.09345286339521408,1.5429999828338623,-0.10458806902170181,0.029180819168686867,1.252500057220459,0.161006897687912,0.2213551104068756,1.4950000047683716,-0.08299170434474945,0.11121220886707306,1.034000039100647
0.0572931170463562,-0.1878705620765686,1.2000000476837158,0.08722638338804245,-0.22801335155963898,1.2384999990463257,0.0260079987347126,-0.2175210565328598,1.1920000314712524,0.23847734928131104,-0.11446382105350494,1.3954999446868896,-0.0552557148039341,-0.11387031525373459,1.3355000019073486,0.299234539270401,0.09533117711544037,1.5329999923706055,-0.0930086299777031,0.02548001892864704,1.3819999694824219,0.15454301238059998,0.21906012296676636,1.4795000553131104,-0.07848721742630005,0.13046489655971527,1.1949999332427979
0.059336259961128235,-0.18818368017673492,1.2020000219345093,0.09142415225505829,-0.22847361862659454,1.2410000562667847,0.029946070164442062,-0.21806849539279938,1.1949999332427979,0.24221615493297577,-0.11860248446464539,1.3910000324249268,-0.04486842453479767,-0.11497875303030014,1.3485000133514404,0.30568620562553406,0.09997198730707169,1.527999997138977,-0.079180046916008,0.030673982575535774,1.4149999618530273,0.14343520998954773,0.2167651355266571,1.4639999866485596,-0.0752909928560257,0.14253553748130798,1.3454999923706055
0.06517920643091202,-0.18818368017673492,1.2020000219345093,0.09552275389432907,-0.22664527595043182,1.2420001029968262,0.03590460494160652,-0.21898093819618225,1.2000000476837158,0.2527567148208618,-0.1182614266872406,1.3870000839233398,-0.03187599033117294,-0.12198442220687866,1.3534998893737793,0.32022684812545776,0.10729415714740753,1.5264999866485596,-0.05736532434821129,0.019590264186263084,1.443000078201294,0.13854874670505524,0.2165430337190628,1.462499976158142,-0.0593104250729084,0.14953505992889404,1.433500051498413
0.06907451152801514,-0.18623603880405426,1.2020000219345093,0.10156014561653137,-0.22664527595043182,1.2420001029968262,0.041929129511117935,-0.21803127229213715,1.2055000066757202,0.2638034224510193,-0.11593038588762283,1.3860000371932983,-0.016633935272693634,-0.12941865622997284,1.3624999523162842,0.33473828434944153,0.11213073134422302,1.524999976158142,-0.03977193683385849,0.020153669640421867,1.4844999313354492,0.13712772727012634,0.2166675180196762,1.4474999904632568,-0.046814046800136566,0.1542813777923584,1.4789999723434448
0.07116987556219101,-0.18467168509960175,1.2044999599456787,0.10386448353528976,-0.2232477217912674,1.245500087738037,0.04600687697529793,-0.2168845683336258,1.2100000381469727,0.2744370996952057,-0.11119762063026428,1.3830000162124634,0.0010432566050440073,-0.1380886286497116,1.3829998970031738,0.3394247889518738,0.12017453461885452,1.5019999742507935,-0.028156127780675888,0.018011312931776047,1.506500005722046,0.13712772727012634,0.21901296079158783,1.4474999904632568,-0.03520842641592026,0.15837281942367554,1.4950000047683716
0.07363759726285934,-0.18204396963119507,1.2130000591278076,0.10681774467229843,-0.22114750742912292,1.256500005722046,0.05013442039489746,-0.21187467873096466,1.215000033378601,0.2825811505317688,-0.10640712082386017,1.378999948501587,0.0169293824583292,-0.14427141845226288,1.3994998931884766,0.336957186460495,0.12952367961406708,1.4700000286102295,-0.01352330669760704,0.01558578573167324,1.5080000162124634,0.12928253412246704,0.21765120327472687,1.438499927520752,-0.020943621173501015,0.15553055703639984,1.5145000219345093
0.07625750452280045,-0.18163731694221497,1.2235000133514404,0.10737032443284988,-0.21819855272769928,1.2630000114440918,0.054539136588573456,-0.21171995997428894,1.2254999876022339,0.28928449749946594,-0.10417268425226212,1.378999948501587,0.02615797333419323,-0.1497105360031128,1.4079999923706055,0.33893144130706787,0.13791610300540924,1.4579999446868896,0.006104401778429747,0.018268361687660217,1.527999997138977,0.13161340355873108,0.22231289744377136,1.438499927520752,-0.008799574337899685,0.15778982639312744,1.5364999771118164
0.07666263729333878,-0.1786162555217743,1.2300000190734863,0.10775286704301834,-0.214868426322937,1.2674999237060547,0.05917901545763016,-0.21012184023857117,1.2395000457763672,0.2959878444671631,-0.09746936708688736,1.378999948501587,0.04274143651127815,-0.1495756208896637,1.4284999370574951,0.33988940715789795,0.14911216497421265,1.4520000219345093,0.021213464438915253,0.020995385944843292,1.5464999675750732,0.13627511262893677,0.23163630068302155,1.438499927520752,0.003697384847328067,0.15989506244659424,1.556999921798706
0.07678728550672531,-0.1749141961336136,1.2319999933242798,0.10607435554265976,-0.20944808423519135,1.2719999551773071,0.06150830537080765,-0.20718587934970856,1.246000051498413,0.3004567623138428,-0.0952349379658699,1.378999948501587,0.05486605316400528,-0.15109388530254364,1.4429999589920044,0.34281492233276367,0.15536366403102875,1.4444999694824219,0.04135371744632721,0.01853138767182827,1.5499999523162842,0.14559857547283173,0.24562136828899384,1.438499927520752,0.013868579640984535,0.17096906900405884,1.565999984741211
