0.5038131475448608,-0.5979457497596741,3.5960001945495605,0,0,0,0.29158681631088257,-0.3853302597999573,2.130500078201294,0.188022643327713,-0.29212310910224915,2.130500078201294,0.04253573343157768,-0.23255811631679535,1.9495000839233398,0.20618896186351776,-0.09035788476467133,2.176500082015991,0.07189341634511948,0.011315596289932728,2.066999912261963,0.49547746777534485,0.13852688670158386,3.999000072479248,0.21378113329410553,0.15435057878494263,2.1465001106262207
0.5605872273445129,-0.6289570927619934,3.7825000286102295,0,0,0,0.30884748697280884,-0.3853302597999573,2.130500078201294,0.20183119177818298,-0.29212310910224915,2.130500078201294,0.05501550808548927,-0.23190200328826904,1.944000005722046,0.22382232546806335,-0.07977792620658875,2.176500082015991,0.08863964676856995,0.014664823189377785,2.066999912261963,0.40276554226875305,0.13876549899578094,3.128000020980835,0.2242153286933899,0.16826273500919342,2.1465001106262207
0.5851029753684998,-0.6289570927619934,3.7825000286102295,0,0,0,0.3256489932537079,-0.3813404440879822,2.127500057220459,0.21909187734127045,-0.29557523131370544,2.130500078201294,0.0673370361328125,-0.23094767332077026,1.9359999895095825,0.2453763335943222,-0.09050319343805313,2.180000066757202,0.10538588464260101,0.018014049157500267,2.066999912261963,0.4133265018463135,0.12908096611499786,3.0199999809265137,0.23464952409267426,0.17521882057189941,2.1465001106262207
0.4794754385948181,-0.49950578808784485,2.9749999046325684,0,0,0,0.335438072681427,-0.3807131052017212,2.124000072479248,0.23399361968040466,-0.29349425435066223,2.140500068664551,0.08257167041301727,-0.23281505703926086,1.9254999160766602,0.25597336888313293,-0.08343853801488876,2.180000066757202,0.11208437383174896,0.007966370321810246,2.066999912261963,0.43779364228248596,0.13886778056621552,3.0199999809265137,0.24160565435886383,0.17521882057189941,2.1465001106262207
0.3568495213985443,-0.3609124720096588,2.1705000400543213,0,0,0,0.34920451045036316,-0.37727150321006775,2.124000072479248,0.24548333883285522,-0.2947968542575836,2.1500000953674316,0.09193157404661179,-0.23905496299266815,1.9254999160766602,0.2736351191997528,-0.09403550624847412,2.180000066757202,0.1223093792796135,-0.0020843285601586103,2.069999933242798,0.4475805163383484,0.1339743733406067,3.0199999809265137,0.24508371949195862,0.17174078524112701,2.1465001106262207
0.37443429231643677,-0.3679463267326355,2.1705000400543213,0,0,0,0.36459437012672424,-0.38932985067367554,2.133500099182129,0.25593453645706177,-0.30176427960395813,2.1500000953674316,0.10411321371793747,-0.24459421634674072,1.9200000762939453,0.28822648525238037,-0.10126247256994247,2.183500051498413,0.13572581112384796,-0.0020843285601586103,2.069999933242798,0.3343612551689148,0.10979640483856201,2.30649995803833,0.25168758630752563,0.1645543873310089,2.1435000896453857
0.38613805174827576,-0.37257567048072815,2.177000045776367,0,0,0,0.38019612431526184,-0.3946278989315033,2.1435000896453857,0.27722322940826416,-0.3091624975204468,2.1530001163482666,0.11637531965970993,-0.2535305619239807,1.9170000553131104,0.3031517565250397,-0.091956228017807,2.2150001525878906,0.14222760498523712,-0.005430533550679684,2.066999912261963,0.344399631023407,0.10710683465003967,2.25,0.25863397121429443,0.1645543873310089,2.1435000896453857
0.39592745900154114,-0.3755326271057129,2.1535000801086426,0,0,0,0.3922503888607025,-0.399700790643692,2.133500099182129,0.2911776006221771,-0.3091624975204468,2.1530001163482666,0.12880010902881622,-0.25974294543266296,1.9170000553131104,0.31838321685791016,-0.09326395392417908,2.246500015258789,0.15227533876895905,-0.012128986418247223,2.066999912261963,0.3615003228187561,0.09950480610132217,2.243000030517578,0.26094552874565125,0.1569094955921173,2.134000062942505
0.41337451338768005,-0.3790220022201538,2.1535000801086426,0,0,0,0.40607839822769165,-0.4100717306137085,2.133500099182129,0.30513203144073486,-0.3091624975204468,2.1530001163482666,0.13501250743865967,-0.2721676230430603,1.9170000553131104,0.32202330231666565,-0.09690402448177338,2.246500015258789,0.158973827958107,-0.01882743649184704,2.066999912261963,0.3760380148887634,0.09950480610132217,2.243000030517578,0.2644033432006836,0.1569094955921173,2.134000062942505
0.4190845191478729,-0.38483569025993347,2.1470000743865967,0,0,0,0.4164493978023529,-0.413528710603714,2.133500099182129,0.31960511207580566,-0.320147842168808,2.1565001010894775,0.14122489094734192,-0.27527379989624023,1.9170000553131104,0.329303503036499,-0.10418417304754257,2.246500015258789,0.16471050679683685,-0.028707480058073997,2.054999828338623,0.3742777109146118,0.0990390032529831,2.2325000762939453,0.26786115765571594,0.15345171093940735,2.134000062942505
0.4275205731391907,-0.3795805871486664,2.13700008392334,0,0,0,0.42361947894096375,-0.4138585329055786,2.117500066757202,0.32659366726875305,-0.320147842168808,2.1565001010894775,0.15034715831279755,-0.2873232960700989,1.9144999980926514,0.33658367395401,-0.11146432161331177,2.246500015258789,0.16067394614219666,-0.03852735459804535,2.0460000038146973,0.18805886805057526,0.04568621888756752,1.1109999418258667,0.26786115765571594,0.1569094955921173,2.134000062942505
0.4379633963108063,-0.3869575560092926,2.120500087738037,0,0,0,0.4407748579978943,-0.420720636844635,2.117500066757202,0.34057071805000305,-0.3376190662384033,2.1565001010894775,0.15634700655937195,-0.2962423264980316,1.9119999408721924,0.35114410519599915,-0.12602463364601135,2.246500015258789,0.1701192557811737,-0.04171985015273094,2.0399999618530273,0.0,0.0,0.0,0.2718796133995056,0.14841245114803314,2.1115000247955322
0.44488880038261414,-0.3942677676677704,2.1045000553131104,0,0,0,0.4416121244430542,-0.4218277931213379,2.0889999866485596,0.34755927324295044,-0.34810179471969604,2.1565001010894775,0.15965358912944794,-0.3059360682964325,1.9144999980926514,0.3657044768333435,-0.14058493077754974,2.246500015258789,0.1701192557811737,-0.04833080247044563,2.0399999618530273,0.0,0.0,0.0,0.26265203952789307,0.14707699418067932,2.0924999713897705
0.44499701261520386,-0.4015185534954071,2.0889999866485596,0,0,0,0.44031059741973877,-0.4307822287082672,2.066999912261963,0.35454779863357544,-0.35858455300331116,2.1565001010894775,0.16275572776794434,-0.3121403157711029,1.9144999980926514,0.36513474583625793,-0.14036589860916138,2.243000030517578,0.15973156690597534,-0.06137167289853096,2.0339999198913574,0.0,0.0,0.0,0.25391441583633423,0.13249389827251434,2.0764999389648438
0.45787808299064636,-0.42798200249671936,2.0859999656677246,0,0,0,0.45239055156707764,-0.44956880807876587,2.060999870300293,0.36741405725479126,-0.3818897008895874,2.1500000953674316,0.16873939335346222,-0.3365173041820526,1.9119999408721924,0.37967243790626526,-0.16580672562122345,2.243000030517578,0.15620507299900055,-0.08760831505060196,2.0310001373291016,0.0,0.0,0.0,0.24045585095882416,0.11230617761611938,2.0764999389648438
0.4605947434902191,-0.4408671259880066,2.0829999446868896,0,0,0,0.4557300806045532,-0.46292683482170105,2.060999870300293,0.3708978295326233,-0.3993082642555237,2.1500000953674316,0.1718374788761139,-0.3489095866680145,1.9119999408721924,0.3899662494659424,-0.17280548810958862,2.239500045776367,0.1594959944486618,-0.09419010579586029,2.0310001373291016,0.0,0.0,0.0,0.24382048845291138,0.10557693988084793,2.0764999389648438
0.46330171823501587,-0.4537132978439331,2.0799999237060547,0,0,0,0.4577332139015198,-0.4748983085155487,2.055000066757202,0.37672290205955505,-0.4085206091403961,2.1435000896453857,0.17161278426647186,-0.3546414077281952,1.9094998836517334,0.396602988243103,-0.19065071642398834,2.2360000610351562,0.15926040709018707,-0.10719510912895203,2.0280001163482666,0.0,0.0,0.0,0.2430572658777237,0.09853828698396683,2.069999933242798
0.46263349056243896,-0.4597897529602051,2.0769999027252197,0,0,0,0.45639675855636597,-0.480151891708374,2.0490000247955322,0.37966400384902954,-0.418353796005249,2.140500068664551,0.1708938032388687,-0.3593177795410156,1.9014999866485596,0.3995995819568634,-0.19035229086875916,2.2325000762939453,0.15926040709018707,-0.11376717686653137,2.0280001163482666,0.0,0.0,0.0,0.2379661649465561,0.09116467088460922,2.054999828338623
0.46263349056243896,-0.46315521001815796,2.0769999027252197,0,0,0,0.4597168266773224,-0.4867919981479645,2.0490000247955322,0.38824671506881714,-0.4198514521121979,2.130500078201294,0.16732734441757202,-0.37056705355644226,1.8960000276565552,0.3995995819568634,-0.19035229086875916,2.2325000762939453,0.15926040709018707,-0.12033924460411072,2.0280001163482666,0.0,0.0,0.0,0.23692399263381958,0.0841350182890892,2.0460000038146973
0.46454057097435,-0.4684155285358429,2.070499897003174,0,0,0,0.4576975703239441,-0.4912647604942322,2.0399999618530273,0.39050379395484924,-0.42545369267463684,2.124000072479248,0.16075794398784637,-0.3787819743156433,1.8910000324249268,0.40132057666778564,-0.1894570291042328,2.2220001220703125,0.14571990072727203,-0.12984424829483032,2.0225000381469727,0.0,0.0,0.0,0.23395133018493652,0.0742982029914856,2.0490000247955322
