0.0686587318778038,-0.20029684901237488,1.9739999771118164,0.10055570304393768,-0.2330942302942276,2.0369999408721924,0.033567894250154495,-0.22651450335979462,1.9795000553131104,0.19475513696670532,-0.04080585390329361,2.1670000553131104,-0.10362391918897629,-0.03490237146615982,2.0280001163482666,0.2350447177886963,0.1811748892068863,2.3600001335144043,-0.17109474539756775,0.17733727395534515,2.0894999504089355,0.3128485083580017,0.45453116297721863,2.740000009536743,-0.27696022391319275,0.41367653012275696,2.569000005722046
0.055638112127780914,-0.19629953801631927,1.965999960899353,0.0869886502623558,-0.22883474826812744,2.0285000801086426,0.023776138201355934,-0.22491247951984406,1.965499997138977,0.17879201471805573,-0.03689875826239586,2.1440000534057617,-0.10690996795892715,-0.03161633759737015,2.0280001163482666,0.237434983253479,0.18301734328269958,2.384000062942505,-0.18125185370445251,0.18749432265758514,2.0894999504089355,0.3067399859428406,0.4456561803817749,2.686500072479248,-0.2578563988208771,0.4152895510196686,2.322000026702881
0.04265573248267174,-0.19203346967697144,1.9549999237060547,0.06945870816707611,-0.2220454216003418,1.996999979019165,0.007820266298949718,-0.21765343844890594,1.9574999809265137,0.16947951912879944,-0.029538672417402267,2.114500045776367,-0.11972859501838684,-0.024976350367069244,2.0225000381469727,0.2297092080116272,0.1907430738210678,2.384000062942505,-0.19965049624443054,0.20934996008872986,2.1050000190734863,0.3110930323600769,0.45000919699668884,2.686500072479248,-0.26247885823249817,0.44536736607551575,2.264500141143799
0.026480823755264282,-0.18337081372737885,1.9305000305175781,0.05546831339597702,-0.214755579829216,1.9600000381469727,-0.004840905778110027,-0.21017637848854065,1.9470000267028809,0.15822209417819977,-0.025951940566301346,2.1015000343322754,-0.13208185136318207,-0.015058871358633041,2.011000156402588,0.2335720956325531,0.20619456470012665,2.384000062942505,-0.2098829597234726,0.21958234906196594,2.1050000190734863,0.31849896907806396,0.47194501757621765,2.7125000953674316,-0.26725563406944275,0.4702140986919403,2.243000030517578
0.013834679499268532,-0.17541740834712982,1.9119999408721924,0.04241573065519333,-0.2067026048898697,1.944000005722046,-0.017289744690060616,-0.2050013542175293,1.9279999732971191,0.146915003657341,-0.015620488673448563,2.0859999656677246,-0.1438530534505844,-0.011697694659233093,1.993499994277954,0.23440486192703247,0.22243629395961761,2.3924999237060547,-0.22693705558776855,0.23322555422782898,2.1050000190734863,0.33168452978134155,0.4983159303665161,2.7125000953674316,-0.27281102538108826,0.4889495372772217,2.2290000915527344
-0.0016514597227796912,-0.16877874732017517,1.906999945640564,0.02961656264960766,-0.20219148695468903,1.930999994277954,-0.03263672813773155,-0.19710393249988556,1.9119999408721924,0.13281933963298798,-0.008822236210107803,2.0769999027252197,-0.15908080339431763,-0.0019957192707806826,1.9819999933242798,0.2421582043170929,0.24181953072547913,2.3924999237060547,-0.23949457705020905,0.2423592060804367,2.0954999923706055,0.3651176989078522,0.5619264841079712,2.7660000324249268,-0.2823100984096527,0.5046197772026062,2.2185001373291016
-0.03245750069618225,-0.16212984919548035,1.9014999866485596,-0.0016605528071522713,-0.19456394016742706,1.9175000190734863,-0.06318511813879013,-0.18960978090763092,1.8989999294281006,0.10571728646755219,-0.0020878526847809553,2.073499917984009,-0.19042424857616425,0.004409406799823046,1.9739999771118164,0.25378820300102234,0.2573260962963104,2.3924999237060547,-0.27136096358299255,0.250617116689682,2.0794999599456787,0.46134278178215027,0.6354373097419739,2.8340001106262207,-0.2938805818557739,0.5105251669883728,2.197499990463257
-0.04753568023443222,-0.1610214114189148,1.8884999752044678,-0.017146259546279907,-0.19400586187839508,1.9119999408721924,-0.07803241163492203,-0.1913677155971527,1.8860000371932983,0.09464628994464874,0.0012587172677740455,2.052000045776367,-0.20208604633808136,0.007565547712147236,1.9630000591278076,0.26884469389915466,0.26850640773773193,2.388500213623047,-0.2898252606391907,0.25915834307670593,2.066999912261963,0.4985029995441437,0.6256142258644104,2.810500144958496,-0.2963448464870453,0.5096374154090881,2.1635000705718994
-0.06241985037922859,-0.15691587328910828,1.8760000467300415,-0.03259405493736267,-0.18756414949893951,1.9094998836517334,-0.09294115751981735,-0.18451912701129913,1.878499984741211,0.08017706871032715,0.004517743363976479,2.0225000381469727,-0.22021272778511047,0.010699725709855556,1.9544999599456787,0.25798875093460083,0.2500065863132477,2.3600001335144043,-0.2990025281906128,0.2584060728549957,2.060999870300293,0.5529255270957947,0.6178592443466187,2.880499839782715,-0.3012591600418091,0.49000799655914307,2.124000072479248
-0.07418134808540344,-0.15607942640781403,1.8659999370574951,-0.044781822711229324,-0.18677835166454315,1.9014999866485596,-0.10455682873725891,-0.1835368573665619,1.868499994277954,0.07298573851585388,0.004478652495890856,2.004999876022339,-0.22877337038516998,0.01380990818142891,1.9465000629425049,0.25416475534439087,0.23088666796684265,2.3600001335144043,-0.30677205324172974,0.25984057784080505,2.0460000038146973,0.5897520780563354,0.5700670480728149,2.9720001220703125,-0.3060095012187958,0.48800134658813477,2.0859999656677246
-0.08525840193033218,-0.15125137567520142,1.843999981880188,-0.05641540512442589,-0.18147532641887665,1.878499984741211,-0.11573067307472229,-0.17906014621257782,1.8534998893737793,0.05610506236553192,0.001216085278429091,1.9824999570846558,-0.2435382902622223,0.013753149658441544,1.938499927520752,0.24531547725200653,0.21454016864299774,2.3485000133514404,-0.317295640707016,0.2609049379825592,2.0285000801086426,0.5897520780563354,0.49783262610435486,2.9720001220703125,-0.30834439396858215,0.47265687584877014,2.0345001220703125
-0.0959448367357254,-0.14338479936122894,1.8199999332427979,-0.06776910275220871,-0.17629434168338776,1.8559999465942383,-0.1290542334318161,-0.17377720773220062,1.8294999599456787,0.03959905728697777,0.004379251040518284,1.9605000019073486,-0.2564350366592407,0.019818132743239403,1.9175000190734863,0.2214227020740509,0.19130927324295044,2.297999858856201,-0.3257853388786316,0.2630847096443176,2.0199999809265137,0.5746891498565674,0.39852795004844666,3.0985000133514404,-0.31010037660598755,0.4670007824897766,1.9825000762939453
-0.10706015676259995,-0.1424787938594818,1.808500051498413,-0.07917509973049164,-0.1749170571565628,1.8415000438690186,-0.13875526189804077,-0.17111758887767792,1.8014999628067017,0.023455573245882988,0.001189401955343783,1.9390000104904175,-0.2666897475719452,0.02582167647778988,1.9019999504089355,0.17975814640522003,0.1623280942440033,2.114500045776367,-0.33787113428115845,0.2720933258533478,2.0139999389648438,0.470611572265625,0.26727521419525146,3.2105000019073486,-0.3144151270389557,0.4687037765979767,1.9495000839233398
-0.11832195520401001,-0.1390082985162735,1.8015000820159912,-0.0905168205499649,-0.1678484082221985,1.8294999599456787,-0.14926239848136902,-0.1668914407491684,1.7874999046325684,0.010781509801745415,0.0011777471518144011,1.9200000762939453,-0.2755001485347748,0.03193496912717819,1.8989999294281006,0.14113125205039978,0.13782888650894165,1.874500036239624,-0.3446403443813324,0.276199072599411,1.996500015258789,0.34055885672569275,0.17363785207271576,3.2105000019073486,-0.31464555859565735,0.484599232673645,1.912500023841858
-0.12626786530017853,-0.13522052764892578,1.7899999618530273,-0.09889386594295502,-0.16697682440280914,1.8199999332427979,-0.15755385160446167,-0.16358225047588348,1.7829999923706055,-0.010918574407696724,0.004258629400283098,1.9065001010894775,-0.28889399766921997,0.034772299230098724,1.8860000371932983,0.12599758803844452,0.13444098830223083,1.7890000343322754,-0.34884339570999146,0.2910190224647522,1.965499997138977,0.21016521751880646,0.0830131247639656,3.128000020980835,-0.31733638048171997,0.49900269508361816,1.8734999895095825
-0.13361188769340515,-0.12811832129955292,1.7720000743865967,-0.10691215842962265,-0.15983976423740387,1.805999994277954,-0.16417011618614197,-0.15871044993400574,1.7610000371932983,-0.02004847675561905,0.016501985490322113,1.8935000896453857,-0.2960864305496216,0.04061322286725044,1.873500108718872,0.11610150337219238,0.11585725843906403,1.7280000448226929,-0.34907296299934387,0.30120810866355896,1.9490000009536743,0.035376910120248795,0.02074856124818325,2.924499988555908,-0.3233942687511444,0.5033636093139648,1.8559999465942383
-0.1409815549850464,-0.12699763476848602,1.756500005722046,-0.11466621607542038,-0.15842367708683014,1.7899999618530273,-0.17013107240200043,-0.1535116732120514,1.7345000505447388,-0.029021091759204865,0.007239878177642822,1.878499984741211,-0.3027500510215759,0.046310827136039734,1.8585000038146973,0.09210223704576492,0.09186229109764099,1.6985000371932983,-0.3580872118473053,0.31343767046928406,1.9465000629425049,-0.10282208770513535,-0.0165240578353405,2.815999984741211,-0.3285215497016907,0.5290006995201111,1.8509999513626099
-0.14592227339744568,-0.12351538985967636,1.747499942779541,-0.1196930930018425,-0.15452413260936737,1.7785000801086426,-0.17489077150821686,-0.14716598391532898,1.7260000705718994,-0.04376913979649544,0.004151409491896629,1.8585000038146973,-0.3063638210296631,0.042961619794368744,1.843999981880188,0.07908837497234344,0.07617036253213882,1.6565001010894775,-0.36509445309638977,0.31761014461517334,1.933500051498413,-0.11787475645542145,-0.002121081342920661,2.1065001487731934,-0.3366987705230713,0.5366904735565186,1.8464999198913574
-0.15419600903987885,-0.12051121890544891,1.7450000047683716,-0.127833291888237,-0.15104550123214722,1.7714999914169312,-0.1798045039176941,-0.1466117650270462,1.7195000648498535,-0.04940347373485565,-0.004844656214118004,1.843999981880188,-0.3137030601501465,0.04571278765797615,1.8345000743865967,0.058188386261463165,0.047602348029613495,1.5985000133514404,-0.3724595308303833,0.3190012276172638,1.9229999780654907,-0.1263386756181717,-0.0014137185644358397,1.4040000438690186,-0.3450789451599121,0.5400515198707581,1.8274999856948853
-0.15684352815151215,-0.1175488531589508,1.7430000305175781,-0.13022415339946747,-0.15049128234386444,1.7649999856948853,-0.18767060339450836,-0.14622807502746582,1.715000033378601,-0.05488376319408417,0.0011210066732019186,1.8274999856948853,-0.32596859335899353,0.054198481142520905,1.8199999332427979,0.04382279887795448,0.028549790382385254,1.5485000610351562,-0.37711596488952637,0.32387998700141907,1.9149999618530273,-0.1581881195306778,0.0031361738219857216,1.4040000438690186,-0.35115399956703186,0.5445795655250549,1.812999963760376
