0.03476380184292793,-0.1723267138004303,1.3029999732971191,0.07130670547485352,-0.19735187292099,1.315000057220459,0.00920382421463728,-0.20326490700244904,1.2719999551773071,0.13692599534988403,-0.048805102705955505,1.3315000534057617,-0.08039333671331406,-0.10037580877542496,1.524999976158142,0.16043242812156677,0.1322147101163864,1.0824999809265137,-0.089129738509655,0.09588281810283661,1.465499997138977,0.040934979915618896,0.09689339250326157,0.887499988079071,-0.24337787926197052,0.3781484365463257,2.257500171661377
0.024077225476503372,-0.1651010811328888,1.2960000038146973,0.06244949996471405,-0.19206255674362183,1.308000087738037,0.0009580159094184637,-0.19882966578006744,1.2699999809265137,0.1237482950091362,-0.042253199964761734,1.3289999961853027,-0.08968544751405716,-0.09235319495201111,1.5149999856948853,0.15837402641773224,0.15467865765094757,1.0924999713897705,-0.10575201362371445,0.10775579512119293,1.465499997138977,0.032555509358644485,0.11583808809518814,0.9359999895095825,-0.24337787926197052,0.3708326518535614,2.257500171661377
0.017763620242476463,-0.15658038854599,1.2950000762939453,0.051515497267246246,-0.18449755012989044,1.2994999885559082,-0.009283398278057575,-0.18962286412715912,1.2634999752044678,0.12067992985248566,-0.029111964628100395,1.319000005722046,-0.10441435128450394,-0.0849887877702713,1.5149999856948853,0.15617996454238892,0.1774509698152542,1.1019999980926514,-0.11762508004903793,0.11487958580255508,1.465499997138977,0.01907743327319622,0.1398460865020752,0.9444999694824219,-0.24947217106819153,0.37630584836006165,2.246500015258789
0.009326832368969917,-0.145411878824234,1.2890000343322754,0.04507685825228691,-0.1735008955001831,1.2960000038146973,-0.017327405512332916,-0.17992596328258514,1.253000020980835,0.11764396727085114,-0.014044148847460747,1.309000015258789,-0.11863209307193756,-0.077291339635849,1.5084999799728394,0.15167471766471863,0.19694578647613525,1.121500015258789,-0.13160277903079987,0.11938387900590897,1.462499976158142,0.010036386549472809,0.1620245724916458,0.9580000042915344,-0.25515231490135193,0.37757813930511475,2.2325000762939453
0.0009632962755858898,-0.13578149676322937,1.2769999504089355,0.036549657583236694,-0.16452783346176147,1.2915000915527344,-0.025245459750294685,-0.16841964423656464,1.2430000305175781,0.10886798799037933,-0.0034298801328986883,1.3055000305175781,-0.13214907050132751,-0.0572395995259285,1.4954999685287476,0.15179504454135895,0.21237701177597046,1.1360000371932983,-0.1480390578508377,0.13583257794380188,1.4609999656677246,0.0038991468027234077,0.18562763929367065,0.9760000109672546,-0.2518681287765503,0.3659135103225708,2.1429998874664307
-0.009331156499683857,-0.11240115761756897,1.2699999809265137,0.02391931228339672,-0.14524266123771667,1.287500023841858,-0.03710472956299782,-0.14738422632217407,1.2354999780654907,0.09617584943771362,0.013492867350578308,1.3055000305175781,-0.1641308069229126,-0.032621290534734726,1.4779999256134033,0.14130835235118866,0.21691428124904633,1.1405000686645508,-0.18770356476306915,0.15429432690143585,1.4565000534057617,-0.0008460808894596994,0.22222831845283508,0.9769999980926514,-0.23274515569210052,0.3478616178035736,1.8289999961853027
-0.011348636820912361,-0.10380077362060547,1.2655000686645508,0.017612731084227562,-0.13444527983665466,1.2839999198913574,-0.04089231789112091,-0.1346605122089386,1.2289999723434448,0.08348370343446732,0.01983889751136303,1.3055000305175781,-0.18610703945159912,-0.015691036358475685,1.462499976158142,0.13193300366401672,0.2160225510597229,1.1554999351501465,-0.20851345360279083,0.16810742020606995,1.4535000324249268,-0.0008746588137000799,0.2477363795042038,1.0099999904632568,-0.2036193609237671,0.3286651074886322,1.5799999237060547
-0.011285863816738129,-0.08895229548215866,1.258500099182129,0.017564721405506134,-0.12162979692220688,1.2804999351501465,-0.03872683271765709,-0.12216302007436752,1.2235000133514404,0.0813683494925499,0.024069584906101227,1.3055000305175781,-0.21770918369293213,0.012654280290007591,1.4519999027252197,0.12124352157115936,0.21277444064617157,1.1790000200271606,-0.23913061618804932,0.19401411712169647,1.4535000324249268,0.004216751549392939,0.2725788652896881,1.0555000305175781,-0.19883231818675995,0.35793784260749817,1.5625
-0.009213598445057869,-0.07644283771514893,1.253999948501587,0.017516711726784706,-0.1088823601603508,1.2769999504089355,-0.03651909902691841,-0.10959221422672272,1.215999960899353,0.07507973909378052,0.03043891303241253,1.30649995803833,-0.22828759253025055,0.019610626623034477,1.4444999694824219,0.10892626643180847,0.21087460219860077,1.2120000123977661,-0.26032713055610657,0.22227592766284943,1.4535000324249268,0.00795204658061266,0.283812552690506,1.0989999771118164,-0.18064457178115845,0.3869625926017761,1.5369999408721924
0.0009436833206564188,-0.06612478196620941,1.250999927520752,0.019532207399606705,-0.10032996535301208,1.2734999656677246,-0.02847290225327015,-0.09524847567081451,1.2089999914169312,0.06899183243513107,0.03268046677112579,1.3114999532699585,-0.23824605345726013,0.03108585998415947,1.434000015258789,0.10311395674943924,0.20311607420444489,1.2365000247955322,-0.2791684865951538,0.24347230792045593,1.4535000324249268,0.015596321783959866,0.28625667095184326,1.1370000839233398,-0.16424186527729034,0.386739045381546,1.4789999723434448
0.007019211538136005,-0.055944859981536865,1.25,0.023659218102693558,-0.09001250565052032,1.2734999656677246,-0.020543048158288002,-0.08311475813388824,1.2035000324249268,0.0628553181886673,0.030671892687678337,1.316499948501587,-0.24884605407714844,0.046723369508981705,1.4149999618530273,0.08884625881910324,0.1990465521812439,1.2615000009536743,-0.297394722700119,0.27117329835891724,1.4505000114440918,0.023743273690342903,0.2902354896068573,1.1754999160766602,-0.13898859918117523,0.3888950049877167,1.4170000553131104
0.015120921656489372,-0.0458177849650383,1.25,0.023594195023179054,-0.08153383433818817,1.2699999809265137,-0.00880949292331934,-0.0730900838971138,1.1990000009536743,0.050246357917785645,0.03292965516448021,1.3215000629425049,-0.2554644048213959,0.06669185310602188,1.4010000228881836,0.0749073401093483,0.19511301815509796,1.3034999370574951,-0.30616140365600586,0.2987576127052307,1.4474999904632568,0.024652205407619476,0.2954133450984955,1.2204999923706055,-0.12314421683549881,0.38888871669769287,1.368499994277954
0.023222632706165314,-0.041766952723264694,1.25,0.029767697677016258,-0.07330254465341568,1.2699999809265137,-0.0010383325861766934,-0.06337619572877884,1.1990000009536743,0.0418073907494545,0.03302932530641556,1.3255000114440918,-0.2536872625350952,0.08128564804792404,1.378999948501587,0.06505155563354492,0.19069816172122955,1.3624999523162842,-0.31755921244621277,0.31484898924827576,1.4459999799728394,0.029533306136727333,0.3008907735347748,1.2599999904632568,-0.1073915883898735,0.39322954416275024,1.3380000591278076
0.02727348729968071,-0.03771612048149109,1.25,0.031825531274080276,-0.06712908297777176,1.2699999809265137,0.0067328279837965965,-0.05754786357283592,1.1990000009536743,0.026874031871557236,0.03099806420505047,1.3304998874664307,-0.25387611985206604,0.10103739798069,1.344499945640564,0.04723810777068138,0.19706766307353973,1.4244999885559082,-0.31459444761276245,0.3420841693878174,1.4325000047683716,0.030857615172863007,0.3079836070537567,1.316499948501587,-0.09221545606851578,0.4019015431404114,1.3380000591278076
0.031324341893196106,-0.03366529196500778,1.25,0,0,0,0.012608341872692108,-0.05386371165513992,1.2035000324249268,0.018353454768657684,0.031172804534435272,1.3380000591278076,-0.24367308616638184,0.10505270212888718,1.312999963760376,0.029479635879397392,0.194814994931221,1.4595000743865967,-0.3120553195476532,0.36272093653678894,1.43149995803833,0.030088111758232117,0.32037049531936646,1.378999948501587,-0.08787941932678223,0.4019015431404114,1.3380000591278076
0.057268232107162476,-0.057810042053461075,2.1465001106262207,0,0,0,0.018489262089133263,-0.05590653046965599,1.2055000066757202,-0.005541968625038862,0.03144072741270065,1.3494999408721924,-0.23476828634738922,0.10509862750768661,1.2874999046325684,0.005904650315642357,0.20446892082691193,1.4779999256134033,-0.29971033334732056,0.3682309091091156,1.4170000553131104,0.030840858817100525,0.3238048851490021,1.4134999513626099,-0.07487130910158157,0.4019015431404114,1.3380000591278076
0.08189369738101959,-0.0826684907078743,3.069499969482422,0,0,0,0.026608016341924667,-0.05853179842233658,1.2195000648498535,-0.023240014910697937,0.04275071993470192,1.3615000247955322,-0.22176314890384674,0.10906514525413513,1.2609999179840088,-0.013254274614155293,0.21165348589420319,1.4779999256134033,-0.2802841067314148,0.3812103867530823,1.3889999389648438,0.03350623697042465,0.3228376507759094,1.4294999837875366,-0.05535915493965149,0.3975655138492584,1.3380000591278076
0.08316099643707275,-0.09404892474412918,3.117000102996826,0,0,0,0.027175305411219597,-0.06381595134735107,1.245500087738037,-0.03450962156057358,0.045270487666130066,1.371000051498413,-0.21232539415359497,0.10638393461704254,1.2300000190734863,-0.032511886209249496,0.22430860996246338,1.4824999570846558,-0.2560476064682007,0.3765478730201721,1.3559999465942383,0.031386326998472214,0.3178776502609253,1.438499927520752,-0.04451906308531761,0.38455748558044434,1.3380000591278076
0.07355199754238129,-0.09976715594530106,3.138000011444092,0,0,0,0.027688046917319298,-0.06913243234157562,1.2690000534057617,-0.04825726896524429,0.04342581331729889,1.3830000162124634,-0.20382991433143616,0.10114917159080505,1.215000033378601,-0.05893561244010925,0.2291128784418106,1.4824999570846558,-0.23096859455108643,0.38238951563835144,1.3380000591278076,0.026947543025016785,0.3134785294532776,1.4505000114440918,-0.016432497650384903,0.3715900182723999,1.3459999561309814
0.06878373771905899,-0.13087674975395203,3.1525001525878906,0,0,0,0.023687085136771202,-0.07565706223249435,1.274999976158142,-0.055357735604047775,0.030186235904693604,1.3925000429153442,-0.19398632645606995,0.09130565077066422,1.215000033378601,-0.07575070858001709,0.22190645337104797,1.4824999570846558,-0.2094019204378128,0.3765272796154022,1.3250000476837158,0.005874687805771828,0.2939738929271698,1.4704999923706055,0.0032343214843422174,0.35614508390426636,1.3619999885559082
