-0.1753513514995575,-0.321376770734787,2.430000066757202,-0.14089329540729523,-0.35137975215911865,2.447000026702881,-0.1990722268819809,-0.34233322739601135,2.384000062942505,-0.02590896375477314,-0.13727232813835144,2.447000026702881,-0.336006760597229,-0.2101551592350006,2.5124998092651367,0.06122352555394173,0.10629421472549438,2.805999994277954,-0.5884155631065369,-0.3037900924682617,2.5124998092651367,0.1292353868484497,0.38761207461357117,3.131999969482422,-0.7784314155578613,-0.3828877806663513,2.372000217437744
-0.1671663373708725,-0.31685152649879456,2.42549991607666,-0.13645267486572266,-0.34620797634124756,2.438499927520752,-0.19488179683685303,-0.3417588472366333,2.380000114440918,-0.021943986415863037,-0.13727232813835144,2.447000026702881,-0.33480319380760193,-0.20940238237380981,2.503499984741211,0.07217129319906235,0.09509774297475815,2.880000114440918,-0.5762022137641907,-0.29564791917800903,2.5124998092651367,0.15051378309726715,0.3799329102039337,3.1524999141693115,-0.7745879888534546,-0.3828877806663513,2.372000217437744
-0.162933349609375,-0.31626367568969727,2.4210000038146973,-0.1287611424922943,-0.34677591919898987,2.442500114440918,-0.18974117934703827,-0.3356308043003082,2.364000082015991,-0.017979007214307785,-0.13727232813835144,2.447000026702881,-0.32610294222831726,-0.2130752056837082,2.499000072479248,0.0815044566988945,0.09976430982351303,2.880000114440918,-0.5721889138221741,-0.29358869791030884,2.494999885559082,0.168862983584404,0.3972652554512024,3.2100000381469727,-0.7668452858924866,-0.3924226760864258,2.3600001335144043
-0.1579267978668213,-0.3102121353149414,2.4045000076293945,-0.12831304967403412,-0.3416252136230469,2.434000015258789,-0.1846524029970169,-0.3333592116832733,2.3480000495910645,-0.017979007214307785,-0.141237273812294,2.447000026702881,-0.32440653443336487,-0.21196676790714264,2.4860000610351562,0.0815044566988945,0.09509774297475815,2.880000114440918,-0.5721899271011353,-0.31160134077072144,2.4774999618530273,0.1740642786026001,0.3972652554512024,3.2100000381469727,-0.762995183467865,-0.4036586582660675,2.3364999294281006
-0.15631765127182007,-0.30319491028785706,2.380000114440918,-0.123934805393219,-0.34043216705322266,2.42549991607666,-0.1843378245830536,-0.32899320125579834,2.3439998626708984,-0.014014030806720257,-0.12934240698814392,2.447000026702881,-0.32042649388313293,-0.2014087736606598,2.4555001258850098,0.0815044566988945,0.10443085432052612,2.880000114440918,-0.5541121363639832,-0.29847002029418945,2.4685001373291016,0.1792655885219574,0.40766775608062744,3.2100000381469727,-0.7368089556694031,-0.40888839960098267,2.302000045776367
-0.15552949905395508,-0.3016662001609802,2.368000030517578,-0.12370487302541733,-0.3398005962371826,2.4210000038146973,-0.18311886489391327,-0.32681769132614136,2.3284997940063477,-0.017945945262908936,-0.12910455465316772,2.442500114440918,-0.3255086839199066,-0.19570137560367584,2.434000015258789,0.07530378550291061,0.10691925138235092,2.822499990463257,-0.546212375164032,-0.30429694056510925,2.4509999752044678,0.178874671459198,0.4119687080383301,3.203000068664551,-0.7185266017913818,-0.42705315351486206,2.2795000076293945
-0.15424874424934387,-0.2953766882419586,2.3485000133514404,-0.12786494195461273,-0.33257195353507996,2.42549991607666,-0.18131010234355927,-0.31611818075180054,2.305500030517578,-0.021751178428530693,-0.12820596992969513,2.42549991607666,-0.32437193393707275,-0.19501793384552002,2.42549991607666,0.06615694612264633,0.11606602370738983,2.822499990463257,-0.5463677644729614,-0.310074120759964,2.434000015258789,0.1618262231349945,0.4185245931148529,3.1740000247955322,-0.7113835215568542,-0.4470467269420624,2.2685000896453857
-0.15296798944473267,-0.2891503572463989,2.3289999961853027,-0.12762771546840668,-0.32803213596343994,2.4210000038146973,-0.1798158884048462,-0.31351301074028015,2.2864999771118164,-0.025638967752456665,-0.1240709125995636,2.4214999675750732,-0.3198472857475281,-0.19073329865932465,2.4210000038146973,0.051489222794771194,0.11845958232879639,2.7715001106262207,-0.534066915512085,-0.30918002128601074,2.3965001106262207,0.14508280158042908,0.41986337304115295,3.1455001831054688,-0.7003563046455383,-0.46910107135772705,2.2685000896453857
-0.14868173003196716,-0.28439638018608093,2.321000099182129,-0.12370487302541733,-0.3241093158721924,2.4210000038146973,-0.17553330957889557,-0.3087919354438782,2.2790000438690186,-0.025421911850571632,-0.11913013458251953,2.4010000228881836,-0.322165310382843,-0.17807775735855103,2.4089999198913574,0.04233895242214203,0.12246233224868774,2.760499954223633,-0.5157592296600342,-0.3067927360534668,2.3485000133514404,0.13366705179214478,0.4261603057384491,3.117000102996826,-0.6819775700569153,-0.4985068440437317,2.2685000896453857
-0.14467115700244904,-0.280151903629303,2.316999912261963,-0.123934805393219,-0.32471174001693726,2.42549991607666,-0.17468607425689697,-0.3036265969276428,2.2680001258850098,-0.021495601162314415,-0.11116379499435425,2.3970000743865967,-0.3150251507759094,-0.1724029928445816,2.384500026702881,0.033326514065265656,0.1311463713645935,2.755000114440918,-0.5005754232406616,-0.3097178339958191,2.313499927520752,0.11851523816585541,0.4312109053134918,3.117000102996826,-0.6488958597183228,-0.5095340013504028,2.2685000896453857
-0.14445261657238007,-0.2759800851345062,2.313499927520752,-0.12000466883182526,-0.3207816183567047,2.42549991607666,-0.17383882403373718,-0.2984968423843384,2.256999969482422,-0.025379560887813568,-0.11116379499435425,2.3970000743865967,-0.30900830030441284,-0.16353614628314972,2.368000030517578,0.03287893161177635,0.13378912210464478,2.7179999351501465,-0.48446476459503174,-0.3066387474536896,2.2905001640319824,0.10289915651082993,0.4443577527999878,3.1029999256134033,-0.6219220161437988,-0.529436469078064,2.2909998893737793
-0.14024782180786133,-0.2750854194164276,2.305999994277954,-0.12042522430419922,-0.32190579175949097,2.434000015258789,-0.17356924712657928,-0.2980339527130127,2.253499984741211,-0.025379560887813568,-0.10727986693382263,2.3970000743865967,-0.3074423670768738,-0.1627074033021927,2.3559999465942383,0.027825307101011276,0.13504087924957275,2.6560001373291016,-0.46214473247528076,-0.3004806637763977,2.2720000743865967,0.08723524212837219,0.4464167654514313,3.0824999809265137,-0.5856934189796448,-0.530245304107666,2.2944998741149902
-0.13976126909255981,-0.2778545916080475,2.297999858856201,-0.11669666320085526,-0.3264521062374115,2.438499927520752,-0.16859829425811768,-0.29571953415870667,2.2360000610351562,-0.025289563462138176,-0.1030292809009552,2.388500213623047,-0.3063984513282776,-0.1583503782749176,2.3480000495910645,0.023300277069211006,0.14655905961990356,2.63100004196167,-0.44683173298835754,-0.2976372241973877,2.250500202178955,0.07624345272779465,0.45541343092918396,3.0425000190734863,-0.543965756893158,-0.5257242918014526,2.2909998893737793
-0.1355937421321869,-0.28065913915634155,2.2904999256134033,-0.1133233979344368,-0.328125536441803,2.4509999752044678,-0.1634257733821869,-0.29653123021125793,2.2149999141693115,-0.02127140946686268,-0.11000439524650574,2.372000217437744,-0.2981477379798889,-0.15602366626262665,2.313499927520752,0.02325599640607834,0.14202553033828735,2.625999927520752,-0.43172767758369446,-0.2839585840702057,2.2290000915527344,0.07624345272779465,0.45541343092918396,3.0425000190734863,-0.4845704436302185,-0.5220121145248413,2.2909998893737793
-0.1201682761311531,-0.28300485014915466,2.2795000076293945,-0.09346611052751541,-0.33209699392318726,2.4509999752044678,-0.14456097781658173,-0.30178970098495483,2.2009999752044678,-0.005897601135075092,-0.10231754183769226,2.372000217437744,-0.2730639576911926,-0.15248306095600128,2.261000156402588,0.031645067036151886,0.14996229112148285,2.616000175476074,-0.4068378210067749,-0.28531256318092346,2.2114999294281006,0.07557937502861023,0.466107577085495,3.0160000324249268,-0.3620677590370178,-0.5108755826950073,2.2909998893737793
-0.104700468480587,-0.28114256262779236,2.264500141143799,-0.0819842740893364,-0.3298659026622772,2.4639999866485596,-0.1332232654094696,-0.2968006730079651,2.190500020980835,0.00947620626538992,-0.09463068842887878,2.372000217437744,-0.25635236501693726,-0.14763471484184265,2.243000030517578,0.04860033094882965,0.14996229112148285,2.616000175476074,-0.3864588141441345,-0.27638503909111023,2.197499990463257,0.0902402326464653,0.4758813977241516,3.0160000324249268,-0.3067019581794739,-0.48758402466773987,2.321499824523926
-0.08972524851560593,-0.27655431628227234,2.256999969482422,-0.07050392031669617,-0.3322087228298187,2.4815001487731934,-0.12218348681926727,-0.29231420159339905,2.183500051498413,0.020864861086010933,-0.09399235993623734,2.3559999465942383,-0.24181464314460754,-0.1440003216266632,2.243000030517578,0.057077959179878235,0.16691744327545166,2.616000175476074,-0.3663066625595093,-0.2817002236843109,2.183500051498413,0.10089290887117386,0.4899224638938904,3.0425000190734863,-0.26095062494277954,-0.4691568613052368,2.420499801635742
-0.07486388832330704,-0.2720508575439453,2.25,-0.050399526953697205,-0.3322087228298187,2.4815001487731934,-0.10401484370231628,-0.2909754812717438,2.1735000610351562,0.04319410026073456,-0.08522108197212219,2.325000047683716,-0.2196647673845291,-0.140146866440773,2.239500045776367,0.08251085132360458,0.17963381111621857,2.616000175476074,-0.3423919081687927,-0.27950701117515564,2.1665000915527344,0.13160865008831024,0.5091080665588379,3.069000005722046,-0.2128700166940689,-0.4513143301010132,2.4089999198913574
-0.056194551289081573,-0.26993489265441895,2.2325000762939453,-0.02627425268292427,-0.32818785309791565,2.4815001487731934,-0.0860082358121872,-0.2861311435699463,2.1635000705718994,0.06141694262623787,-0.0806480199098587,2.302000045776367,-0.20258481800556183,-0.13481129705905914,2.2115001678466797,0.10815005004405975,0.18422403931617737,2.621000051498413,-0.3150997459888458,-0.27753084897994995,2.124500036239624,0.15716110169887543,0.5363209247589111,3.0824999809265137,-0.1838819831609726,-0.42920762300491333,2.2909998893737793
-0.030679048970341682,-0.2610527276992798,2.2184998989105225,-0.002141182078048587,-0.322991281747818,2.4724998474121094,-0.06136952340602875,-0.28216835856437683,2.1600000858306885,0.08006707578897476,-0.07691802084445953,2.302000045776367,-0.17199097573757172,-0.13331778347492218,2.187000036239624,0.12731008231639862,0.19174273312091827,2.6665000915527344,-0.2945219576358795,-0.2645311653614044,2.0764999389648438,0.17794445157051086,0.5538088083267212,3.0964999198913574,-0.17477217316627502,-0.4079439640045166,2.177500009536743
