0,0,0,0,0,0,0.44105616211891174,-0.5187389850616455,2.070499897003174,0.18492113053798676,-0.4321182668209076,1.9520000219345093,0.2203417718410492,-0.3557734787464142,1.8509999513626099,0,0,0,0.15251176059246063,-0.09191956371068954,1.7940000295639038,0,0,0,0.3275024890899658,-0.024599695578217506,1.991999864578247
0,0,0,0,0,0,0.4444110691547394,-0.5187389850616455,2.070499897003174,0.1975727677345276,-0.4226296544075012,1.9520000219345093,0.2108302116394043,-0.3549085557460785,1.8464999198913574,0,0,0,0.13890022039413452,-0.09838704764842987,1.805999994277954,0,0,0,0.3250937759876251,-0.018750013783574104,2.058499813079834
0.4243818521499634,-0.47405916452407837,2.0230000019073486,0,0,0,0.4444139897823334,-0.5115259289741516,2.055000066757202,0.21566270291805267,-0.41144776344299316,1.944000005722046,0.20733174681663513,-0.3510589897632599,1.8420000076293945,0.21559768915176392,-0.16929656267166138,2.064000129699707,0.13407891988754272,-0.09620072692632675,1.8199999332427979,0,0,0,0.31508737802505493,-0.002072748728096485,2.058499813079834
0.42312318086624146,-0.45958030223846436,2.0169999599456787,0,0,0,0.45374003052711487,-0.5008043646812439,2.052000045776367,0.2192223221063614,-0.4032571017742157,1.9199999570846558,0.20136240124702454,-0.3450896739959717,1.8420000076293945,0.2095281183719635,-0.1638215035200119,2.0374999046325684,0.11884677410125732,-0.08619020134210587,1.8585000038146973,0,0,0,0.30508095026016235,0.017939969897270203,2.058499813079834
0.4309377670288086,-0.45439156889915466,2.0230000019073486,0,0,0,0.44920700788497925,-0.4859260618686676,2.0314998626708984,0.21932260692119598,-0.38858962059020996,1.8940000534057617,0.1973007619380951,-0.337279349565506,1.8320000171661377,0.2015707641839981,-0.15044227242469788,1.991499900817871,0.11403809487819672,-0.08103013783693314,1.878499984741211,0,0,0,0.29840996861457825,0.03128178045153618,2.058499813079834
0,0,0,0,0,0,0.4460392892360687,-0.4627658724784851,2.002500057220459,0.22731852531433105,-0.36935991048812866,1.8589999675750732,0.19327153265476227,-0.32362931966781616,1.8220000267028809,0.20104415714740753,-0.1476849913597107,1.9549999237060547,0.11143743991851807,-0.08440960198640823,1.8860000371932983,0.2681974768638611,-0.03523200377821922,1.871000051498413,0.27172622084617615,0.04795904830098152,2.058499813079834
0.44077160954475403,-0.43144604563713074,2.0230000019073486,0,0,0,0.45060789585113525,-0.4511087238788605,1.99399995803833,0.23114636540412903,-0.35991522669792175,1.8415000438690186,0.19917605817317963,-0.3147725760936737,1.8220000267028809,0.19595330953598022,-0.15252360701560974,1.9359999895095825,0.11449339985847473,-0.08440960198640823,1.8860000371932983,0,0,0,0.18104980885982513,0.03739004209637642,1.500499963760376
0.44404956698417664,-0.4216122329235077,2.0230000019073486,0,0,0,0.4524732530117035,-0.4465301036834717,1.9879999160766602,0.23685652017593384,-0.35952430963516235,1.8394999504089355,0.2021283209323883,-0.30591583251953125,1.8220000267028809,0.18889553844928741,-0.15501736104488373,1.9279999732971191,0.12076520174741745,-0.07840149849653244,1.8884999752044678,0.2469758540391922,-0.09889646619558334,1.871000051498413,0.1761871725320816,0.049546584486961365,1.500499963760376
0.44993725419044495,-0.4078947603702545,2.0199999809265137,0,0,0,0.4524853825569153,-0.4241943359375,1.9739999771118164,0.2326045036315918,-0.3575698435306549,1.8294999599456787,0.2104640156030655,-0.2904355227947235,1.8174999952316284,0.16011223196983337,-0.1419299691915512,1.9199999570846558,0.12398914992809296,-0.060120996087789536,1.8910000324249268,0.2378808706998825,-0.10192811489105225,1.871000051498413,0.18104980885982513,0.06656573712825775,1.500499963760376
0.4551275074481964,-0.39036643505096436,2.0139999389648438,0,0,0,0.4608011841773987,-0.4042726457118988,1.9549999237060547,0.22574642300605774,-0.35019952058792114,1.8220000267028809,0.21288059651851654,-0.2750281095504761,1.812999963760376,0.1592366248369217,-0.13805976510047913,1.9094998836517334,0.13028930127620697,-0.0417918935418129,1.8935000896453857,0.22878588736057281,-0.0807066261768341,1.871000051498413,0.17861849069595337,0.08115358650684357,1.500499963760376
0.4460392892360687,-0.35893499851226807,2.002500057220459,0,0,0,0.4550585448741913,-0.3767985999584198,1.944000005722046,0.22279416024684906,-0.3383905291557312,1.8220000267028809,0.21581828594207764,-0.26033979654312134,1.812999963760376,0.15881967544555664,-0.1315264254808426,1.9045000076293945,0.13066774606704712,-0.023451216518878937,1.8989999294281006,0.2394307255744934,-0.05137323588132858,1.9075000286102295,0.11307447403669357,0.05832476541399956,0.9629999995231628
0.4492519795894623,-0.33700862526893616,1.9879999160766602,0,0,0,0.4544371962547302,-0.34870535135269165,1.9279999732971191,0.21393737196922302,-0.3354383111000061,1.8220000267028809,0.2123522162437439,-0.23625066876411438,1.808500051498413,0,0,0,0.1370379477739334,-0.011160779744386673,1.9019999504089355,0,0,0,0.11619524657726288,0.06612665951251984,0.9629999995231628
0,0,0,0,0,0,0,0,0,0.20508058369159698,-0.3177248239517212,1.8220000267028809,0.20035330951213837,-0.1803240031003952,1.805999994277954,0,0,0,0.13121820986270905,0.050609342753887177,1.906999945640564,0,0,0,0.10705478489398956,0.08033657819032669,0.9649999737739563
0,0,0,0,0,0,0,0,0,0.19136382639408112,-0.28978416323661804,1.8320000171661377,0.20277315378189087,-0.1506844162940979,1.8015000820159912,0,0,0,0.13173428177833557,0.07562538236379623,1.9144999980926514,0,0,0,0.12112746387720108,0.08659105747938156,0.9649999737739563
0,0,0,0,0,0,0,0,0,0.18664148449897766,-0.29168230295181274,1.843999981880188,0.19056658446788788,-0.1269787698984146,1.7964999675750732,0,0,0,0.12883369624614716,0.09127882122993469,1.9175000190734863,0,0,0,0.1226910874247551,0.08815468102693558,0.9649999737739563
0,0,0,0,0,0,0,0,0,0.17582663893699646,-0.2845584452152252,1.8559999465942383,0.18765562772750854,-0.10369135439395905,1.7964999675750732,0,0,0,0.12035410106182098,0.10130804777145386,1.930999994277954,0,0,0,0.12112746387720108,0.09440916031599045,0.9649999737739563
0,0,0,0,0,0,0,0,0,0.16208936274051666,-0.25654181838035583,1.871000051498413,0.17310090363025665,-0.08913672715425491,1.7964999675750732,0,0,0,0.10811781138181686,0.11098126322031021,1.9359999895095825,0,0,0,0.1336364895105362,0.09440916031599045,0.9649999737739563
0,0,0,0,0,0,0,0,0,0.1454760581254959,-0.2562878131866455,1.8914999961853027,0.16208623349666595,-0.06610589474439621,1.8034999370574951,0,0,0,0.10498081892728806,0.12666606903076172,1.9359999895095825,0,0,0,0.1254923939704895,0.09572415053844452,0.9624999761581421
0,0,0,0,0,0,0,0,0,0.13027822971343994,-0.2532983124256134,1.938999891281128,0.1539144515991211,-0.051694419234991074,1.810499906539917,0,0,0,0.09571797400712967,0.13942964375019073,1.9390000104904175,0,0,0,0.12335338443517685,0.0875152125954628,0.9579999446868896
0,0,0,0,0,0,0,0,0,0.12035162001848221,-0.23970702290534973,1.9824999570846558,0.13426309823989868,-0.022506501525640488,1.8224999904632568,0,0,0,0.09269548207521439,0.15848465263843536,1.941499948501587,0,0,0,0.12018606066703796,0.08746954053640366,0.9574999809265137
