-0.0771736279129982,-0.13445542752742767,1.1749999523162842,-0.054475199431180954,-0.17533087730407715,1.2209999561309814,-0.1086077019572258,-0.15973874926567078,1.1649999618530273,0.05793524906039238,-0.047330789268016815,1.3509999513626099,-0.20119662582874298,-0.04774750769138336,1.247499942779541,0.11934500187635422,0.16497524082660675,1.4890000820159912,-0.21632522344589233,0.0454561673104763,1.0635000467300415,0.2788622975349426,0.6237474679946899,2.4774999618530273,-0.2147570550441742,0.08228394389152527,0.9169999957084656
-0.06776927411556244,-0.13659143447875977,1.1770000457763672,-0.04669491946697235,-0.17781755328178406,1.2244999408721924,-0.10140387713909149,-0.16407552361488342,1.1689999103546143,0.06238260120153427,-0.05176633596420288,1.3524999618530273,-0.19419468939304352,-0.050048135221004486,1.254499912261963,0.13507935404777527,0.16409100592136383,1.503000020980835,-0.21145334839820862,0.04724593088030815,1.065000057220459,0.3053895831108093,0.6454190015792847,2.5309998989105225,-0.2069886326789856,0.08363275229930878,0.9154999852180481
-0.05637427419424057,-0.13861623406410217,1.1779999732971191,-0.03696958348155022,-0.1807560920715332,1.2309999465942383,-0.09050093591213226,-0.16491766273975372,1.1749999523162842,0.07128016650676727,-0.05625312775373459,1.3550000190734863,-0.18498463928699493,-0.05030745267868042,1.2609999179840088,0.14852990210056305,0.15814101696014404,1.5160000324249268,-0.20474274456501007,0.05419938266277313,1.065999984741211,0.33772724866867065,0.644140362739563,2.558499813079834,-0.1966046839952469,0.09253323823213577,0.9154999852180481
-0.04690996930003166,-0.1388515830039978,1.1800000667572021,-0.02515406347811222,-0.1818573772907257,1.2384999990463257,-0.08139495551586151,-0.16958704590797424,1.180999994277954,0.08240974694490433,-0.058556511998176575,1.3574999570846558,-0.17744262516498566,-0.04843645542860031,1.2655000686645508,0.16418395936489105,0.15655750036239624,1.5245000123977661,-0.20330113172531128,0.0681132823228836,1.0674999952316284,0.35908591747283936,0.6452733278274536,2.562999963760376,-0.17959778010845184,0.10695691406726837,0.9120000004768372
-0.035528041422367096,-0.1430383026599884,1.183000087738037,-0.013150361366569996,-0.18438377976417542,1.2420001029968262,-0.07015000283718109,-0.16824132204055786,1.184999942779541,0.09351103752851486,-0.05862121656537056,1.3589999675750732,-0.1654655933380127,-0.048532139509916306,1.2680000066757202,0.18000328540802002,0.15246246755123138,1.5329999923706055,-0.19885432720184326,0.08399418741464615,1.0715000629425049,0.37569770216941833,0.6369675397872925,2.562999963760376,-0.1722090244293213,0.12173434346914291,0.9120000004768372
-0.022184748202562332,-0.14352193474769592,1.187000036239624,0.0009391573257744312,-0.18482914566993713,1.2450000047683716,-0.05492786318063736,-0.17059221863746643,1.187999963760376,0.10723375529050827,-0.06111416220664978,1.3654999732971191,-0.1532588005065918,-0.04651421681046486,1.2690000534057617,0.19323910772800446,0.15310892462730408,1.5394999980926514,-0.1945493370294571,0.10531757026910782,1.0764999389648438,0.39793190360069275,0.6309919357299805,2.572499990463257,-0.1518212854862213,0.11882130056619644,0.8795000314712524
-0.008780104108154774,-0.14448922872543335,1.1950000524520874,0.015102776698768139,-0.1853487342596054,1.2484999895095825,-0.041627563536167145,-0.17324323952198029,1.1929999589920044,0.12330596894025803,-0.06140507757663727,1.371999979019165,-0.14114360511302948,-0.04452807456254959,1.2709999084472656,0.21319521963596344,0.15560340881347656,1.5394999980926514,-0.18729516863822937,0.13427813351154327,1.0850000381469727,0.4176674485206604,0.6188559532165527,2.5915000438690186,-0.12985163927078247,0.13530409336090088,0.875499963760376
0.006744058337062597,-0.14716072380542755,1.2009999752044678,0.03134940192103386,-0.18571987748146057,1.250999927520752,-0.026272675022482872,-0.17591048777103424,1.1979999542236328,0.13679401576519012,-0.06369773298501968,1.3734999895095825,-0.1252564787864685,-0.04266911745071411,1.2769999504089355,0.2256678193807602,0.1506144106388092,1.5394999980926514,-0.18150892853736877,0.1475977897644043,1.0924999713897705,0.4260656535625458,0.6104577779769897,2.5915000438690186,-0.10431667417287827,0.15658311545848846,0.875499963760376
0.022330883890390396,-0.14728325605392456,1.2020000219345093,0.04557513818144798,-0.1878969818353653,1.2519999742507935,-0.010770219378173351,-0.17440496385097504,1.2009999752044678,0.14824481308460236,-0.06383686512708664,1.3765000104904175,-0.1139901652932167,-0.03892303630709648,1.2899999618530273,0.23814038932323456,0.15310892462730408,1.5394999980926514,-0.16849596798419952,0.16999945044517517,1.100000023841858,0.4377330541610718,0.6150512099266052,2.6110000610351562,-0.08161891996860504,0.17502491176128387,0.875499963760376
0.04774945601820946,-0.14954125881195068,1.2044999599456787,0.07403558492660522,-0.18804706633090973,1.253000020980835,0.014594714157283306,-0.17715860903263092,1.2065000534057617,0.17966601252555847,-0.06613925099372864,1.378000020980835,-0.08963093161582947,-0.022381916642189026,1.3004999160766602,0.2580965459346771,0.15560340881347656,1.5394999980926514,-0.14214123785495758,0.1889159083366394,1.1169999837875366,0.4419637620449066,0.6150512099266052,2.6110000610351562,-0.04189785569906235,0.2062341272830963,0.875499963760376
0.06153883412480354,-0.14985164999961853,1.2070000171661377,0.08849410712718964,-0.18857233226299286,1.256500005722046,0.028337910771369934,-0.17752569913864136,1.2089999914169312,0.19083015620708466,-0.06837206333875656,1.378000020980835,-0.07559987157583237,-0.020469550043344498,1.312999963760376,0.2675521969795227,0.150320902466774,1.5364999771118164,-0.12720397114753723,0.18728673458099365,1.128999948501587,0.4377330541610718,0.6192819476127625,2.6110000610351562,-0.029130369424819946,0.21758292615413666,0.875499963760376
0.07149485498666763,-0.15022410452365875,1.2100000381469727,0.09887023270130157,-0.18894751369953156,1.2589999437332153,0.040091872215270996,-0.17948468029499054,1.2089999914169312,0.2021408975124359,-0.06618724018335342,1.378999948501587,-0.06772854924201965,-0.018516676500439644,1.3255000114440918,0.27597561478614807,0.15444105863571167,1.527999997138977,-0.11809686571359634,0.17823363840579987,1.1655000448226929,0.43446388840675354,0.6188559532165527,2.5915000438690186,-0.03097701445221901,0.22835898399353027,0.9309999942779541
0.08339615911245346,-0.1524362564086914,1.2120000123977661,0.1111985519528389,-0.19113922119140625,1.2599999904632568,0.04996936395764351,-0.17978158593177795,1.2109999656677246,0.2155476063489914,-0.06618724018335342,1.378999948501587,-0.06170137599110603,-0.018642401322722435,1.3344999551773071,0.28428885340690613,0.16096822917461395,1.5195000171661377,-0.10762792080640793,0.17836792767047882,1.2179999351501465,0.4264460802078247,0.6175253391265869,2.56850004196167,-0.016838982701301575,0.24676759541034698,0.9865000247955322
0.09344616532325745,-0.1547822654247284,1.215000033378601,0.11945980787277222,-0.1933341771364212,1.2610000371932983,0.057818301022052765,-0.1817438006401062,1.2109999656677246,0.22671985626220703,-0.06618724018335342,1.378999948501587,-0.05331039056181908,-0.02090606838464737,1.340999960899353,0.29109933972358704,0.1655648797750473,1.5164999961853027,-0.09519469738006592,0.17874765396118164,1.2625000476837158,0.3236236572265625,0.4779600203037262,1.9880000352859497,-0.007531051058322191,0.25639814138412476,1.024999976158142
0.10148781538009644,-0.15306511521339417,1.2170000076293945,0.12568916380405426,-0.1934874951839447,1.2620000839233398,0.06582991778850555,-0.18022696673870087,1.2139999866485596,0.23789212107658386,-0.06395280361175537,1.378999948501587,-0.04473533481359482,-0.023139171302318573,1.3445000648498535,0.30178511142730713,0.16469146311283112,1.5084999799728394,-0.08282532542943954,0.17491267621517181,1.3264999389648438,0.22695684432983398,0.34430599212646484,1.4225000143051147,-0.0009166598320007324,0.25791752338409424,1.058500051498413
0.10740368068218231,-0.15306511521339417,1.2170000076293945,0.13386864960193634,-0.1934874951839447,1.2620000839233398,0.06982157379388809,-0.18234412372112274,1.215000033378601,0.25576773285865784,-0.06395280361175537,1.378999948501587,-0.03393068537116051,-0.027567824348807335,1.3480000495910645,0.30887725949287415,0.15600256621837616,1.4954999685287476,-0.07110092043876648,0.176719531416893,1.3914999961853027,0.22165128588676453,0.3397071659564972,1.403499960899353,0.004690162371844053,0.2822560667991638,1.1740000247955322
0.11331954598426819,-0.15306511521339417,1.2170000076293945,0.14204813539981842,-0.1934874951839447,1.2620000839233398,0.07769644260406494,-0.18037542700767517,1.215000033378601,0.26199525594711304,-0.06383686512708664,1.3765000104904175,-0.027438951656222343,-0.027629176154732704,1.3510000705718994,0.31927624344825745,0.15757828950881958,1.4874999523162842,-0.06581634283065796,0.17155735194683075,1.4235000610351562,0.2239254266023636,0.34198129177093506,1.403499960899353,0.01358264684677124,0.3075063228607178,1.2964999675750732
0.1170707568526268,-0.15281358361244202,1.215000033378601,0.14613787829875946,-0.1934874951839447,1.2620000839233398,0.08360258489847183,-0.18234412372112274,1.215000033378601,0.27427735924720764,-0.06358179450035095,1.371000051498413,-0.018772508949041367,-0.029961705207824707,1.3574999570846558,0.33021384477615356,0.1618528962135315,1.4824999570846558,-0.05066489428281784,0.1726393699645996,1.4519999027252197,0.2239254266023636,0.3397071659564972,1.403499960899353,0.022825149819254875,0.3170658349990845,1.3459999561309814
0.12267325818538666,-0.15440009534358978,1.2120000123977661,0.15431737899780273,-0.19553235173225403,1.2620000839233398,0.08754001557826996,-0.18234412372112274,1.215000033378601,0.27981477975845337,-0.06332672387361526,1.3654999732971191,-0.00779448077082634,-0.0344494991004467,1.3609999418258667,0.3386763632297516,0.16370107233524323,1.4774999618530273,-0.04932698234915733,0.1666571944952011,1.4824999570846558,0.2239254266023636,0.3397071659564972,1.403499960899353,0.025619208812713623,0.32037049531936646,1.378999948501587
0.12845873832702637,-0.15427269041538239,1.2109999656677246,0.1582815945148468,-0.1933341771364212,1.2610000371932983,0.09541488438844681,-0.18234412372112274,1.215000033378601,0.28803086280822754,-0.058772191405296326,1.3624999523162842,-0.001178624341264367,-0.036654770374298096,1.3609999418258667,0.3455073833465576,0.17310132086277008,1.4759999513626099,-0.04248986765742302,0.16811859607696533,1.4954999685287476,0.22165128588676453,0.3374330401420593,1.403499960899353,0.030349938198924065,0.3209044635295868,1.3910000324249268
