-0.004355137702077627,0.06251155585050583,1.0605000257492065,0.025159068405628204,0.03877777233719826,0.9430000185966492,-0.024875881150364876,0.030659114941954613,0.9284999966621399,0.08080402761697769,0.009823799133300781,0.9505000114440918,-0.15704524517059326,-0.03617018088698387,1.0824999809265137,0.12278427928686142,0.20522482693195343,1.3420000076293945,-0.2552684545516968,0.16579286754131317,1.1710000038146973,0.04298996552824974,0.2551049292087555,1.2359999418258667,-0.10096340626478195,0.2421310842037201,1.064500093460083
-0.007670651655644178,0.05984733626246452,1.0440000295639038,0.022056221961975098,0.03717079386115074,0.9409999847412109,-0.026366163045167923,0.03064260445535183,0.9279999732971191,0.08169665187597275,0.008375181816518307,0.9609999656677246,-0.15916602313518524,-0.03801177442073822,1.0850000381469727,0.12278427928686142,0.20305036008358002,1.3420000076293945,-0.2552684545516968,0.16389545798301697,1.1710000038146973,0.04298996552824974,0.2551049292087555,1.2359999418258667,-0.10539397597312927,0.2426646202802658,1.0745000839233398
-0.0076486095786094666,0.05967535823583603,1.0410000085830688,0.022009344771504402,0.03709179162979126,0.9390000104904175,-0.02785482443869114,0.02912323921918869,0.9275000095367432,0.09386628866195679,0.007687149103730917,1.0835000276565552,-0.1594594120979309,-0.03808184340596199,1.0870000123977661,0.1226927861571312,0.20507189631462097,1.340999960899353,-0.2550504505634308,0.16185970604419708,1.1699999570846558,0.04298996552824974,0.2551049292087555,1.2359999418258667,-0.1091294065117836,0.2414841204881668,1.0770000219345093
-0.010953339748084545,0.05930274352431297,1.034500002861023,0.015914861112833023,0.035551365464925766,0.9385000467300415,-0.030794015154242516,0.03056005761027336,0.9255000352859497,0.10361243784427643,0.0065473890863358974,1.1959999799728394,-0.1629820317029953,-0.03103663958609104,1.0870000123977661,0.1226927861571312,0.20507189631462097,1.340999960899353,-0.2552684545516968,0.16010063886642456,1.1710000038146973,0.03898448124527931,0.2551049292087555,1.2359999418258667,-0.11261962354183197,0.23973901569843292,1.0770000219345093
-0.01088451687246561,0.058930132538080215,1.027999997138977,0.015906382352113724,0.03553242236375809,0.9380000233650208,-0.03072746843099594,0.03199039399623871,0.9235000014305115,0.10361243784427643,0.0065473890863358974,1.1959999799728394,-0.16129489243030548,-0.031050918623805046,1.0875000953674316,0.12472598254680634,0.20701295137405396,1.3394999504089355,-0.2571658790111542,0.15440841019153595,1.1710000038146973,0.034978993237018585,0.25911039113998413,1.2359999418258667,-0.12151417136192322,0.2348303347826004,1.0785000324249268
-0.012550229206681252,0.058930132538080215,1.027999997138977,0.014355827122926712,0.03545665740966797,0.9359999895095825,-0.03370198234915733,0.030477505177259445,0.9229999780654907,0.10175952315330505,0.00849240180104971,1.1970000267028809,-0.16136904060840607,-0.03282811492681503,1.0880000591278076,0.124586321413517,0.20894916355609894,1.3380000591278076,-0.2607378363609314,0.15238074958324432,1.1699999570846558,0.034978993237018585,0.25911039113998413,1.2359999418258667,-0.12616834044456482,0.23171651363372803,1.0885000228881836
-0.014215940609574318,0.060595832765102386,1.027999997138977,0.01583855226635933,0.03538089618086815,0.9340000152587891,-0.035197559744119644,0.03197307139635086,0.9229999780654907,0.10369907319545746,0.00849240180104971,1.1970000267028809,-0.1631319671869278,-0.03282811492681503,1.0880000591278076,0.12218957394361496,0.20855873823165894,1.3355000019073486,-0.2607378363609314,0.14858917891979218,1.1699999570846558,0.03502144664525986,0.2594248354434967,1.2374999523162842,-0.13029159605503082,0.23278088867664337,1.093500018119812
-0.01595889776945114,0.06256436556577682,1.0329999923706055,0.014325153082609177,0.03538089618086815,0.9340000152587891,-0.03667325899004936,0.03195575252175331,0.9225000143051147,0.10369907319545746,0.01043193880468607,1.1970000267028809,-0.16504646837711334,-0.032858286052942276,1.0889999866485596,0.12388795614242554,0.20777790248394012,1.3304998874664307,-0.2666529715061188,0.14681878685951233,1.1710000038146973,0.03502144664525986,0.2594248354434967,1.2374999523162842,-0.13383527100086212,0.23100905120372772,1.093500018119812
-0.017692454159259796,0.06109686568379402,1.0364999771118164,0.011298352852463722,0.03538089618086815,0.9340000152587891,-0.039662789553403854,0.03345050662755966,0.9225000143051147,0.10369907319545746,0.01043193880468607,1.1970000267028809,-0.16519802808761597,-0.03465462103486061,1.090000033378601,0.12365517765283585,0.21169109642505646,1.3279999494552612,-0.26710841059684753,0.14516890048980713,1.1730000972747803,0.03903179243206978,0.2614299952983856,1.2374999523162842,-0.14169587194919586,0.22693192958831787,1.0994999408721924
-0.031023217365145683,0.059216756373643875,1.0329999923706055,0.002217956120148301,0.03840767964720726,0.9340000152587891,-0.04863138124346733,0.03046099655330181,0.9225000143051147,0.09973658621311188,0.01623697392642498,1.1959999799728394,-0.17049655318260193,-0.038186945021152496,1.090000033378601,0.12136612832546234,0.21575070917606354,1.3264999389648438,-0.27090972661972046,0.13946695625782013,1.1730000972747803,0.03301627188920975,0.26343515515327454,1.2374999523162842,-0.15060371160507202,0.2233688086271286,1.0994999408721924
-0.03576551377773285,0.060419000685214996,1.0250000953674316,-0.0023222423624247313,0.036894287914037704,0.9340000152587891,-0.054580848664045334,0.030444486066699028,0.921999990940094,0.10167450457811356,0.020112808793783188,1.1959999799728394,-0.17065297067165375,-0.03822198137640953,1.0910000801086426,0.1212288960814476,0.21765370666980743,1.3250000476837158,-0.2728103995323181,0.13946695625782013,1.1730000972747803,0.031048689037561417,0.2637544870376587,1.2389999628067017,-0.15416684746742249,0.2233688086271286,1.0994999408721924
-0.042367540299892426,0.057041607797145844,1.0239999294281006,-0.00839377660304308,0.03394002839922905,0.9359999895095825,-0.059062711894512177,0.02745659276843071,0.921999990940094,0.09965318441390991,0.023968582972884178,1.1949999332427979,-0.17434819042682648,-0.04002641513943672,1.0920000076293945,0.11899206042289734,0.22178006172180176,1.3240000009536743,-0.2754136323928833,0.14172914624214172,1.1759999990463257,0.025025876238942146,0.2637544870376587,1.2389999628067017,-0.15737134218215942,0.22108343243598938,1.097000002861023
-0.04864554479718208,0.05497675761580467,1.0164999961853027,-0.017559031024575233,0.032544638961553574,0.9394999742507935,-0.06802644580602646,0.02446870133280754,0.921999990940094,0.091677226126194,0.018114106729626656,1.1920000314712524,-0.17434819042682648,-0.04179581627249718,1.0920000076293945,0.11675847321748734,0.2194688618183136,1.3229999542236328,-0.27969953417778015,0.14578768610954285,1.1779999732971191,0.019003065302968025,0.2637544870376587,1.2389999628067017,-0.16572847962379456,0.21506257355213165,1.093500018119812
-0.05526101961731911,0.05170804262161255,1.0169999599456787,-0.020636549219489098,0.031071865931153297,0.9409999847412109,-0.07246898859739304,0.019976025447249413,0.9214999675750732,0.08366971462965012,0.018053319305181503,1.187999963760376,-0.18142586946487427,-0.04179581627249718,1.0920000076293945,0.11675847321748734,0.21732516586780548,1.3229999542236328,-0.27779078483581543,0.14769643545150757,1.1779999732971191,0.010959365405142307,0.26343515515327454,1.2374999523162842,-0.16857555508613586,0.21417753398418427,1.0889999866485596
-0.060707878321409225,0.052140217274427414,1.0255000591278076,-0.028275273740291595,0.02956283465027809,0.9414999485015869,-0.0784415677189827,0.02296229638159275,0.9214999675750732,0.07968540489673615,0.01802292838692665,1.1859999895095825,-0.18833090364933014,-0.04175754263997078,1.0910000801086426,0.11234353482723236,0.22136130928993225,1.3215000629425049,-0.28041186928749084,0.14424534142017365,1.180999994277954,0.004943846259266138,0.2614299952983856,1.2374999523162842,-0.17131449282169342,0.21319419145584106,1.0840001106262207
-0.07338778674602509,0.04676441103219986,1.0169999599456787,-0.03746834024786949,0.026539908722043037,0.9424999952316284,-0.09028864651918411,0.018462831154465675,0.9205000400543213,0.07584195584058762,0.012257786467671394,1.1859999895095825,-0.19186647236347198,-0.045293111354112625,1.0910000801086426,0.10986869782209396,0.22069129347801208,1.317500114440918,-0.28375983238220215,0.14690151810646057,1.187000036239624,-0.005055326968431473,0.2580622136592865,1.2309999465942383,-0.17617657780647278,0.21270249783992767,1.0815000534057617
-0.08162722736597061,0.04676441103219986,1.0169999599456787,-0.04366949945688248,0.02200501598417759,0.9444999694824219,-0.09785246104001999,0.016989750787615776,0.9214999675750732,0.06606578826904297,0.012226779945194721,1.1829999685287476,-0.20070545375347137,-0.04175754263997078,1.0910000801086426,0.10531855374574661,0.22010499238967896,1.3140000104904175,-0.2878488004207611,0.14702525734901428,1.187999963760376,-0.012917423620820045,0.2557562291622162,1.2200000286102295,-0.17943218350410461,0.21765735745429993,1.0800000429153442
-0.08986666798591614,0.0434686578810215,1.0169999599456787,-0.055342093110084534,0.01983676105737686,0.9889999628067017,-0.1083044707775116,0.015496616251766682,0.9214999675750732,0.06016223877668381,0.01028378214687109,1.1799999475479126,-0.20819994807243347,-0.03973318263888359,1.0839999914169312,0.10299309343099594,0.22181127965450287,1.3114999532699585,-0.293623685836792,0.15087516605854034,1.187999963760376,-0.024697087705135345,0.258858323097229,1.2160000801086426,-0.1899319738149643,0.21415743231773376,1.0800000429153442
-0.10629326105117798,0.04180021956562996,1.0164999961853027,-0.07279801368713379,0.01735486462712288,1.031999945640564,-0.12011915445327759,0.012496769428253174,0.9205000400543213,0.050559330731630325,0.008364695124328136,1.178999900817871,-0.21264462172985077,-0.037521298974752426,1.0709999799728394,0.09643369168043137,0.22138847410678864,1.309000015258789,-0.29990264773368835,0.14920099079608917,1.190000057220459,-0.03247126564383507,0.2580068111419678,1.2120000123977661,-0.20043179392814636,0.21240748465061188,1.0800000429153442
-0.11293710023164749,0.04017289727926254,1.0169999599456787,-0.08450336009263992,0.01233831699937582,1.031999945640564,-0.12885798513889313,0.012476405128836632,0.9190000295639038,0.042772192507982254,0.012144096195697784,1.1749999523162842,-0.2254924178123474,-0.03192292898893356,1.058000087738037,0.0878823846578598,0.22333872318267822,1.3079999685287476,-0.3059441149234772,0.15125617384910583,1.190999984741211,-0.04401705414056778,0.2585764229297638,1.2055000066757202,-0.205681711435318,0.21240748465061188,1.0800000429153442
