-0.20579098165035248,-0.2133864462375641,2.246500015258789,-0.17526373267173767,-0.24195051193237305,2.2755000591278076,-0.23491176962852478,-0.24250705540180206,2.246500015258789,-0.07777690142393112,-0.07447883486747742,2.2290000915527344,-0.3605996072292328,-0.06477202475070953,2.4049999713897705,0.03332564979791641,-0.08117825537919998,2.429500102996826,-0.39342164993286133,0.13958261907100677,2.368000030517578,-0.15467151999473572,-0.26918134093284607,2.934000015258789,-0.5660772919654846,0.3848206698894501,2.7179999351501465
-0.21273921430110931,-0.19124756753444672,2.243000030517578,-0.18603841960430145,-0.2231713980436325,2.2720000743865967,-0.237436905503273,-0.2196352332830429,2.2360000610351562,-0.0792708620429039,-0.06902310252189636,2.1710000038146973,-0.370974600315094,-0.05289372429251671,2.3965001106262207,0.0279555581510067,-0.1109200194478035,2.310999870300293,-0.40876951813697815,0.15493041276931763,2.368000030517578,-0.17415423691272736,-0.27663275599479675,2.8635001182556152,-0.5704813599586487,0.3936287760734558,2.7179999351501465
-0.27729085087776184,-0.22688134014606476,2.2360000610351562,-0.24647384881973267,-0.24678510427474976,2.2195000648498535,-0.28949955105781555,-0.2502686083316803,2.2185001373291016,-0.08417953550815582,-0.057029008865356445,2.117500066757202,-0.3748689293861389,-0.044666118919849396,2.371999979019165,0.024299999698996544,-0.14891159534454346,2.319499969482422,-0.42411738634109497,0.1741151362657547,2.368000030517578,-0.17820172011852264,-0.2585768401622772,2.4695000648498535,-0.5748854279518127,0.41124504804611206,2.7179999351501465
-0.21469710767269135,-0.17781846225261688,2.0855000019073486,-0.18329904973506927,-0.20008808374404907,2.0369999408721924,-0.24903324246406555,-0.20755907893180847,2.1484999656677246,-0.09688664972782135,-0.04964568465948105,2.0954999923706055,-0.3837928771972656,-0.032912325114011765,2.3559999465942383,0.021746041253209114,-0.18151512742042542,2.4555001258850098,-0.4265085756778717,0.18499886989593506,2.3600001335144043,-0.16654662787914276,-0.26251840591430664,2.3610000610351562,-0.5836936235427856,0.43766942620277405,2.7179999351501465
-0.21971388161182404,-0.16716395318508148,2.0380001068115234,-0.18215684592723846,-0.18887999653816223,1.9884998798370361,-0.24897006154060364,-0.19581401348114014,2.061500072479248,-0.10320748388767242,-0.04266059026122093,2.0859999656677246,-0.38945767283439636,-0.02866877242922783,2.321499824523926,0.009809790179133415,-0.18151512742042542,2.4555001258850098,-0.437980592250824,0.2041187733411789,2.3600001335144043,-0.14619563519954681,-0.2606635093688965,2.072500228881836,-0.5880976915359497,0.46409377455711365,2.7179999351501465
-0.223016157746315,-0.16716395318508148,2.0380001068115234,-0.19182299077510834,-0.18887999653816223,1.9884998798370361,-0.25565075874328613,-0.19247370958328247,2.061500072479248,-0.10980939120054245,-0.04259923845529556,2.0829999446868896,-0.39478710293769836,-0.013419928029179573,2.2869999408721924,0.005831040441989899,-0.17355769872665405,2.4555001258850098,-0.44487330317497253,0.21522530913352966,2.3559999465942383,-0.07898402214050293,-0.2586589753627777,1.909000039100647,-0.5791182518005371,0.47435498237609863,2.676499843597412
-0.23292292654514313,-0.1638617217540741,2.0380001068115234,-0.19826708734035492,-0.18565797805786133,1.9884998798370361,-0.26528507471084595,-0.19219358265399933,2.058499813079834,-0.11217932403087616,-0.03887571394443512,2.064499855041504,-0.3952693045139313,-0.002284202491864562,2.2684998512268066,0.0018522898899391294,-0.18151512742042542,2.4555001258850098,-0.448690801858902,0.2266778200864792,2.3559999465942383,-0.03873453661799431,-0.3143937289714813,2.072500228881836,-0.5703552961349487,0.4928044378757477,2.636000156402588
-0.2307514101266861,-0.15906259417533875,2.0190000534057617,-0.2014891505241394,-0.18565797805786133,1.9884998798370361,-0.26698943972587585,-0.18771131336688995,2.0460000038146973,-0.11217932403087616,-0.04222089424729347,2.064499855041504,-0.39933741092681885,0.001380172441713512,2.25,0.005221932660788298,-0.15186484158039093,2.1989998817443848,-0.4441179931163788,0.24153704941272736,2.3519999980926514,0.03238602727651596,-0.36198413372039795,2.3610000610351562,-0.566084086894989,0.5056180357933044,2.636000156402588
-0.22966565191745758,-0.1615702211856842,2.009500026702881,-0.2014891505241394,-0.18887999653816223,1.9884998798370361,-0.26431429386138916,-0.1858305186033249,2.0254998207092285,-0.11217932403087616,-0.04556606709957123,2.064499855041504,-0.39671456813812256,0.0049477387219667435,2.2150001525878906,0.004635385703295469,-0.1348068118095398,1.9520000219345093,-0.44194647669792175,0.24794083833694458,2.3404998779296875,0.07233892381191254,-0.3516351282596588,2.2934999465942383,-0.5462257862091064,0.5079095363616943,2.5824999809265137
-0.23486581444740295,-0.16855832934379578,2.054999828338623,-0.21263515949249268,-0.1993284970521927,2.0985000133514404,-0.26092150807380676,-0.1866850107908249,1.999500036239624,-0.10883412510156631,-0.04891124367713928,2.064499855041504,-0.38223811984062195,0.004855038598179817,2.1735000610351562,0.023449525237083435,-0.13387449085712433,1.938499927520752,-0.4322274327278137,0.24672259390354156,2.3289999961853027,0.08335521072149277,-0.27806025743484497,1.873000144958496,-0.5309838056564331,0.5055503249168396,2.549499988555908
-0.22219346463680267,-0.16905046999454498,2.060999870300293,-0.20581060647964478,-0.20611000061035156,2.133500099182129,-0.251201868057251,-0.18992486596107483,1.999500036239624,-0.09879854321479797,-0.04891124367713928,2.064499855041504,-0.3798639476299286,0.004824882838875055,2.1600000858306885,0.05463345721364021,-0.11455369740724564,1.9305000305175781,-0.41946032643318176,0.24963591992855072,2.321000099182129,0.08876480162143707,-0.24717988073825836,1.7410000562667847,-0.509818434715271,0.5091771483421326,2.5264999866485596
-0.1938624233007431,-0.16382895410060883,2.0794999599456787,-0.17551644146442413,-0.2001297026872635,2.1435000896453857,-0.21880312263965607,-0.18344515562057495,1.999500036239624,-0.06797641515731812,-0.038470860570669174,2.0429999828338623,-0.3461872637271881,0.015228856354951859,2.1465001106262207,0.11139845103025436,-0.1056053638458252,1.938499927520752,-0.39118674397468567,0.25214117765426636,2.309499979019165,0.07138480991125107,-0.22038957476615906,1.7300000190734863,-0.4695109724998474,0.5013849139213562,2.507999897003174
-0.17027591168880463,-0.16382895410060883,2.0794999599456787,-0.15190942585468292,-0.1975739598274231,2.1535000801086426,-0.19612400233745575,-0.18344515562057495,1.999500036239624,-0.05055622011423111,-0.03131233528256416,2.008500099182129,-0.33325037360191345,0.015115340240299702,2.130500078201294,0.13283522427082062,-0.09578538686037064,1.9305000305175781,-0.3812102675437927,0.2579392194747925,2.2944998741149902,0.06250200420618057,-0.20204080641269684,1.7170000076293945,-0.4463788866996765,0.5052563548088074,2.447999954223633
-0.1486998200416565,-0.15924295783042908,2.1080000400543213,-0.12908193469047546,-0.1965179592370987,2.180500030517578,-0.17344489693641663,-0.180205300450325,1.999500036239624,-0.020959049463272095,-0.03086022660136223,1.9795000553131104,-0.3136165738105774,0.0184280164539814,2.114500045776367,0.15944510698318481,-0.09486747533082962,1.9119999408721924,-0.363943874835968,0.26733365654945374,2.2795000076293945,0.04292688146233559,-0.1738138347864151,1.7130000591278076,-0.41855379939079285,0.498934268951416,2.380000114440918
-0.12310289591550827,-0.1570899933576584,2.0794999599456787,-0.10788299143314362,-0.1965179592370987,2.180500030517578,-0.15223413705825806,-0.17492984235286713,1.9765000343322754,0.0014871875755488873,-0.0275410208851099,1.9714999198913574,-0.2951534688472748,0.021756021305918694,2.1050000190734863,0.17803364992141724,-0.10416170209646225,1.9119999408721924,-0.34891584515571594,0.27164754271507263,2.254000186920166,0.03737558797001839,-0.15993569791316986,1.7130000591278076,-0.4022820293903351,0.5084165334701538,2.3524999618530273
-0.10197056829929352,-0.1490134447813034,2.060999870300293,-0.07608458399772644,-0.19298483431339264,2.180500030517578,-0.13264833390712738,-0.1744430512189865,1.9709999561309814,0.030237726867198944,-0.0275410208851099,1.9714999198913574,-0.2736074924468994,0.02140461839735508,2.071000099182129,0.19038645923137665,-0.11466426402330399,1.88100004196167,-0.33158671855926514,0.27369225025177,2.2115001678466797,0.028980817645788193,-0.14294734597206116,1.7089999914169312,-0.38627755641937256,0.5250769257545471,2.3249998092651367
-0.07470667362213135,-0.15455932915210724,2.0460000038146973,-0.05488565191626549,-0.19298483431339264,2.180500030517578,-0.10606638342142105,-0.17592434585094452,1.9519999027252197,0.04289574176073074,-0.024278616532683372,1.965999960899353,-0.252240389585495,0.024317963048815727,2.0339999198913574,0.21191491186618805,-0.12216228991746902,1.8559999465942383,-0.31728217005729675,0.2706601619720459,2.187000036239624,0.03174998238682747,-0.1374090611934662,1.7089999914169312,-0.3732043504714966,0.5211105942726135,2.2909998893737793
-0.05706513300538063,-0.145217627286911,2.008500099182129,-0.03721987083554268,-0.1894516944885254,2.180500030517578,-0.08577278256416321,-0.16703547537326813,1.9224998950958252,0.04283028841018677,-0.02106085978448391,1.9630000591278076,-0.23770570755004883,0.024180473759770393,2.0225000381469727,0.21593348681926727,-0.1180635616183281,1.8389999866485596,-0.3096984028816223,0.27730298042297363,2.183500051498413,0.06774912774562836,-0.14848564565181732,1.7089999914169312,-0.363524854183197,0.519999086856842,2.254000186920166
-0.037929121404886246,-0.13199713826179504,1.8675000667572021,-0.014268587343394756,-0.1655830442905426,1.9420000314712524,-0.06853588670492172,-0.16004087030887604,1.8769999742507935,0.05546831339597702,-0.0210286732763052,1.9600000381469727,-0.229837104678154,0.02404298447072506,2.011000156402588,0.22382596135139465,-0.11597706377506256,1.80649995803833,-0.3051788806915283,0.279940664768219,2.176500082015991,0.08061618357896805,-0.1685919463634491,1.688499927520752,-0.3575575053691864,0.5202826261520386,2.239500045776367
-0.025341158732771873,-0.12952329218387604,1.8324999809265137,-0.0043859053403139114,-0.15040601789951324,1.7639999389648438,-0.055454373359680176,-0.15744030475616455,1.8464999198913574,0.06182005628943443,-0.017852820456027985,1.9600000381469727,-0.2190767079591751,0.023935381323099136,2.002000093460083,0.23220984637737274,-0.10856834799051285,1.781000018119812,-0.30075132846832275,0.2861368656158447,2.1700000762939453,0.13293060660362244,-0.18978241086006165,1.6584999561309814,-0.3506099581718445,0.5297827124595642,2.2185001373291016
