0.27327194809913635,0.15296001732349396,1.0444999933242798,0.2296125739812851,0.09235209971666336,0.7985000014305115,0.1874816119670868,0.0945841521024704,0.8064999580383301,0.2340904325246811,0.07745146751403809,0.8050000071525574,0.02281799539923668,0.07315724343061447,0.9735000133514404,0.3665115535259247,0.29652607440948486,1.1339999437332153,-0.058881837874650955,0.30269646644592285,0.8964999914169312,0.2775498032569885,0.3921564519405365,1.0414999723434448,0,0,0
0.2893628776073456,0.1542082577943802,1.0414999723434448,0.23959539830684662,0.09557075053453445,0.7929999828338623,0.19874876737594604,0.09826026856899261,0.8044999837875366,0.238009974360466,0.08005061000585556,0.7920000553131104,0.03837399184703827,0.07744936645030975,0.9679999947547913,0.37937378883361816,0.3038758933544159,1.1339999437332153,-0.021030854433774948,0.27981036901474,0.8930000066757202,0,0,0,0,0,0
0.30748283863067627,0.16072674095630646,1.0399999618530273,0.2522898018360138,0.09886132180690765,0.7884999513626099,0.21659409999847412,0.10198044031858444,0.8029999732971191,0.24403047561645508,0.0917695015668869,0.7825000286102295,0.05554119497537613,0.08046145737171173,0.9664999842643738,0.3880471885204315,0.3089790344238281,1.1324999332427979,0.007811038754880428,0.24778099358081818,0.8819999694824219,0,0,0,0,0,0
0.3257061243057251,0.17235688865184784,1.0390000343322754,0.267282098531723,0.1063920110464096,0.7875000238418579,0.22801999747753143,0.10965047776699066,0.8019999861717224,0.25193628668785095,0.09520681202411652,0.7795000076293945,0.07109129428863525,0.08190019428730011,0.9649999737739563,0.39659082889556885,0.3088929355144501,1.125499963760376,0.05149402469396591,0.2434191256761551,0.8715000152587891,0,0,0,0,0,0
0.3442250192165375,0.1790909767150879,1.0390000343322754,0.2767855226993561,0.10866735130548477,0.7854999899864197,0.24239914119243622,0.11556871235370636,0.7979999780654907,0.25910496711730957,0.10212580114603043,0.7745000123977661,0.10938280075788498,0.0983811542391777,0.9579999446868896,0.4019119441509247,0.3146425485610962,1.1200000047683716,0,0,0,0,0,0,0,0,0
0.36106038093566895,0.18750859797000885,1.0390000343322754,0.28889843821525574,0.11504542082548141,0.7769999504089355,0.25517538189888,0.12005995213985443,0.7935000061988831,0,0,0,0.12474194169044495,0.11235827207565308,0.9449999928474426,0.4084404408931732,0.31408068537712097,1.1180000305175781,0,0,0,0,0,0,0,0,0
0.37621214985847473,0.1942427158355713,1.0390000343322754,0.29589229822158813,0.12009110301733017,0.7689999938011169,0.2673572301864624,0.12616980075836182,0.7914999723434448,0.2578386664390564,0.07503815740346909,0.7669999599456787,0.12084254622459412,0.11918885260820389,0.9385000467300415,0,0,0,0,0,0,0,0,0,0,0,0
0.3872428834438324,0.19977280497550964,1.0414999723434448,0.30491021275520325,0.1254178136587143,0.7634999752044678,0.2770910859107971,0.1310509443283081,0.7899999618530273,0.2715076804161072,0.0895412266254425,0.7634999752044678,0.12948200106620789,0.13086442649364471,0.9350000023841858,0.421121209859848,0.2977769076824188,1.1180000305175781,0,0,0,0,0,0,0,0,0
0.396414577960968,0.20771090686321259,1.0390000343322754,0.3086216151714325,0.13655191659927368,0.7634999752044678,0.28533124923706055,0.139036625623703,0.784500002861023,0.27362310886383057,0.09313046187162399,0.7625000476837158,0.1390383541584015,0.11785534769296646,0.9279999732971191,0.41930967569351196,0.28690773248672485,1.1180000305175781,0.1868485063314438,0.3127225935459137,0.8640000224113464,0.37036705017089844,0.3921564519405365,1.0414999723434448,0,0,0
0.41205674409866333,0.21382582187652588,1.0360000133514404,0.31975579261779785,0.1439746469259262,0.7634999752044678,0.2980428636074066,0.14157891273498535,0.784500002861023,0.2727259397506714,0.08666785061359406,0.7599999904632568,0.14819417893886566,0.11975564807653427,0.9194999933242798,0.41675126552581787,0.27916133403778076,1.1160000562667847,0.1959853172302246,0.3163920044898987,0.8550000190734863,0.3771173655986786,0.3837185502052307,1.0414999723434448,0,0,0
0.41037803888320923,0.22221913933753967,1.0360000133514404,0.3222300410270691,0.15263451635837555,0.7634999752044678,0.30039358139038086,0.14402936398983002,0.7839999794960022,0.270481675863266,0.08155421167612076,0.746999979019165,0.14950932562351227,0.12019931524991989,0.9004999995231628,0.41675126552581787,0.27011987566947937,1.1160000562667847,0.2057364135980606,0.3143567144870758,0.8495000004768372,0.3788049519062042,0.3786558210849762,1.0414999723434448,0,0,0
0.42151758074760437,0.22692608833312988,1.034500002861023,0.33212709426879883,0.1551087647676468,0.7634999752044678,0.30585482716560364,0.14806465804576874,0.778499960899353,0.26429298520088196,0.07802112400531769,0.7365000247955322,0.15103302896022797,0.11402508616447449,0.875499963760376,0.4174981415271759,0.2724154591560364,1.1180000305175781,0.20900435745716095,0.30966436862945557,0.840499997138977,0.3821801245212555,0.37696826457977295,1.0414999723434448,0,0,0
0.43176883459091187,0.23128026723861694,1.0390000343322754,0.3467318117618561,0.16150455176830292,0.7825000286102295,0.3090425431728363,0.15407437086105347,0.7770000100135803,0.2685185372829437,0.08262600004673004,0.7350000143051147,0.1587570607662201,0.10406727343797684,0.8634999990463257,0.4206223785877228,0.27145108580589294,1.121500015258789,0.20332922041416168,0.29418039321899414,0.8020000457763672,0.3838314116001129,0.3752072751522064,1.0460000038146973,0,0,0
0.392464816570282,0.20779606699943542,0.9334999918937683,0.3543393015861511,0.16277244687080383,0.7825000286102295,0.3139171302318573,0.15338034927845,0.7735000252723694,0.2685185372829437,0.0861988291144371,0.7350000143051147,0.1612747609615326,0.10248976945877075,0.8619999885559082,0.4206223785877228,0.2696338891983032,1.121500015258789,0.19371679425239563,0.2770915925502777,0.7690000534057617,0.38359788060188293,0.37494075298309326,1.0499999523162842,0,0,0
0.3490298092365265,0.18542930483818054,0.8270000219345093,0.35239458084106445,0.16372591257095337,0.781000018119812,0.31562361121177673,0.1511436402797699,0.7684999704360962,0.27447327971458435,0.07548032701015472,0.7350000143051147,0.16686169803142548,0.10667994618415833,0.8619999885559082,0.42633742094039917,0.2727823555469513,1.127000093460083,0.20027732849121094,0.2857533097267151,0.765500009059906,0.38451123237609863,0.3741281032562256,1.0525000095367432,0,0,0
0.3490298092365265,0.18542930483818054,0.8270000219345093,0.35366007685661316,0.16372591257095337,0.781000018119812,0.3127487301826477,0.14853304624557495,0.7615000009536743,0.2780461311340332,0.07548032701015472,0.7350000143051147,0.17005972564220428,0.0977294072508812,0.8569999933242798,0.4274722635746002,0.2735084593296051,1.1299999952316284,0.1996232569217682,0.27740222215652466,0.7630000114440918,0.38542455434799194,0.37330731749534607,1.0550000667572021,0,0,0
0.34726932644844055,0.1838666796684265,0.8259999752044678,0.35366007685661316,0.1649913787841797,0.781000018119812,0.31458038091659546,0.1488819122314453,0.7570000290870667,0.2758517563343048,0.08387394994497299,0.7354999780654907,0.17034804821014404,0.095722496509552,0.8515000343322754,0.4280397295951843,0.273871511220932,1.131500005722046,0.20020143687725067,0.27649328112602234,0.7605000138282776,0.3897648751735687,0.37076494097709656,1.0575000047683716,0,0,0
0.343418151140213,0.18253108859062195,0.8199999928474426,0.35239458084106445,0.16372591257095337,0.781000018119812,0.31314682960510254,0.14878356456756592,0.7565000057220459,0.2687824070453644,0.08547050505876541,0.7389999628067017,0.1689683347940445,0.08744422346353531,0.8515000343322754,0.4294932186603546,0.27362945675849915,1.1304999589920044,0.20020143687725067,0.27279651165008545,0.7605000138282776,0.39031773805618286,0.3695748746395111,1.059000015258789,0,0,0
0.3347212076187134,0.18141810595989227,0.8149999976158142,0.3303401470184326,0.15500308573246002,0.7509999871253967,0.30211472511291504,0.14755778014659882,0.7565000057220459,0.2710758447647095,0.07980604469776154,0.7419999837875366,0.16473236680030823,0.09152957797050476,0.8510000109672546,0.42399781942367554,0.26813411712646484,1.1304999589920044,0.19280782341957092,0.2740287780761719,0.7605000138282776,0.39221879839897156,0.37146613001823425,1.059499979019165,0,0,0
0.3254771828651428,0.1800975203514099,0.8149999976158142,0.3173224925994873,0.1528359204530716,0.7404999732971191,0.29598575830459595,0.1451062262058258,0.7565000057220459,0.2693954110145569,0.0703769400715828,0.7439999580383301,0.16197454929351807,0.09290847927331924,0.8510000109672546,0.42216601967811584,0.26630231738090515,1.1304999589920044,0.18750816583633423,0.27348828315734863,0.7590000033378601,0.39221879839897156,0.37489959597587585,1.059499979019165,0,0,0
