0.2975202798843384,-0.05894417315721512,1.2710000276565552,0.3406415283679962,-0.08358823508024216,1.3020000457763672,0.24869880080223083,-0.07942000031471252,1.149999976158142,0.4329576790332794,-0.10769616067409515,1.3669999837875366,0.15223461389541626,-0.14380928874015808,1.3524999618530273,0.48885825276374817,0.08139696717262268,1.5049999952316284,0.07364775985479355,0.05940030887722969,1.4444999694824219,0.39335328340530396,0.12854062020778656,1.4325000047683716,0.18813958764076233,0.11777281761169434,1.3125
0.3159722685813904,-0.057242780923843384,1.2790000438690186,0.3540444076061249,-0.08116564899682999,1.2969999313354492,0.26174256205558777,-0.07755661010742188,1.149999976158142,0.4418177306652069,-0.10548117011785507,1.3669999837875366,0.15880915522575378,-0.14380928874015808,1.3524999618530273,0.4961740970611572,0.08139696717262268,1.5049999952316284,0.0805019736289978,0.059276942163705826,1.441499948501587,0.4011550545692444,0.12880980968475342,1.4355000257492065,0.20209835469722748,0.12570227682590485,1.30649995803833
0.3248957693576813,-0.05527821555733681,1.2815001010894775,0.36356860399246216,-0.07675483077764511,1.2934999465942383,0.26663535833358765,-0.07549577206373215,1.1469999551773071,0.44624772667884827,-0.10105118155479431,1.3669999837875366,0.1653836965560913,-0.1416178047657013,1.3524999618530273,0.5020501017570496,0.07911576330661774,1.5080000162124634,0.08508478850126266,0.06388182193040848,1.440000057220459,0.411316841840744,0.12907901406288147,1.4385000467300415,0.21211348474025726,0.12747682631015778,1.3029999732971191
0.3373546004295349,-0.053201764822006226,1.2815001010894775,0.37614405155181885,-0.07465893030166626,1.2934999465942383,0.27964508533477783,-0.06992020457983017,1.1469999551773071,0.45510777831077576,-0.10548117011785507,1.3669999837875366,0.16976672410964966,-0.13942629098892212,1.3524999618530273,0.5071699619293213,0.07953547686338425,1.5160000324249268,0.09189282357692719,0.07073398679494858,1.437000036239624,0.41407907009124756,0.1292136162519455,1.440000057220459,0.22435003519058228,0.13355396687984467,1.3004999160766602
0.3477369546890259,-0.053201764822006226,1.2815001010894775,0.37857168912887573,-0.07222644984722137,1.287500023841858,0.2907962501049042,-0.06806168705224991,1.1469999551773071,0.45460838079452515,-0.10979055613279343,1.3654999732971191,0.17395660281181335,-0.13927166163921356,1.3509999513626099,0.5032153725624084,0.07929939031600952,1.5115000009536743,0.0963481217622757,0.07058631628751755,1.434000015258789,0.41858115792274475,0.1275411695241928,1.4474999904632568,0.23197360336780548,0.13519179821014404,1.2960000038146973
0.35188987851142883,-0.05527821555733681,1.2815001010894775,0.3813929557800293,-0.07571640610694885,1.2760000228881836,0.29637184739112854,-0.07177872210741043,1.1469999551773071,0.45460838079452515,-0.10315287113189697,1.3654999732971191,0.17800477147102356,-0.14119897782802582,1.3485000133514404,0.5071699619293213,0.07707905024290085,1.5160000324249268,0.10331883281469345,0.07058631628751755,1.434000015258789,0.4263423979282379,0.12846632301807404,1.4579999446868896,0.23744617402553558,0.13890771567821503,1.2915000915527344
0.35188987851142883,-0.05527821555733681,1.2815001010894775,0.36854037642478943,-0.07116696238517761,1.2330000400543213,0.2982304096221924,-0.07363724708557129,1.1469999551773071,0.4485347867012024,-0.10277515649795532,1.3604999780654907,0.17484188079833984,-0.138240784406662,1.340999960899353,0.5029196739196777,0.07226140797138214,1.5180000066757202,0.1056424081325531,0.0729098692536354,1.434000015258789,0.4304690957069397,0.12662282586097717,1.4639999866485596,0.2406960278749466,0.13836991786956787,1.2864999771118164
0.35299959778785706,-0.05719802528619766,1.277999997138977,0.3594190776348114,-0.07096929103136063,1.1959999799728394,0.3019474446773529,-0.07549577206373215,1.1469999551773071,0.4329296350479126,-0.10335920006036758,1.3394999504089355,0.17562873661518097,-0.1436259150505066,1.3305000066757202,0.4881615936756134,0.06734208017587662,1.5180000066757202,0.09604576975107193,0.07268106937408447,1.4294999837875366,0.4255213439464569,0.12011855095624924,1.4714999198913574,0.24278059601783752,0.1342007964849472,1.2864999771118164
0.35037556290626526,-0.060883622616529465,1.2684999704360962,0.3550899624824524,-0.07434448599815369,1.187999963760376,0.29956570267677307,-0.0772194117307663,1.1449999809265137,0.3963764011859894,-0.09656890481710434,1.2515000104904175,0.1683347225189209,-0.1429242491722107,1.3240000009536743,0.47680366039276123,0.060081593692302704,1.5210000276565552,0.09112545102834702,0.07014330476522446,1.4249999523162842,0.4339452087879181,0.11392521858215332,1.4839999675750732,0.2406960278749466,0.13211624324321747,1.2864999771118164
0.3461233973503113,-0.06458450853824615,1.2604999542236328,0.35316500067710876,-0.07819439470767975,1.187999963760376,0.29956570267677307,-0.08092997223138809,1.1449999809265137,0.35918882489204407,-0.08838436752557755,1.1699999570846558,0.15945173799991608,-0.1405131220817566,1.3215000629425049,0.4644809365272522,0.05515254661440849,1.5210000276565552,0.08402122557163239,0.06769151240587234,1.4219999313354492,0.4197833240032196,0.11223455518484116,1.493499994277954,0.23652687668800354,0.13003169000148773,1.2864999771118164
0.3399960696697235,-0.06866936385631561,1.2604999542236328,0.3465128540992737,-0.08183712512254715,1.184999942779541,0.2958550751209259,-0.08464052528142929,1.1449999809265137,0.3497247099876404,-0.08931562304496765,1.1575000286102295,0.15042991936206818,-0.1358182281255722,1.317500114440918,0.4496936798095703,0.040365397930145264,1.5210000276565552,0.07451539486646652,0.07202010601758957,1.4165000915527344,0.41591575741767883,0.11007193475961685,1.496999979019165,0.23027317225933075,0.127947136759758,1.2864999771118164
0.33386877179145813,-0.07071179151535034,1.2604999542236328,0.3407525420188904,-0.08183712512254715,1.184999942779541,0.2902892231941223,-0.08649581670761108,1.1449999809265137,0.3328447937965393,-0.08181349188089371,1.1575000286102295,0.1416214555501938,-0.13129903376102448,1.315000057220459,0.4299773871898651,0.045294445008039474,1.5210000276565552,0.06292806565761566,0.07876644283533096,1.4140000343322754,0.4037874937057495,0.11249756813049316,1.496999979019165,0.22489012777805328,0.1263517588376999,1.2915000915527344
0.3236565589904785,-0.07071179151535034,1.2604999542236328,0.33307212591171265,-0.08567731082439423,1.184999942779541,0.28199446201324463,-0.08865974098443985,1.1489999294281006,0.31596487760543823,-0.08368901908397675,1.1575000286102295,0.1308681070804596,-0.1375865340232849,1.3140000104904175,0.3996131420135498,0.037826117128133774,1.5180000066757202,0.05359230935573578,0.08308348804712296,1.409500002861023,0.37710532546043396,0.1222001165151596,1.496999979019165,0.22130289673805237,0.12459584325551987,1.2950000762939453
0.3102184534072876,-0.07500433176755905,1.2639999389648438,0.3177112638950348,-0.08759739995002747,1.184999942779541,0.2733975648880005,-0.09449109435081482,1.1519999504089355,0.300960510969162,-0.08744009584188461,1.1575000286102295,0.11361848562955856,-0.13519969582557678,1.3114999532699585,0.3804362714290619,0.04033885896205902,1.5199999809265137,0.04431488737463951,0.08054167032241821,1.4049999713897705,0.3621881306171417,0.1123848482966423,1.4954999685287476,0.21097396314144135,0.12469204515218735,1.2960000038146973
0.3080434203147888,-0.07805825769901276,1.2804999351501465,0.311880886554718,-0.09450003504753113,1.1994999647140503,0.2655543386936188,-0.09690140187740326,1.1584999561309814,0.28220507502555847,-0.08744009584188461,1.1575000286102295,0.09862999618053436,-0.13292242586612701,1.309999942779541,0.35826998949050903,0.023098524659872055,1.5199999809265137,0.02382565662264824,0.08509480208158493,1.4049999713897705,0.3508913218975067,0.08835909515619278,1.4989999532699585,0.20273041725158691,0.12268668413162231,1.2969999313354492
0.2978747487068176,-0.08342773467302322,1.2994999885559082,0.30349770188331604,-0.09813209623098373,1.2204999923706055,0.25615713000297546,-0.09761238098144531,1.1670000553131104,0.2622777819633484,-0.09467475861310959,1.1775000095367432,0.07952616363763809,-0.13504505157470703,1.309999942779541,0.3361037075519562,0.013246905989944935,1.5199999809265137,0.010155321098864079,0.08272980898618698,1.403499960899353,0.3290312886238098,0.08350133895874023,1.4989999532699585,0.18816429376602173,0.12067808210849762,1.2979999780654907
0.2843816876411438,-0.08868430554866791,1.315000057220459,0.2909659445285797,-0.10396931320428848,1.2430000305175781,0.2452310174703598,-0.10346215963363647,1.1689999103546143,0.24846497178077698,-0.09087726473808289,1.2030000686645508,0.06037621572613716,-0.1349419802427292,1.309000015258789,0.3090116083621979,0.023098524659872055,1.5199999809265137,-0.010282639414072037,0.0870293378829956,1.3994998931884766,0.31202903389930725,0.08107245713472366,1.4989999532699585,0.1716686636209488,0.11669602990150452,1.3004999160766602
0.26784396171569824,-0.09312248975038528,1.317500114440918,0.27525365352630615,-0.10895318537950516,1.253999948501587,0.23047123849391937,-0.1074339970946312,1.1710000038146973,0.22966496646404266,-0.09785068780183792,1.2170000076293945,0.041223879903554916,-0.13685357570648193,1.306999921798706,0.28807196021080017,0.008356680162250996,1.5264999866485596,-0.026109598577022552,0.09140108525753021,1.3969999551773071,0.2880280315876007,0.06899704784154892,1.500499963760376,0.1597588211297989,0.11723442375659943,1.30649995803833
0.2507655620574951,-0.09098770469427109,1.317500114440918,0.2589983642101288,-0.10692128539085388,1.253999948501587,0.21503455936908722,-0.10825970768928528,1.1800000667572021,0.20854054391384125,-0.09905673563480377,1.2319999933242798,0.02634887397289276,-0.13236436247825623,1.3044999837875366,0.2645919620990753,-0.0015300179366022348,1.5195000171661377,-0.03738749772310257,0.09356411546468735,1.3954999446868896,0.27155059576034546,0.06913500279188156,1.503499984741211,0.15399497747421265,0.11768308281898499,1.3114999532699585
0.23457399010658264,-0.09561876952648163,1.3224999904632568,0,0,0,0.2070416957139969,-0.11293856799602509,1.1890000104904175,0.18756607174873352,-0.10760647803544998,1.2384999990463257,0.009438985027372837,-0.13025063276290894,1.3044999837875366,0.23012244701385498,-0.003992112353444099,1.5195000171661377,-0.05993488430976868,0.09572229534387589,1.3940000534057617,0.2520611584186554,0.07400733977556229,1.503499984741211,0.13938462734222412,0.11577830463647842,1.3140000104904175
