-0.17701831459999084,-0.10760551691055298,1.7195000648498535,-0.14930711686611176,-0.13818512856960297,1.753999948501587,-0.2041035294532776,-0.13861976563930511,1.690000057220459,-0.07207437604665756,0.0011121121933683753,1.812999963760376,-0.33556559681892395,0.05628399923443794,1.7925000190734863,0.04824172332882881,-0.02136646956205368,1.5295000076293945,-0.3893502354621887,0.3273279666900635,1.8989999294281006,-0.15363821387290955,0.01451090443879366,1.4040000438690186,-0.37707242369651794,0.5438286066055298,1.810499906539917
-0.17912480235099792,-0.10719874501228333,1.7130000591278076,-0.15419599413871765,-0.13747607171535492,1.744999885559082,-0.20933225750923157,-0.13572059571743011,1.687999963760376,-0.08630815148353577,0.00987309031188488,1.8034999370574951,-0.341205894947052,0.05578160285949707,1.7764999866485596,0.06063328683376312,-0.028801361098885536,1.5295000076293945,-0.3927968442440033,0.3281431496143341,1.8860000371932983,-0.13088861107826233,-0.0014137185644358397,1.4040000438690186,-0.3829396665096283,0.5496957898139954,1.810499906539917
-0.18701402842998505,-0.10694842785596848,1.7089999914169312,-0.15884333848953247,-0.13660946488380432,1.7339999675750732,-0.21403899788856506,-0.13796356320381165,1.681999921798706,-0.08001066744327545,0.023493383079767227,1.7304999828338623,-0.34914618730545044,0.06091511249542236,1.7584999799728394,0.06806822866201401,-0.03871455416083336,1.5295000076293945,-0.3907141387462616,0.3324827253818512,1.8760000467300415,-0.09921551495790482,-0.04699617996811867,1.4065001010894775,-0.38880693912506104,0.5496957898139954,1.810499906539917
-0.1976270228624344,-0.09841010719537735,1.7049999237060547,-0.16968968510627747,-0.12788482010364532,1.7300000190734863,-0.22089411318302155,-0.12630654871463776,1.6719999313354492,-0.07233890146017075,0.014663103967905045,1.682499885559082,-0.3497937023639679,0.06053406745195389,1.747499942779541,0.07054653763771057,-0.04119285196065903,1.5295000076293945,-0.3936209976673126,0.3177625238895416,1.8610000610351562,-0.056781332939863205,-0.09318093210458755,1.4890000820159912,-0.39228150248527527,0.5475172400474548,1.812999963760376
-0.20015466213226318,-0.1038135215640068,1.7029999494552612,-0.16949351131916046,-0.1333368420600891,1.7280000448226929,-0.22522972524166107,-0.13109467923641205,1.6640000343322754,-0.07901659607887268,0.02320149727165699,1.7089999914169312,-0.35545679926872253,0.06053406745195389,1.747499942779541,0.0729532316327095,-0.04362832009792328,1.527999997138977,-0.403502881526947,0.31005656719207764,1.8509999513626099,0.00627618795260787,-0.12885895371437073,1.5709999799728394,-0.39815688133239746,0.5387042164802551,1.812999963760376
-0.20567353069782257,-0.1038135215640068,1.7029999494552612,-0.17722420394420624,-0.1328352987766266,1.721500039100647,-0.2303450107574463,-0.13363009691238403,1.6619999408721924,-0.08455493301153183,0.017663201317191124,1.7089999914169312,-0.3611198961734772,0.05770253390073776,1.747499942779541,0.055622052401304245,-0.04362832009792328,1.527999997138977,-0.4095013737678528,0.30405810475349426,1.8509999513626099,0.07557916641235352,-0.1785779595375061,1.5829999446868896,-0.40458938479423523,0.5335636734962463,1.815500020980835
-0.20788221061229706,-0.10629133135080338,1.6984999179840088,-0.17933394014835358,-0.13511259853839874,1.715000033378601,-0.2327575981616974,-0.1361590474843979,1.659999966621399,-0.09253639727830887,0.012082338333129883,1.7029999494552612,-0.3607232868671417,0.05719072371721268,1.7319999933242798,0.045419320464134216,-0.04826212301850319,1.5180000066757202,-0.41250064969062805,0.30405810475349426,1.8509999513626099,0.20979459583759308,-0.2809654772281647,2.2929999828338623,-0.41149023175239563,0.526039183139801,1.8199999332427979
-0.20982830226421356,-0.11136778444051743,1.6920000314712524,-0.18190045654773712,-0.1405062973499298,1.7130000591278076,-0.23488003015518188,-0.14119748771190643,1.656000018119812,-0.09242773056030273,0.012068149633705616,1.7009999752044678,-0.3635297119617462,0.04877148196101189,1.7319999933242798,0.05319834500551224,-0.06349753588438034,1.5295000076293945,-0.41250064969062805,0.2980596423149109,1.8509999513626099,0.28410348296165466,-0.2995425760746002,2.2929999828338623,-0.4148947298526764,0.5266172289848328,1.8220000267028809
-0.20958028733730316,-0.11671287566423416,1.690000057220459,-0.1816880702972412,-0.14588701725006104,1.7109999656677246,-0.23409993946552277,-0.1460772603750229,1.6505000591278076,-0.09196586161851883,0.0037806082982569933,1.6924999952316284,-0.3639514446258545,0.04354488477110863,1.747499942779541,0.07054653763771057,-0.07836732268333435,1.5295000076293945,-0.41250064969062805,0.295060396194458,1.8509999513626099,0.36212781071662903,-0.3144042491912842,2.2929999828338623,-0.41546401381492615,0.515514612197876,1.8245000839233398
-0.20958028733730316,-0.12218958884477615,1.690000057220459,-0.1814756989479065,-0.1512547880411148,1.7089999914169312,-0.23331983387470245,-0.15092135965824127,1.6449999809265137,-0.08922342956066132,-0.012673863209784031,1.6924999952316284,-0.3592109680175781,0.04081819951534271,1.7519999742507935,0.0806439071893692,-0.07854665070772171,1.5329999923706055,-0.4065021276473999,0.28306344151496887,1.8509999513626099,0.39556682109832764,-0.2995425760746002,2.2929999828338623,-0.41660258173942566,0.5109986066818237,1.8294999599456787
-0.20659710466861725,-0.12751522660255432,1.687999963760376,-0.17870652675628662,-0.15679307281970978,1.7089999914169312,-0.23065437376499176,-0.15625226497650146,1.6449999809265137,-0.07767577469348907,-0.02346889115869999,1.6800000667572021,-0.35434049367904663,0.035220783203840256,1.75600004196167,0.0930638313293457,-0.07854665070772171,1.5329999923706055,-0.39857813715934753,0.26879140734672546,1.8559999465942383,0.426760733127594,-0.294279009103775,2.2810001373291016,-0.41123491525650024,0.49091771245002747,1.8320000171661377
-0.19292142987251282,-0.14392593502998352,1.687999963760376,-0.16486071050167084,-0.17340797185897827,1.7089999914169312,-0.2167986035346985,-0.1691671460866928,1.6410000324249268,-0.06148877739906311,-0.03716796636581421,1.684000015258789,-0.3315778970718384,0.020994270220398903,1.75600004196167,0.12783962488174438,-0.09096649289131165,1.5329999923706055,-0.3760327398777008,0.2547801434993744,1.8634999990463257,0.4891797602176666,-0.27350178360939026,2.26200008392334,-0.40099599957466125,0.4750438332557678,1.8394999504089355
-0.18198087811470032,-0.14939618110656738,1.687999963760376,-0.15636999905109406,-0.18150275945663452,1.7070000171661377,-0.20882165431976318,-0.17714403569698334,1.6410000324249268,-0.04801597073674202,-0.04277711734175682,1.690000057220459,-0.3173512816429138,0.009613056667149067,1.75600004196167,0.13280758261680603,-0.09096649289131165,1.5329999923706055,-0.36493122577667236,0.2463809698820114,1.868499994277954,0.3441704213619232,-0.18414819240570068,1.5230000019073486,-0.3900252878665924,0.4762059450149536,1.843999981880188
-0.16576622426509857,-0.16052664816379547,1.690000057220459,-0.13993822038173676,-0.19002285599708557,1.7089999914169312,-0.19286777079105377,-0.18246197700500488,1.6410000324249268,-0.03428345546126366,-0.05093184858560562,1.687999963760376,-0.3046782910823822,0.0010826685465872288,1.7649999856948853,0.15122419595718384,-0.10159347951412201,1.5434999465942383,-0.35072922706604004,0.23489753901958466,1.873500108718872,0.3532279431819916,-0.18864919245243073,1.5195000171661377,-0.37803518772125244,0.4558594822883606,1.8585000038146973
-0.14933596551418304,-0.16600337624549866,1.690000057220459,-0.12346754968166351,-0.1985623985528946,1.7109999656677246,-0.17691387236118317,-0.1904388666152954,1.6410000324249268,-0.023315249010920525,-0.053603384643793106,1.6859999895095825,-0.27751681208610535,-0.007458761800080538,1.75600004196167,0.16300396621227264,-0.11029801517724991,1.5605000257492065,-0.3277503252029419,0.22059863805770874,1.88100004196167,0.360806405544281,-0.19970324635505676,1.5099999904632568,-0.36238783597946167,0.4467989504337311,1.871000051498413
-0.12742894887924194,-0.17148008942604065,1.690000057220459,-0.1012883186340332,-0.2041071653366089,1.7109999656677246,-0.15298305451869965,-0.19575679302215576,1.6410000324249268,-0.0014600740978494287,-0.05906714126467705,1.6859999895095825,-0.25730615854263306,-0.018818514421582222,1.753999948501587,0.16881492733955383,-0.11587251722812653,1.5674999952316284,-0.3076370358467102,0.2092382162809372,1.8884999752044678,0.35988739132881165,-0.21579167246818542,1.4860000610351562,-0.34207794070243835,0.4419134855270386,1.8760000467300415
-0.10278353095054626,-0.17695681750774384,1.690000057220459,-0.07642590254545212,-0.2098970264196396,1.7130000591278076,-0.1317111998796463,-0.2037336826324463,1.6410000324249268,0.020370906218886375,-0.06991163641214371,1.684000015258789,-0.23768232762813568,-0.024530578404664993,1.75600004196167,0.18151435256004333,-0.12349212914705276,1.5674999952316284,-0.2851060926914215,0.2045164406299591,1.9014999866485596,0.34613123536109924,-0.23228603601455688,1.468500018119812,-0.3340964913368225,0.45298638939857483,1.9915000200271606
-0.08128328621387482,-0.1861032396554947,1.6985000371932983,-0.05428403615951538,-0.21569982171058655,1.715000033378601,-0.10791172087192535,-0.20930638909339905,1.6430000066757202,0.039377741515636444,-0.07246772944927216,1.6800000667572021,-0.21912920475006104,-0.03041049651801586,1.7669999599456787,0.18405424058437347,-0.13365161418914795,1.5674999952316284,-0.2664490044116974,0.2036600112915039,1.9224998950958252,0.3342339098453522,-0.24894225597381592,1.468500018119812,-0.32879242300987244,0.4747147560119629,2.1019999980926514
-0.056796737015247345,-0.1898004710674286,1.7070000171661377,-0.029308194294571877,-0.21873345971107483,1.7170000076293945,-0.08671937137842178,-0.21222662925720215,1.6449999809265137,0.05298862233757973,-0.06974557787179947,1.6800000667572021,-0.19336089491844177,-0.03327362239360809,1.7669999599456787,0.18913401663303375,-0.13365161418914795,1.5674999952316284,-0.24284732341766357,0.1985081285238266,1.9329999685287476,0.31281864643096924,-0.2608395516872406,1.468500018119812,-0.301544725894928,0.45768505334854126,2.1019999980926514
-0.03475058823823929,-0.19578999280929565,1.7109999656677246,-0.0070696547627449036,-0.22209613025188446,1.7214999198913574,-0.065534807741642,-0.21534930169582367,1.6484999656677246,0.06932166963815689,-0.07518989592790604,1.6800000667572021,-0.17444688081741333,-0.03637193888425827,1.7785000801086426,0.19421377778053284,-0.13365161418914795,1.5674999952316284,-0.22405457496643066,0.19224393367767334,1.9329999685287476,0.28636690974235535,-0.2655143737792969,1.4550000429153442,-0.27770301699638367,0.461091011762619,2.1019999980926514
