0.5180262923240662,-0.3845605254173279,1.6524999141693115,0.5497301816940308,-0.4246346950531006,1.684000015258789,0.4692069888114929,-0.4027467966079712,1.5869998931884766,0.5731294751167297,-0.26114773750305176,1.7214999198913574,0.2971923053264618,-0.2947421967983246,1.7899999618530273,0.609705924987793,-0.022951073944568634,1.8585000038146973,0.2389962524175644,-0.08747538179159164,1.9544999599456787,0.6452993154525757,0.22807352244853973,2.058499813079834,0.20850993692874908,0.13687144219875336,2.2009999752044678
0.5268625020980835,-0.3774627447128296,1.621999979019165,0.5634127855300903,-0.4199017882347107,1.6759999990463257,0.4832978844642639,-0.39741748571395874,1.565999984741211,0.5827597975730896,-0.2604651153087616,1.7170000076293945,0.30315929651260376,-0.28635871410369873,1.7739999294281006,0.6245654225349426,-0.025829749181866646,1.8489999771118164,0.24401222169399261,-0.074405737221241,1.944000005722046,0.6611767411231995,0.22552524507045746,2.0355000495910645,0.21781472861766815,0.15371918678283691,2.187000036239624
0.5346026420593262,-0.37187761068344116,1.5980000495910645,0.5696762204170227,-0.4126361608505249,1.6469999551773071,0.49155110120773315,-0.39386460185050964,1.5520000457763672,0.5938883423805237,-0.2632472515106201,1.7170000076293945,0.31636831164360046,-0.2824455201625824,1.7674999237060547,0.6285851001739502,-0.034544687718153,1.8345000743865967,0.24728621542453766,-0.07039444148540497,1.9205000400543213,0.6613950729370117,0.21904367208480835,1.9769999980926514,0.23092873394489288,0.1671261489391327,2.177000045776367
0.5442777872085571,-0.36882612109184265,1.5959999561309814,0.5675106644630432,-0.40799224376678467,1.6180000305175781,0.4993477463722229,-0.3920881152153015,1.5449999570846558,0.5994526147842407,-0.2604651153087616,1.7170000076293945,0.3189849555492401,-0.2744407653808594,1.7350000143051147,0.6396023035049438,-0.03152916207909584,1.8320000171661377,0.2534148693084717,-0.06336881965398788,1.8964999914169312,0.6656399965286255,0.21422405540943146,1.933500051498413,0.23485492169857025,0.17967122793197632,2.117000102996826
0.5494499206542969,-0.36882612109184265,1.5959999561309814,0.5686831474304199,-0.4024893641471863,1.6064999103546143,0.5037016868591309,-0.38908037543296814,1.5429999828338623,0.6022347211837769,-0.2632472515106201,1.7170000076293945,0.32175740599632263,-0.26693272590637207,1.7049999237060547,0.6446583271026611,-0.022592945024371147,1.8294999599456787,0.2591024935245514,-0.05645349249243736,1.871000051498413,0.6700288653373718,0.21992173790931702,1.9014999866485596,0.230583056807518,0.18448536098003387,2.0195000171661377
0.5520359873771667,-0.36624008417129517,1.5959999561309814,0.5687969923019409,-0.39814385771751404,1.5994999408721924,0.5080426931381226,-0.3860791325569153,1.5410000085830688,0.5994526147842407,-0.2632472515106201,1.7170000076293945,0.32137998938560486,-0.26661962270736694,1.7029999494552612,0.6437774300575256,-0.022562073543667793,1.8270000219345093,0.2587015628814697,-0.0377625972032547,1.8464999198913574,0.682353138923645,0.21992173790931702,1.9014999866485596,0.2311919629573822,0.1985592395067215,1.996500015258789
0.5520359873771667,-0.3636540174484253,1.5959999561309814,0.566841185092926,-0.39419206976890564,1.5940001010894775,0.5080426931381226,-0.38108527660369873,1.5410000085830688,0.5917947292327881,-0.26076850295066833,1.718999981880188,0.31549015641212463,-0.2663065195083618,1.7009999752044678,0.6437774300575256,-0.028482764959335327,1.8270000219345093,0.2566700875759125,-0.028560714796185493,1.8320000171661377,0.688515305519104,0.2106785774230957,1.9014999866485596,0.23248957097530365,0.20975129306316376,1.9800000190734863
0.5532368421554565,-0.36355653405189514,1.6069999933242798,0.5622040629386902,-0.3945629894733429,1.5954999923706055,0.5055457949638367,-0.38108527660369873,1.5410000085830688,0.5842871069908142,-0.26393717527389526,1.7214999198913574,0.30879324674606323,-0.2597975730895996,1.6944999694824219,0.6416938900947571,-0.03741493448615074,1.8294999599456787,0.24840649962425232,-0.02241388149559498,1.815000057220459,0.6946775317192078,0.1983543187379837,1.9014999866485596,0.23206715285778046,0.21915560960769653,1.9494999647140503
0.5480290651321411,-0.36355653405189514,1.6069999933242798,0.5570335388183594,-0.3919777274131775,1.5954999923706055,0.5005518794059753,-0.38108527660369873,1.5410000085830688,0.5703400373458862,-0.26393717527389526,1.7214999198913574,0.3045123815536499,-0.25576251745224,1.686000108718872,0.6268718242645264,-0.04334372654557228,1.8294999599456787,0.24391025304794312,-0.007660521660000086,1.8034999370574951,0.6977585554122925,0.1921921968460083,1.9014999866485596,0.23288226127624512,0.22952648997306824,1.9045000076293945
0.5354064702987671,-0.37003394961357117,1.624000072479248,0.5389367938041687,-0.3919777274131775,1.5954999923706055,0.48307326436042786,-0.37858834862709045,1.5410000085830688,0.5382704138755798,-0.2674237787723541,1.7260000705718994,0.2867538332939148,-0.2463921457529068,1.6779999732971191,0.5972276329994202,-0.05816571041941643,1.8294999599456787,0.23396998643875122,-0.004714607261121273,1.7944999933242798,0.7008339166641235,0.17208144068717957,1.9529999494552612,0.23359401524066925,0.24237658083438873,1.8610000610351562
0.6851891875267029,-0.47961413860321045,2.120000123977661,0.5284830927848816,-0.39382028579711914,1.6029999256134033,0.4736994504928589,-0.37657952308654785,1.5429999828338623,0.522698700428009,-0.26804354786872864,1.7300000190734863,0.27423402667045593,-0.23951835930347443,1.6679999828338623,0.5802579522132874,-0.061531078070402145,1.8415000438690186,0.2270103096961975,0.006881449371576309,1.7855000495910645,0.7537164092063904,0.1780724823474884,2.1389999389648438,0.228720024228096,0.24341410398483276,1.8459999561309814
0.8481212258338928,-0.6164574027061462,2.7055001258850098,0.5128986239433289,-0.3964177072048187,1.6029999256134033,0.4597387909889221,-0.3749278783798218,1.5464999675750732,0.49523863196372986,-0.271159827709198,1.7319999933242798,0.26215970516204834,-0.23567983508110046,1.659999966621399,0.5570093989372253,-0.07394517213106155,1.8534998893737793,0.2192416489124298,0.015421316027641296,1.7695000171661377,0.7774091362953186,0.17583943903446198,2.2905001640319824,0.22995391488075256,0.25344187021255493,1.8320000171661377
0.8130504488945007,-0.6164574027061462,2.7055001258850098,0.4933473765850067,-0.3974069058895111,1.6069999933242798,0.44111350178718567,-0.3811679482460022,1.5514999628067017,0.4824567139148712,-0.2718643546104431,1.7365000247955322,0.2386845201253891,-0.23376315832138062,1.6464999914169312,0.5298195481300354,-0.07736361771821976,1.8634999990463257,0.20724745094776154,0.023635929450392723,1.7409999370574951,0.7566168904304504,0.17212986946105957,2.3410000801086426,0.22463130950927734,0.2596263587474823,1.812999963760376
0.8222244381904602,-0.6350924968719482,2.8274998664855957,0.4795549809932709,-0.3984881639480591,1.621999979019165,0.426990807056427,-0.3795081675052643,1.5549999475479126,0.4588443338871002,-0.2757062017917633,1.7430000305175781,0.22510479390621185,-0.22288011014461517,1.625499963760376,0.5036460757255554,-0.08711772412061691,1.878499984741211,0.19097907841205597,0.028949998319149017,1.7214999198913574,0.7732458114624023,0.17204605042934418,2.505500078201294,0.21791133284568787,0.2761818468570709,1.805999994277954
0.7996542453765869,-0.6390232443809509,2.8450000286102295,0.49574461579322815,-0.42354723811149597,1.7239999771118164,0.4137271046638489,-0.3786856532096863,1.562000036239624,0.4395783841609955,-0.2731950879096985,1.7450000047683716,0.2017117589712143,-0.21513576805591583,1.6070001125335693,0.47900187969207764,-0.08818437904119492,1.9014999866485596,0.18491561710834503,0.040002766996622086,1.7170000076293945,0.7694450616836548,0.1645442098379135,2.6459999084472656,0.21415174007415771,0.27802637219429016,1.7990000247955322
0.7734874486923218,-0.6356398463249207,2.8505001068115234,0.5049611926078796,-0.44062814116477966,1.8174999952316284,0.39601027965545654,-0.37615469098091125,1.562000036239624,0.4208684265613556,-0.26539531350135803,1.749500036239624,0.19281414151191711,-0.20616301894187927,1.5980000495910645,0.4562559425830841,-0.08915828168392181,1.9225000143051147,0.17317982017993927,0.04818014055490494,1.7109999656677246,0.712568998336792,0.15053552389144897,2.625999927520752,0.20119734108448029,0.28493812680244446,1.787500023841858
0.7397571802139282,-0.6259294748306274,2.8274998664855957,0.6000033020973206,-0.5458455681800842,2.251500129699707,0.382531076669693,-0.37529808282852173,1.569000005722046,0.4053601622581482,-0.2720719277858734,1.75600004196167,0.1772782951593399,-0.20098444819450378,1.5980000495910645,0.4312269985675812,-0.08978435397148132,1.9359999895095825,0.16171126067638397,0.059131134301424026,1.7070000171661377,0.6615087389945984,0.14628052711486816,2.625999927520752,0.1915389746427536,0.2979122996330261,1.7785000801086426
0.7226807475090027,-0.6264023780822754,2.8505001068115234,0.5781140923500061,-0.5421974062919617,2.251500129699707,0.36473485827445984,-0.3727557957172394,1.569000005722046,0.39543724060058594,-0.2702232301235199,1.7625000476837158,0.16356049478054047,-0.19488686323165894,1.590499997138977,0.41305381059646606,-0.09131477028131485,1.968999981880188,0.15029455721378326,0.06451142579317093,1.7030000686645508,0.6065229177474976,0.1388198286294937,2.6459999084472656,0.18530535697937012,0.30290740728378296,1.7739999294281006
0.670359194278717,-0.5983301401138306,2.805500030517578,0.5452802777290344,-0.5312528610229492,2.251500129699707,0.34439632296562195,-0.3625865876674652,1.569000005722046,0.35831117630004883,-0.2645115256309509,1.7625000476837158,0.1389540582895279,-0.17506785690784454,1.5744999647140503,0,0,0,0.1279178410768509,0.08913639187812805,1.6990000009536743,0,0,0,0.17336653172969818,0.32507649064064026,1.7695000171661377
0.6811116933822632,-0.6079273223876953,2.8505001068115234,0.6543847322463989,-0.6375505924224854,2.702000141143799,0.34439632296562195,-0.3625865876674652,1.569000005722046,0.35831117630004883,-0.2645115256309509,1.7625000476837158,0.13758614659309387,-0.1733444333076477,1.559000015258789,0,0,0,0.12757903337478638,0.08890030533075333,1.6944999694824219,0,0,0,0.17268070578575134,0.3237905204296112,1.7625000476837158
