0.1408737599849701,0.07952961325645447,0.9939999580383301,0.18005138635635376,0.0559232272207737,1.0339999198913574,0.09691239148378372,0.046566639095544815,0.8610000014305115,0.25298768281936646,0.07492667436599731,1.065999984741211,-0.01982983760535717,0.01096586138010025,1.0609999895095825,0.3477095365524292,0.22973449528217316,1.0099999904632568,-0.0876774936914444,0.24262839555740356,1.0299999713897705,0.35009732842445374,0.34198030829429626,0.984499990940094,0,0,0
0.11993569135665894,0.08436144888401031,0.9939999580383301,0.15827074646949768,0.06262492388486862,1.0339999198913574,0.07715610414743423,0.051995649933815,0.8585000038146973,0.22891300916671753,0.06977756321430206,1.066499948501587,-0.05242009833455086,0.01781732402741909,1.059499979019165,0.31332674622535706,0.2279394119977951,1.0315001010894775,-0.11638769507408142,0.2500303089618683,1.0329999923706055,0.287883460521698,0.32443293929100037,0.984499990940094,0,0,0
0.10904397070407867,0.09112361818552017,0.9975000023841858,0.14277638494968414,0.06578434258699417,1.0309998989105225,0.06564304232597351,0.054458726197481155,0.8535000085830688,0.21336016058921814,0.06632139533758163,1.066499948501587,-0.06088870391249657,0.01949719339609146,1.0575000047683716,0.2847096025943756,0.2254106104373932,1.0429999828338623,-0.12643058598041534,0.2500303089618683,1.0329999923706055,0.25597894191741943,0.31486162543296814,0.984499990940094,0,0,0
0.09625817835330963,0.09449807554483414,0.9990000128746033,0.13108238577842712,0.0691254734992981,1.0309998989105225,0.05566725507378578,0.05829858034849167,0.8489999771118164,0.20519959926605225,0.0647447258234024,1.069000005722046,-0.07620206475257874,0.01946953684091568,1.055999994277954,0.26545169949531555,0.22551637887954712,1.0674999952316284,-0.1417003720998764,0.2570982873439789,1.034500002861023,0.22886008024215698,0.3005046844482422,0.984499990940094,0,0,0
0.0867191031575203,0.0979311540722847,1.000999927520752,0.12105894833803177,0.07413715869188309,1.0309998989105225,0.04732946306467056,0.06231527402997017,0.8474999666213989,0.18787811696529388,0.05781618505716324,1.069000005722046,-0.08638668060302734,0.024579454213380814,1.0550000667572021,0.24632024765014648,0.21790650486946106,1.0899999141693115,-0.1570139080286026,0.25579243898391724,1.0360000133514404,0.20174121856689453,0.2941237986087799,0.984499990940094,0,0,0
0.07326456159353256,0.09890667349100113,0.9945000410079956,0.09954679012298584,0.07161668688058853,0.9529999494552612,0.03762777894735336,0.06353820860385895,0.8454999923706055,0.17591750621795654,0.05787026509642601,1.0699999332427979,-0.0981198400259018,0.026226606220006943,1.0525000095367432,0.2262813150882721,0.21521371603012085,1.121999979019165,-0.17547930777072906,0.2541137635707855,1.0360000133514404,0.18376107513904572,0.28402942419052124,0.9994999766349792,0,0,0
0.0635959729552269,0.10374093055725098,0.9945000410079956,0.08203980326652527,0.06788517534732819,0.8659999966621399,0.030704976990818977,0.0688549131155014,0.843500018119812,0.1660563200712204,0.05632014200091362,1.0735000371932983,-0.10634290426969528,0.026151850819587708,1.0494999885559082,0.21505632996559143,0.21489159762859344,1.159500002861023,-0.18750110268592834,0.2528005540370941,1.0374999046325684,0.17217610776424408,0.28851595520973206,1.0269999504089355,0,0,0
0.05362914875149727,0.10476970672607422,0.9890000224113464,0.07247284054756165,0.07235224545001984,0.8524999618530273,0.025208022445440292,0.07150354236364365,0.8424999713897705,0.15431028604507446,0.05124466493725777,1.0764999389648438,-0.11796506494283676,0.02778604067862034,1.0469999313354492,0.1988324224948883,0.21019431948661804,1.186000108718872,-0.20935547351837158,0.24607618153095245,1.0374999046325684,0.15916991233825684,0.28844645619392395,1.0509999990463257,-0.06797570735216141,0.3501126170158386,0.9420000314712524
0.043546754866838455,0.10841387510299683,0.9785000085830688,0.062471937388181686,0.07334437221288681,0.8479999899864197,0.016996994614601135,0.07278218120336533,0.8415000438690186,0.14835958182811737,0.05160169303417206,1.0839999914169312,-0.12953053414821625,0.029412131756544113,1.0444999933242798,0.19275054335594177,0.21037587523460388,1.2204999923706055,-0.2261665165424347,0.24439509212970734,1.0374999046325684,0.1519991010427475,0.2873958647251129,1.0724999904632568,-0.08288587629795074,0.3227880895137787,0.937999963760376
0.035328011959791183,0.11067257076501846,0.9704999923706055,0.05697573348879814,0.07609245926141739,0.8479999899864197,0.00881588738411665,0.07687271386384964,0.8415000438690186,0.1387108713388443,0.05193491652607918,1.0910000801086426,-0.1377945989370346,0.027679886668920517,1.0429999828338623,0.1805536448955536,0.21064886450767517,1.245500087738037,-0.24633978307247162,0.23598961532115936,1.0374999046325684,0.14427824318408966,0.29111817479133606,1.0929999351501465,-0.09589563310146332,0.3054578900337219,0.9314999580383301
0.02414480410516262,0.11299669742584229,0.9635000228881836,0.04873143509030342,0.08158861845731735,0.8479999899864197,-0.0007278720149770379,0.07814324647188187,0.840499997138977,0.12508231401443481,0.04859897866845131,1.0954999923706055,-0.14779287576675415,0.02934173494577408,1.0420000553131104,0.16441133618354797,0.21327032148838043,1.2609999179840088,-0.2636581361293793,0.23307588696479797,1.0394999980926514,0.13501815497875214,0.29804325103759766,1.11899995803833,-0.10495173186063766,0.2948925197124481,0.9314999580383301
0.014777607284486294,0.11143550276756287,0.9635000228881836,0.039113085716962814,0.08021458238363266,0.8479999899864197,-0.010261154733598232,0.07814324647188187,0.840499997138977,0.12041296809911728,0.05064995214343071,1.1015000343322754,-0.15938186645507812,0.02761353924870491,1.0404999256134033,0.1598505973815918,0.2174479067325592,1.2734999656677246,-0.2754485309123993,0.23307588696479797,1.0394999980926514,0.12207445502281189,0.3019052743911743,1.1334999799728394,-0.11551717668771744,0.2828178107738495,0.9314999580383301
0.006924576126039028,0.11223439127206802,0.9570000171661377,0.03228085860610008,0.08168483525514603,0.8489999771118164,-0.017070641741156578,0.07950513809919357,0.840499997138977,0.11005271226167679,0.049020424485206604,1.1050000190734863,-0.17093685269355774,0.027573732659220695,1.0390000343322754,0.15396171808242798,0.21373970806598663,1.2760000228881836,-0.28903505206108093,0.2328384518623352,1.0460000038146973,0.11323976516723633,0.30467984080314636,1.1370000839233398,-0.11715216189622879,0.2831214368343353,0.9325000047683716
-0.005426356568932533,0.11265552043914795,0.9474999904632568,0.0213256124407053,0.08463507145643234,0.8510000109672546,-0.026603925973176956,0.08086702227592468,0.840499997138977,0.1017407700419426,0.04392553120851517,1.1119999885559082,-0.17892296612262726,0.029186859726905823,1.0364999771118164,0.14177826046943665,0.2120039463043213,1.277999997138977,-0.30063456296920776,0.22884252667427063,1.0509999990463257,0.10628944635391235,0.3021864891052246,1.1414999961853027,-0.13375112414360046,0.2863093912601471,0.9430000185966492
-0.008434130810201168,0.11029931902885437,0.940500020980835,0.01720907725393772,0.08335399627685547,0.8519999980926514,-0.026651404798030853,0.0810113474726677,0.8420000076293945,0.09331541508436203,0.04238888993859291,1.11899995803833,-0.18704929947853088,0.025790533050894737,1.034999966621399,0.1356719583272934,0.21009743213653564,1.2790000438690186,-0.3041851818561554,0.22384007275104523,1.0515000820159912,0.1030845195055008,0.301783949136734,1.1470000743865967,-0.14352525770664215,0.2859894335269928,0.9470000267028809
-0.012770837172865868,0.11129835247993469,0.9235000014305115,0.014456492848694324,0.08478424698114395,0.8524999618530273,-0.03483737260103226,0.0823756605386734,0.8420000076293945,0.08243643492460251,0.04057573527097702,1.11899995803833,-0.19198767840862274,0.029130540788173676,1.034500002861023,0.12832844257354736,0.20957016944885254,1.2885000705718994,-0.30847036838531494,0.2227700650691986,1.0545001029968262,0.09403717517852783,0.3025732934474945,1.1500000953674316,-0.15163859724998474,0.2928737998008728,0.9595000147819519
-0.0183704886585474,0.1104741021990776,0.9045000076293945,0.008931126445531845,0.08754690736532211,0.8524999618530273,-0.039045944809913635,0.08535698801279068,0.8445000052452087,0.07337062060832977,0.036949433386325836,1.11899995803833,-0.19682595133781433,0.032451607286930084,1.0334999561309814,0.12296497076749802,0.20901210606098175,1.2979999780654907,-0.31679996848106384,0.2221095860004425,1.059499979019165,0.09054597467184067,0.3014943599700928,1.152999997138977,-0.1570865958929062,0.29887789487838745,0.9739999771118164
-0.025528015568852425,0.11119713634252548,0.8984999656677246,0.0020232319366186857,0.08887608349323273,0.8519999980926514,-0.04596934840083122,0.08825019747018814,0.8460000157356262,0.06793113052845001,0.03513628616929054,1.11899995803833,-0.20657344162464142,0.03240450844168663,1.031999945640564,0.11944477260112762,0.21021981537342072,1.3055000305175781,-0.3202334940433502,0.2221095860004425,1.059499979019165,0.08508854359388351,0.29640287160873413,1.1549999713897705,-0.15526887774467468,0.3015691637992859,0.9724999666213989
-0.029862375929951668,0.11107338964939117,0.8975000381469727,-0.0021183625794947147,0.08887608349323273,0.8519999980926514,-0.0500817745923996,0.08687940239906311,0.8460000157356262,0.06390254199504852,0.04032191261649132,1.1119999885559082,-0.2048019915819168,0.030717436224222183,1.031499981880188,0.12013096362352371,0.2114275097846985,1.312999963760376,-0.3253837525844574,0.2221095860004425,1.059499979019165,0.08321704715490341,0.29827433824539185,1.1549999713897705,-0.1571672409772873,0.29745233058929443,0.9745000004768372
-0.0312642902135849,0.11088775098323822,0.8960000276565552,-0.0021183625794947147,0.08749556541442871,0.8519999980926514,-0.0500817745923996,0.08687940239906311,0.8460000157356262,0.05430696904659271,0.03306958079338074,1.0015000104904175,-0.2089007943868637,0.030583428218960762,1.0269999504089355,0.1180933266878128,0.21371763944625854,1.3140000104904175,-0.325844407081604,0.22242404520511627,1.0609999895095825,0.0737316831946373,0.2977578341960907,1.152999997138977,-0.15907205641269684,0.2917337715625763,0.9765000343322754
