0.19076044857501984,0.013097506947815418,1.0954999923706055,0.2135600447654724,-0.0077428496442735195,1.0339999198913574,0.14856868982315063,-0.013704155571758747,0.9810000061988831,0.320854514837265,0.004640304949134588,1.2039999961853027,0.03103615902364254,-0.053423382341861725,1.2384999990463257,0.36002859473228455,0.19565580785274506,1.3509999513626099,-0.06072133406996727,0.11109843105077744,1.3609999418258667,0.24829117953777313,0.3305410146713257,1.3044999837875366,0.0219433456659317,0.2691725790500641,1.2940000295639038
0.19051438570022583,0.012960015796124935,1.0839999914169312,0.2169109284877777,-0.0077428496442735195,1.0339999198913574,0.15286843478679657,-0.01524693239480257,0.9780000448226929,0.3264358639717102,0.006585710681974888,1.2030000686645508,0.038795240223407745,-0.053056731820106506,1.2300000190734863,0.3595365583896637,0.19638045132160187,1.340999960899353,-0.05616595223546028,0.10861313343048096,1.3574999570846558,0.2546323835849762,0.3305410146713257,1.3044999837875366,0.02820078656077385,0.26257771253585815,1.2925000190734863
0.19533222913742065,0.009425348602235317,1.0815000534057617,0.22193722426891327,-0.01109369657933712,1.0339999198913574,0.1553996205329895,-0.018340978771448135,0.9739999771118164,0.33005979657173157,0.006580235902220011,1.2020000219345093,0.042642150074243546,-0.050897661596536636,1.2259999513626099,0.3577938377857208,0.19326622784137726,1.3344999551773071,-0.05356879532337189,0.10999643057584763,1.347499966621399,0.25885987281799316,0.3263135552406311,1.3044999837875366,0.032176364213228226,0.2608508765697479,1.2839999198913574
0.19856125116348267,0.0076623172499239445,1.0800000429153442,0.22812055051326752,-0.014626147225499153,1.0469999313354492,0.1583118587732315,-0.021464278921484947,0.9724999666213989,0.3281121253967285,0.010475514456629753,1.2020000219345093,0.03862176090478897,-0.04488309845328331,1.2244999408721924,0.3573916554450989,0.19304898381233215,1.3329999446868896,-0.050889644771814346,0.10677290707826614,1.3344999551773071,0.2656082808971405,0.33797624707221985,1.316999912261963,0.025742920115590096,0.246530219912529,1.2744998931884766
0.19608233869075775,0.0058904606848955154,1.0759999752044678,0.2319386750459671,-0.016720177605748177,1.0724999904632568,0.1564137488603592,-0.0245652012526989,0.9704999923706055,0.3236773610115051,0.01045808382332325,1.2000000476837158,0.03644317388534546,-0.04267128184437752,1.218000054359436,0.3534691333770752,0.19326622784137726,1.3344999551773071,-0.05681775510311127,0.10359152406454086,1.3215000629425049,0.2680284082889557,0.3410557806491852,1.3289999961853027,0.015374951995909214,0.2417343407869339,1.2709999084472656
0.19116343557834625,0.00584666570648551,1.068000078201294,0.22878257930278778,-0.01674356311559677,1.0740000009536743,0.15138351917266846,-0.022945286706089973,0.968500018119812,0.3192555606365204,0.010440653190016747,1.1979999542236328,0.032189201563596725,-0.04226839542388916,1.2065000534057617,0.34940609335899353,0.19341105222702026,1.3355000019073486,-0.06919098645448685,0.10075933486223221,1.3125,0.2663751244544983,0.3416973352432251,1.3315000534057617,-0.0072675952687859535,0.23107297718524933,1.2690000534057617
0.18484000861644745,0.004091099835932255,1.061500072479248,0.22408221662044525,-0.01678253710269928,1.0764999389648438,0.1473264992237091,-0.024362705647945404,0.9624999761581421,0.31264716386795044,0.008478211238980293,1.1949999332427979,0.030021250247955322,-0.04197060316801071,1.1979999542236328,0.3429141938686371,0.1912471204996109,1.3355000019073486,-0.08378961682319641,0.10041387379169464,1.3079999685287476,0.26235538721084595,0.3356025516986847,1.3329999446868896,-0.02563135325908661,0.2297983467578888,1.2620000839233398
0.1790875941514969,0.005791921634227037,1.058000087738037,0.21781088411808014,-0.018587060272693634,1.0799999237060547,0.14028197526931763,-0.024223491549491882,0.9570000171661377,0.3000216782093048,0.016169095411896706,1.190999984741211,0.016405627131462097,-0.04190053418278694,1.1959999799728394,0.32343849539756775,0.18475525081157684,1.3355000019073486,-0.10442185401916504,0.10620063543319702,1.3009999990463257,0.26235538721084595,0.3356025516986847,1.3329999446868896,-0.04387817159295082,0.23101648688316345,1.2574999332427979
0.1722303032875061,0.005791921634227037,1.058000087738037,0.20954498648643494,-0.01863008551299572,1.0824999809265137,0.12881870567798615,-0.02410958707332611,0.9524999856948853,0.2901287376880646,0.008442739024758339,1.190000057220459,0.008624967187643051,-0.039828963577747345,1.191999912261963,0.31911057233810425,0.1912471204996109,1.3355000019073486,-0.12662969529628754,0.1095680370926857,1.2910000085830688,0.2537156939506531,0.34208226203918457,1.3329999446868896,-0.059963468462228775,0.2403411716222763,1.253000020980835
0.15829096734523773,0.0057837096974253654,1.05649995803833,0.19948051869869232,-0.018673112615942955,1.0850000381469727,0.1189936175942421,-0.02399568445980549,0.9480000138282776,0.27855950593948364,0.008442739024758339,1.190000057220459,-0.002951286733150482,-0.03773856535553932,1.187000036239624,0.30270272493362427,0.1939903348684311,1.3394999504089355,-0.14478044211864471,0.12988008558750153,1.2850000858306885,0.2404852956533432,0.3438548147678375,1.3315000534057617,-0.07541513442993164,0.2499028891324997,1.2400000095367432
0.14630772173404694,0.0057837096974253654,1.05649995803833,0.18575771152973175,-0.018707532435655594,1.0870000123977661,0.1082410216331482,-0.02553175762295723,0.9480000138282776,0.2573492228984833,0.01229912880808115,1.190000057220459,-0.018260808661580086,-0.03374912962317467,1.181999921798706,0.2728247344493866,0.19000343978405,1.3420000076293945,-0.1669662743806839,0.1604224145412445,1.2795000076293945,0.2318553626537323,0.34601229429244995,1.3315000534057617,-0.08477205038070679,0.2737966477870941,1.2300000190734863
0.13083875179290771,0.0057809725403785706,1.055999994277954,0.16822195053100586,-0.01871613971889019,1.0875000953674316,0.09436646103858948,-0.023983027786016464,0.9474999904632568,0.24577997624874115,0.014227324165403843,1.190000057220459,-0.03525775298476219,-0.025911634787917137,1.1740000247955322,0.25885093212127686,0.19092372059822083,1.3485000133514404,-0.1821892410516739,0.17980951070785522,1.2699999809265137,0.21891045570373535,0.3503272235393524,1.3315000534057617,-0.08861376345157623,0.30717748403549194,1.2279999256134033
0.09319497644901276,0.0057809725403785706,1.055999994277954,0.1311570554971695,-0.018707532435655594,1.0870000123977661,0.06052648276090622,-0.023957716301083565,0.9465000033378601,0.2072158306837082,0.006514543201774359,1.190000057220459,-0.06725107133388519,-0.012531371787190437,1.1679999828338623,0.22277405858039856,0.18525736033916473,1.3550000190734863,-0.20224495232105255,0.23646916449069977,1.253999948501587,0.19637225568294525,0.33358845114707947,1.3250000476837158,-0.09574714303016663,0.3854338824748993,1.2174999713897705
0.07266199588775635,0.009203113615512848,1.055999994277954,0.11002130806446075,-0.018707532435655594,1.0870000123977661,0.04041745141148567,-0.020802142098546028,0.9424999952316284,0.1839226484298706,0.008435643278062344,1.1890000104904175,-0.09358638525009155,-0.004952685441821814,1.1660000085830688,0.19862286746501923,0.18525736033916473,1.3550000190734863,-0.21362003684043884,0.25541451573371887,1.2374999523162842,0.1778535693883896,0.32716843485832214,1.2994999885559082,-0.10070143640041351,0.4301006495952606,1.1829999685287476
0.052129026502370834,0.0126252556219697,1.055999994277954,0.08888556808233261,-0.015184931457042694,1.0870000123977661,0.02197418548166752,-0.017653662711381912,0.9375,0.15847615897655487,0.008414358831942081,1.1859999895095825,-0.12156017869710922,0.006363996770232916,1.162500023841858,0.17699317634105682,0.19219796359539032,1.3574999570846558,-0.22632090747356415,0.2714593708515167,1.2195000648498535,0.15722954273223877,0.31948962807655334,1.2690000534057617,-0.11246934533119202,0.42472633719444275,1.128000020980835
0.03147636726498604,0.01598661206662655,1.0520000457763672,0.06774982064962387,-0.01166232954710722,1.0870000123977661,0.003739345585927367,-0.014592154882848263,0.9359999895095825,0.13518710434436798,0.004563223570585251,1.184000015258789,-0.14298583567142487,0.013784961774945259,1.152999997138977,0.15307879447937012,0.18814460933208466,1.3599998950958252,-0.24572739005088806,0.2784366011619568,1.1985000371932983,0.14120393991470337,0.32193711400032043,1.254499912261963,-0.11998873203992844,0.4050903916358948,1.0805000066757202
0.010963547974824905,0.019294384866952896,1.0464999675750732,0.044770240783691406,-0.008124751038849354,1.0850000381469727,-0.015942838042974472,-0.010020806454122066,0.9340000152587891,0.11024678498506546,0.010318642482161522,1.184000015258789,-0.16190552711486816,0.0265947338193655,1.1414999961853027,0.1290753185749054,0.19069816172122955,1.3624999523162842,-0.25093671679496765,0.28472045063972473,1.1684999465942383,0.12424501776695251,0.3201407492160797,1.247499942779541,0,0,0
-0.02771577425301075,0.03248300775885582,1.0344998836517334,0.006067405920475721,0.004164326470345259,1.0804998874664307,-0.05047934129834175,-0.0009354305220767856,0.9290000200271606,0.07373325526714325,0.014143634587526321,1.183000087738037,-0.20247666537761688,0.04099274054169655,1.130500078201294,0.08492100238800049,0.19290587306022644,1.3624999523162842,-0.2710898518562317,0.2983635663986206,1.1340000629425049,0.09674990177154541,0.33213305473327637,1.2319999933242798,0,0,0
-0.04597599804401398,0.03569691255688667,1.0304999351501465,-0.013154543936252594,0.00939048733562231,1.0774999856948853,-0.06832157075405121,0.005069299601018429,0.9259999990463257,0.0507308728992939,0.023727897554636,1.183000087738037,-0.2226712852716446,0.04611799865961075,1.121500015258789,0.06272853165864944,0.19255191087722778,1.3599998950958252,-0.28525274991989136,0.2994544506072998,1.1175000667572021,0.08267366141080856,0.32196375727653503,1.2014999389648438,0,0,0
-0.06061907857656479,0.04210863262414932,1.0240000486373901,-0.02869366854429245,0.016275344416499138,1.071000099182129,-0.08133950084447861,0.011005253531038761,0.9205000400543213,0.033450789749622345,0.023707838729023933,1.1820000410079956,-0.23815901577472687,0.05638566240668297,1.1089999675750732,0.04721591994166374,0.19219796359539032,1.3574999570846558,-0.29499518871307373,0.30726414918899536,1.1064999103546143,0.07042012363672256,0.3052043616771698,1.1600000858306885,0,0,0
