0.142670139670372,0.005520961247384548,1.4325000047683716,0.17253708839416504,-0.019711075350642204,1.4110000133514404,0.11970891803503036,-0.024705301970243454,1.4355000257492065,0.26299241185188293,0.1516171097755432,1.5245000123977661,-0.006400266196578741,0.1549985408782959,1.558500051498413,0.30342888832092285,0.3895616829395294,1.5674999952316284,-0.06924327462911606,0.4237340986728668,1.6104999780654907,0.28336983919143677,0.5010380744934082,1.371999979019165,0,0,0
0.10785303264856339,-0.006084667518734932,1.4325000047683716,0.1383894979953766,-0.03346434235572815,1.412500023841858,0.08232049643993378,-0.03858042508363724,1.4325000047683716,0.23239414393901825,0.13769325613975525,1.534500002861023,-0.04166073724627495,0.14205235242843628,1.5549999475479126,0.26141300797462463,0.3759940564632416,1.5744999647140503,-0.1136058121919632,0.4106864035129547,1.6104999780654907,0.2478000819683075,0.5077073574066162,1.371999979019165,0,0,0
0.07767821848392487,-0.0200114194303751,1.4325000047683716,0.1063472330570221,-0.047196660190820694,1.412500023841858,0.049824535846710205,-0.05018605291843414,1.4325000047683716,0.193050816655159,0.1230548843741417,1.5379999876022339,-0.07937856763601303,0.12429502606391907,1.5534999370574951,0.22619754076004028,0.3666023910045624,1.5780000686645508,-0.1520853042602539,0.39850854873657227,1.6035000085830688,0.22112278640270233,0.5077073574066162,1.371999979019165,0,0,0
0.04268159717321396,-0.03148462250828743,1.4265000820159912,0.07201623916625977,-0.0586402527987957,1.412500023841858,0.014934102073311806,-0.061489734798669815,1.4255000352859497,0.15816161036491394,0.11059453338384628,1.5379999876022339,-0.11170530319213867,0.11131361126899719,1.5479999780654907,0.18826068937778473,0.34435248374938965,1.5815000534057617,-0.18097813427448273,0.38584068417549133,1.5835000276565552,0.197694331407547,0.53550124168396,1.4795000553131104,0,0,0
0.010321742855012417,-0.04535304382443428,1.4265000820159912,0.0399315245449543,-0.07229571044445038,1.4110000133514404,-0.017280982807278633,-0.07481985539197922,1.4155000448226929,0.12339262664318085,0.093240886926651,1.5394999980926514,-0.14568321406841278,0.09800656139850616,1.5360000133514404,0.1550942063331604,0.3318541646003723,1.5829999446868896,-0.2080233097076416,0.37397727370262146,1.5555000305175781,0.18245691061019897,0.5602670311927795,1.5980000495910645,0,0,0
-0.019643720239400864,-0.058972377330064774,1.4205000400543213,0.007923286408185959,-0.08601343631744385,1.4110000133514404,-0.04694797843694687,-0.0882997214794159,1.4110000133514404,0.09367089718580246,0.07845182716846466,1.5429999828338623,-0.17463503777980804,0.08264090865850449,1.527999997138977,0.11687703430652618,0.30945196747779846,1.5864999294281006,-0.22695782780647278,0.33576828241348267,1.497499942779541,0.15778851509094238,0.5489922761917114,1.6104999780654907,-0.45512163639068604,0.9935107231140137,2.6614999771118164
-0.04713097959756851,-0.07257752120494843,1.4165000915527344,-0.017244355753064156,-0.10212591290473938,1.412500023841858,-0.07626238465309143,-0.10374932736158371,1.403499960899353,0.06882478296756744,0.06108887866139412,1.5464999675750732,-0.20327575504779816,0.0698937177658081,1.5199999809265137,0.0911703109741211,0.29402801394462585,1.5864999294281006,-0.24701227247714996,0.30281955003738403,1.4444999694824219,0.12674866616725922,0.5371093153953552,1.6140000820159912,-0.4902080297470093,0.910798966884613,2.5739998817443848
-0.07446268200874329,-0.08839359134435654,1.412500023841858,-0.04699788615107536,-0.11814694851636887,1.412500023841858,-0.10336773097515106,-0.11945512145757675,1.4010000228881836,0.033851854503154755,0.04117482528090477,1.5514999628067017,-0.22907964885234833,0.04746067523956299,1.5115000009536743,0.0630514845252037,0.2741522490978241,1.590499997138977,-0.27275869250297546,0.2700515687465668,1.4444999694824219,0.09548404067754745,0.5168272256851196,1.6160000562667847,-0.4991236627101898,0.791071891784668,2.4735000133514404
-0.10171099752187729,-0.10190900415182114,1.409500002861023,-0.07186736911535263,-0.131319060921669,1.406499981880188,-0.13037586212158203,-0.1305721402168274,1.3984999656677246,0.0062202573753893375,0.02366079017519951,1.556999921798706,-0.2527173161506653,0.032343167811632156,1.4919999837875366,0.029789993539452553,0.25300922989845276,1.6035000085830688,-0.28812849521636963,0.23956972360610962,1.4164999723434448,0.07216255366802216,0.48705780506134033,1.621500015258789,-0.5302943587303162,0.6850430965423584,2.3970000743865967
-0.12406372278928757,-0.11516103148460388,1.4040000438690186,-0.09655743837356567,-0.14669615030288696,1.4010000228881836,-0.15463609993457794,-0.14580611884593964,1.3924999237060547,-0.02155900001525879,0.006008501630276442,1.559000015258789,-0.27336668968200684,0.015224047005176544,1.4730000495910645,0.00644198153167963,0.23613980412483215,1.6124999523162842,-0.29433366656303406,0.1977628469467163,1.38100004196167,0.04627075791358948,0.4699188768863678,1.6349999904632568,-0.41295915842056274,0.4389447867870331,1.8135000467300415
-0.1460813581943512,-0.1304320991039276,1.3970000743865967,-0.11904560774564743,-0.1600305736064911,1.3984999656677246,-0.17649948596954346,-0.1587146371603012,1.3870000839233398,-0.0519222691655159,-0.009156886488199234,1.5605000257492065,-0.292145311832428,0.0008952718926593661,1.4595000743865967,-0.022478610277175903,0.21697276830673218,1.625499963760376,-0.3082088828086853,0.16731825470924377,1.3345000743865967,0.025230059400200844,0.44880399107933044,1.6449999809265137,-0.2941831648349762,0.25572413206100464,1.2390000820159912
-0.1678721308708191,-0.14103984832763672,1.3900001049041748,-0.1389913707971573,-0.173068106174469,1.3940000534057617,-0.1986149698495865,-0.17188866436481476,1.3845000267028809,-0.07221997529268265,-0.02182048186659813,1.562000036239624,-0.3105301558971405,-0.013171008788049221,1.4459999799728394,-0.05181514471769333,0.19994041323661804,1.6370000839233398,-0.3196536600589752,0.13670435547828674,1.3105000257492065,-0.0014275991125032306,0.4257188141345978,1.6484999656677246,-0.3020448088645935,0.19687393307685852,1.1985000371932983
-0.1876012086868286,-0.15410864353179932,1.3860000371932983,-0.15897731482982635,-0.18621894717216492,1.3910000324249268,-0.21769897639751434,-0.1844116449356079,1.377500057220459,-0.09752971678972244,-0.037006232887506485,1.562000036239624,-0.32886528968811035,-0.029326600953936577,1.434000015258789,-0.07064060866832733,0.18470001220703125,1.6430000066757202,-0.3278811275959015,0.10901638120412827,1.284500002861023,-0.02016826532781124,0.40253159403800964,1.6519999504089355,-0.3042739927768707,0.14386942982673645,1.162500023841858
-0.20475180447101593,-0.16468144953250885,1.380500078201294,-0.17649948596954346,-0.1924256533384323,1.3870000839233398,-0.23367410898208618,-0.194009929895401,1.366499900817871,-0.12030848860740662,-0.049661025404930115,1.562000036239624,-0.3487399220466614,-0.040287669748067856,1.4110000133514404,-0.094600610435009,0.17138898372650146,1.6430000066757202,-0.34108126163482666,0.08474743366241455,1.2639999389648438,-0.04447384551167488,0.39372193813323975,1.6600000858306885,-0.3171864449977875,0.11927945911884308,1.1614999771118164
-0.2195318341255188,-0.1751651167869568,1.375,-0.19335706532001495,-0.20472238957881927,1.378999948501587,-0.24698539078235626,-0.20327992737293243,1.3545000553131104,-0.1430872529745102,-0.0673777386546135,1.562000036239624,-0.3603495657444,-0.05109599232673645,1.3940000534057617,-0.11589838564395905,0.15807795524597168,1.6430000066757202,-0.3574661612510681,0.06426643580198288,1.2639999389648438,-0.0663895308971405,0.3798580467700958,1.6700000762939453,-0.33036062121391296,0.09481325000524521,1.1614999771118164
-0.23666512966156006,-0.1835414618253708,1.371000051498413,-0.20593911409378052,-0.21503350138664246,1.3734999895095825,-0.26454341411590576,-0.21425361931324005,1.3545000553131104,-0.1582731008529663,-0.07243965566158295,1.562000036239624,-0.3761608302593231,-0.06464844942092896,1.3940000534057617,-0.13985837996006012,0.13944251835346222,1.6430000066757202,-0.3698909878730774,0.04559784382581711,1.2574999332427979,-0.0828232616186142,0.3644932508468628,1.6740000247955322,-0.3375360667705536,0.07242020964622498,1.1349999904632568
-0.24807943403720856,-0.19095361232757568,1.3604999780654907,-0.21929234266281128,-0.22393560409545898,1.3734999895095825,-0.27637922763824463,-0.21977809071540833,1.3480000495910645,-0.17852090299129486,-0.08256348967552185,1.562000036239624,-0.39225128293037415,-0.07106602191925049,1.3870000839233398,-0.1535423994064331,0.1291072517633438,1.6469999551773071,-0.37645190954208374,0.03709022328257561,1.2454999685287476,-0.10217534750699997,0.3467445969581604,1.6800000667572021,-0.3458065986633301,0.05907449871301651,1.125999927520752
-0.26005786657333374,-0.19881702959537506,1.3539999723434448,-0.23213744163513184,-0.23232914507389069,1.3704999685287476,-0.2892698049545288,-0.22834539413452148,1.347000002861023,-0.1960492730140686,-0.0925983190536499,1.5605000257492065,-0.4044533669948578,-0.07936299592256546,1.375,-0.17279843986034393,0.12418318539857864,1.6524999141693115,-0.3864503800868988,0.026576895266771317,1.2260000705718994,-0.12180785089731216,0.33745524287223816,1.687999963760376,-0.35240742564201355,0.04959713667631149,1.1180000305175781
-0.27291885018348694,-0.20736277103424072,1.3524999618530273,-0.2450137734413147,-0.2407718151807785,1.3680000305175781,-0.30124303698539734,-0.23619574308395386,1.3420000076293945,-0.20849138498306274,-0.10261369496583939,1.559000015258789,-0.4093067944049835,-0.08740812540054321,1.3615000247955322,-0.1908642202615738,0.10926257818937302,1.6700000762939453,-0.3933178782463074,0.002677139826118946,1.1985000371932983,-0.14458274841308594,0.32304155826568604,1.6985000371932983,-0.36263349652290344,0.0364871546626091,1.1050000190734863
-0.2813724875450134,-0.21588905155658722,1.3509999513626099,-0.2531379163265228,-0.24890831112861633,1.3639999628067017,-0.3102549612522125,-0.24343381822109222,1.3340001106262207,-0.2236480712890625,-0.11271808296442032,1.559000015258789,-0.41521361470222473,-0.0977516695857048,1.3519999980926514,-0.20933225750923157,0.10497000813484192,1.687999963760376,-0.39314335584640503,0.004484215285629034,1.1635000705718994,-0.15932238101959229,0.3139619827270508,1.7089999914169312,-0.3611777126789093,0.03405299782752991,1.0845000743865967
