0,0,0,-0.3844022750854492,-0.5586338043212891,1.9520000219345093,0,0,0,-0.3392890691757202,-0.3459334671497345,1.965499997138977,-0.2142321914434433,-0.49754244089126587,2.297999858856201,-0.4312218725681305,-0.13719512522220612,2.13700008392334,0,0,0,-0.5504987835884094,0.0271634291857481,2.2720000743865967,0,0,0
0,0,0,0,0,0,0,0,0,-0.32062438130378723,-0.3498935401439667,1.9880000352859497,-0.17124661803245544,-0.4874790608882904,2.321000099182129,-0.4133274555206299,-0.1404603123664856,2.134000062942505,0,0,0,-0.5394545197486877,0.023482033982872963,2.2720000743865967,0,0,0
0,0,0,-0.326134592294693,-0.5490590333938599,1.9630000591278076,0,0,0,-0.3056163489818573,-0.3516421914100647,2.0164999961853027,-0.14563895761966705,-0.49367383122444153,2.3324999809265137,-0.3948320746421814,-0.14347973465919495,2.127500057220459,0,0,0,-0.5429837703704834,0.024644766002893448,2.384500026702881,0,0,0
0,0,0,0,0,0,0,0,0,-0.2851981520652771,-0.3513981103897095,2.0339999198913574,-0.10819124430418015,-0.4838864505290985,2.3399999141693115,-0.3707011342048645,-0.14347973465919495,2.127500057220459,0,0,0,-0.5295164585113525,0.02181817777454853,2.503499984741211,0,0,0
0,0,0,0,0,0,0,0,0,-0.2665979564189911,-0.35626333951950073,2.0429999828338623,-0.078257717192173,-0.48255690932273865,2.3519999980926514,-0.3510868549346924,-0.13008694350719452,2.134000062942505,0,0,0,-0.525608241558075,0.026706678792834282,2.5840001106262207,0,0,0
0,0,0,0,0,0,0,0,0,-0.24782273173332214,-0.3478580117225647,2.052000045776367,-0.04801308736205101,-0.46969708800315857,2.364000082015991,-0.32342439889907837,-0.12662915885448456,2.134000062942505,0,0,0,-0.5101283192634583,0.018843624740839005,2.6560001373291016,0,0,0
0,0,0,0,0,0,0,0,0,-0.22251690924167633,-0.3432035744190216,2.064000129699707,-0.002054149517789483,-0.4520694613456726,2.372000217437744,-0.2919594347476959,-0.11750878393650055,2.1570000648498535,0,0,0,-0.4869827330112457,0.006073544267565012,2.7189998626708984,0,0,0
0,0,0,0,0,0,0,0,0,-0.18883313238620758,-0.34213969111442566,2.0985000133514404,0.02532668597996235,-0.4529067873954773,2.4175000190734863,-0.2637041509151459,-0.10833846032619476,2.183500051498413,0,0,0,-0.44733133912086487,0.00166786159388721,2.7189998626708984,0,0,0
0,0,0,0,0,0,0,0,0,-0.17498420178890228,-0.33802878856658936,2.13700008392334,0.0575430653989315,-0.4360647201538086,2.4549999237060547,-0.22302119433879852,-0.1127731055021286,2.2009999752044678,0,0,0,-0.3768399953842163,-0.05120032653212547,2.7189998626708984,0,0,0
0,0,0,0,0,0,0,0,0,-0.14797203242778778,-0.34308943152427673,2.1470000743865967,0.09385783970355988,-0.43446290493011475,2.4685001373291016,-0.18583692610263824,-0.11402842402458191,2.2255001068115234,0.06549455970525742,-0.18378031253814697,2.0764999389648438,-0.3460000157356262,-0.05120032653212547,2.7189998626708984,0,0,0
0,0,0,0,0,0,0,0,0,-0.12030891329050064,-0.3366014361381531,2.1500000953674316,0.1314869225025177,-0.4318189024925232,2.499500036239624,-0.15665599703788757,-0.1127791702747345,2.2730000019073486,0.10683895647525787,-0.17867109179496765,2.0954999923706055,-0.2622915506362915,-0.07322873920202255,2.7189998626708984,0,0,0
0,0,0,0,0,0,0,0,0,-0.09636890888214111,-0.3381670117378235,2.1600000858306885,0.1598372459411621,-0.4237188696861267,2.499500036239624,-0.137428879737854,-0.1076623797416687,2.321499824523926,0.13521738350391388,-0.16658635437488556,2.114500045776367,-0.24907441437244415,-0.09085147082805634,2.7189998626708984,0,0,0
0,0,0,0,0,0,0,0,0,-0.07561352849006653,-0.33224040269851685,2.1670000553131104,0.19323742389678955,-0.41778045892715454,2.5124998092651367,-0.1157991886138916,-0.1085435301065445,2.3404998779296875,0.1675453931093216,-0.16462625563144684,2.133500099182129,-0.20707793533802032,-0.11965063959360123,2.5799999237060547,0,0,0
0,0,0,0,0,0,0,0,0,-0.05488565191626549,-0.3413764536380768,2.180500030517578,0.2221323400735855,-0.4185287356376648,2.5169999599456787,-0.09714744985103607,-0.11269590258598328,2.3480000495910645,0.20769686996936798,-0.17457802593708038,2.311000108718872,-0.1681312471628189,-0.15266278386116028,2.439500093460083,0,0,0
0,0,0,0,0,0,0,0,0,-0.0377490259706974,-0.34264642000198364,2.2115001678466797,0.2461618334054947,-0.4137093722820282,2.5124998092651367,-0.08206876367330551,-0.11669890582561493,2.3519999980926514,0.24804186820983887,-0.18006695806980133,2.490499973297119,-0.13634464144706726,-0.16737307608127594,2.368000030517578,0,0,0
0,0,0,0,0,0,0,0,0,-0.012765539810061455,-0.34535783529281616,2.2290000915527344,0.26651740074157715,-0.4055671989917755,2.5124998092651367,-0.06752068549394608,-0.13331741094589233,2.376500129699707,0.2650853991508484,-0.18473073840141296,2.499000072479248,-0.12483372539281845,-0.19806864857673645,2.368000030517578,0,0,0
0,0,0,0,0,0,0,0,0,0.0016840712632983923,-0.3495175242424011,2.2325000762939453,0.28891757130622864,-0.4067850708961487,2.494999885559082,-0.0644334927201271,-0.1388131082057953,2.4050002098083496,0.30667823553085327,-0.17726844549179077,2.507999897003174,-0.10948584973812103,-0.22876422107219696,2.368000030517578,0,0,0
0,0,0,0,0,0,0,0,0,0.019930550828576088,-0.3523356020450592,2.250500202178955,0.31537070870399475,-0.40149611234664917,2.5124998092651367,-0.06487555801868439,-0.14761272072792053,2.4215002059936523,0.3340972065925598,-0.1747930645942688,2.5310001373291016,-0.09413796663284302,-0.2632967233657837,2.368000030517578,0,0,0
0,0,0,0,0,0,0,0,0,0.027852738276124,-0.3642074167728424,2.302500009536743,0.3217746615409851,-0.39933884143829346,2.499000072479248,-0.0654381737112999,-0.17263883352279663,2.442500114440918,0.3591559827327728,-0.18534496426582336,2.563499927520752,-0.08262705057859421,-0.2939923107624054,2.368000030517578,0.249545156955719,-0.07098174095153809,2.3524999618530273
0,0,0,0,0,0,0,0,0,0.028499912470579147,-0.3803050220012665,2.3559999465942383,0.32815712690353394,-0.40128961205482483,2.4860000610351562,-0.05393793061375618,-0.19376641511917114,2.4594998359680176,0.37161722779273987,-0.1770375370979309,2.563499927520752,-0.052194464951753616,-0.3417588472366333,2.380000114440918,0.2609806954860687,-0.06335807591676712,2.3524999618530273
