0,0,0,0.07382959872484207,0.09191538393497467,1.125999927520752,0,0,0,0.2707917392253876,0.05693240463733673,1.3320000171661377,0.02490614913403988,0.004399425350129604,1.1414999961853027,0.41973868012428284,0.2515964210033417,1.5019999742507935,-0.004585111513733864,0.1092308983206749,1.116499900817871,0.23852477967739105,0.35946694016456604,1.5260000228881836,0.013850867748260498,0.30506327748298645,1.5640000104904175
0.06315264850854874,0.09605161845684052,1.2005000114440918,0.07898619025945663,0.06792442500591278,1.121500015258789,0.030264588072896004,0.0694570243358612,1.0115000009536743,0.2807592451572418,0.03497803583741188,1.3179999589920044,0.02490614913403988,-0.002999010495841503,1.1414999961853027,0.41369307041168213,0.2277047485113144,1.4889999628067017,-0.0027424339205026627,0.09718680381774902,1.1029999256134033,0.23357948660850525,0.33226802945137024,1.5260000228881836,0.011316652409732342,0.28225547075271606,1.5640000104904175
0.06315264850854874,0.06687349081039429,1.2005000114440918,0.08080339431762695,0.04248359426856041,1.121500015258789,0.03432182967662811,0.040883928537368774,1.0350000858306885,0.2761337161064148,0.011211937293410301,1.2864999771118164,0.022763652727007866,-0.015743715688586235,1.127000093460083,0.41345101594924927,0.20947101712226868,1.4795000553131104,-0.0062195491045713425,0.08161146193742752,1.0859999656677246,0.23110684752464294,0.31001439690589905,1.5260000228881836,0.011316652409732342,0.2543793022632599,1.5640000104904175
0.06315264850854874,0.041585780680179596,1.2005000114440918,0.08485192060470581,0.01712634228169918,1.127000093460083,0.03162597119808197,0.021200666204094887,1.0570000410079956,0.2674194872379303,-0.007422916125506163,1.2649999856948853,0.017024539411067963,-0.03708905354142189,1.1100000143051147,0.40147489309310913,0.19165895879268646,1.4535000324249268,-0.009738932363688946,0.06753402203321457,1.0859999656677246,0.22792647778987885,0.2813621461391449,1.5049999952316284,0.006006523501127958,0.22017748653888702,1.503499984741211
0.06933311372995377,0.024199245497584343,1.2065000534057617,0.08485192060470581,0.0006913130637258291,1.127000093460083,0.03167085349559784,0.009224901907145977,1.058500051498413,0.2674194872379303,-0.01972123607993126,1.2649999856948853,0.013330604881048203,-0.04932098835706711,1.1019999980926514,0.3868115544319153,0.17410816252231598,1.4255000352859497,-0.016777697950601578,0.05521625652909279,1.0859999656677246,0.22304923832416534,0.26185333728790283,1.5049999952316284,-0.003717079758644104,0.19228635728359222,1.4950000047683716
0.06695932149887085,0.004621034953743219,1.1990000009536743,0.08485192060470581,-0.021222056820988655,1.127000093460083,0.03351214900612831,-0.013121074065566063,1.0625,0.2608572244644165,-0.029922453686594963,1.2630000114440918,0.004360572434961796,-0.06476838141679764,1.0915000438690186,0.374952107667923,0.15588995814323425,1.4070000648498535,-0.023816464468836784,0.04641785845160484,1.0859999656677246,0.20337854325771332,0.2344694286584854,1.4860000610351562,-0.01532620470970869,0.16741347312927246,1.4474999904632568
0.05120258405804634,-0.00894097052514553,1.194000005722046,0.07572129368782043,-0.030352629721164703,1.127000093460083,0.021612340584397316,-0.027083735913038254,1.0700000524520874,0.2608572244644165,-0.04834076389670372,1.2630000114440918,-0.0009300827514380217,-0.07243113219738007,1.0740000009536743,0.36096906661987305,0.14572757482528687,1.3970000743865967,-0.029095537960529327,0.0376194529235363,1.0859999656677246,0.19709303975105286,0.21839383244514465,1.475000023841858,-0.019913380965590477,0.1502131074666977,1.440000057220459
0.05120258405804634,-0.018614351749420166,1.194000005722046,0.0793735533952713,-0.04130931571125984,1.127000093460083,0.02173352986574173,-0.034209512174129486,1.0759999752044678,0.24838148057460785,-0.06057165190577507,1.2620000839233398,-0.007824946194887161,-0.07872678339481354,1.065000057220459,0.3473873734474182,0.13893677294254303,1.3970000743865967,-0.043372225016355515,0.03500170633196831,1.2430000305175781,0.18244433403015137,0.2010795772075653,1.4535000324249268,-0.03387780860066414,0.13840240240097046,1.4385000467300415
0.0453985221683979,-0.026353059336543083,1.194000005722046,0.06577020138502121,-0.04936864227056503,1.1445000171661377,0.016564415767788887,-0.044836439192295074,1.0799999237060547,0.2426307499408722,-0.07090813666582108,1.2639999389648438,-0.013001940213143826,-0.09080635756254196,1.065000057220459,0.33966487646102905,0.12357614934444427,1.4024999141693115,-0.06544645875692368,0.035271983593702316,1.4155000448226929,0.1710595041513443,0.18482643365859985,1.437000036239624,-0.040699925273656845,0.1262194961309433,1.4325000047683716
0.02992101199924946,-0.045699819922447205,1.194000005722046,0.054953645914793015,-0.06829904764890671,1.1510000228881836,0.00431462936103344,-0.06408598273992538,1.0799999237060547,0.22642484307289124,-0.08531226962804794,1.2649999856948853,-0.03543557599186897,-0.10116028785705566,1.065000057220459,0.3169395923614502,0.11448607593774796,1.4024999141693115,-0.08863216638565063,0.033071596175432205,1.4195001125335693,0.15163648128509521,0.1653316468000412,1.4294999837875366,-0.06159018725156784,0.1146138608455658,1.4325000047683716
0.02810351923108101,-0.05171952769160271,1.1990000009536743,0.0550013892352581,-0.07582487165927887,1.1519999504089355,0.0025646600406616926,-0.07108581066131592,1.0799999237060547,0.21865718066692352,-0.08958841860294342,1.2674999237060547,-0.03716123849153519,-0.0942576676607132,1.065000057220459,0.3078494668006897,0.11221356689929962,1.4024999141693115,-0.10261301696300507,0.03773806616663933,1.4220000505447388,0.1461298018693924,0.15974359214305878,1.4210000038146973,-0.06855360418558121,0.1146138608455658,1.4325000047683716
0.022368039935827255,-0.05778784677386284,1.2039999961853027,0.0521804504096508,-0.07907402515411377,1.1725000143051147,-0.004525565076619387,-0.07610508054494858,1.1019999980926514,0.20879928767681122,-0.09182294458150864,1.2699999809265137,-0.042338233441114426,-0.09770897775888443,1.065000057220459,0.2930866479873657,0.10809077322483063,1.4079999923706055,-0.1106807291507721,0.03347931057214737,1.437000036239624,0.13073183596134186,0.1487327367067337,1.4040000438690186,-0.0798235610127449,0.11182239651679993,1.4264999628067017
0.01654965803027153,-0.05986277014017105,1.2065000534057617,0.04346382990479469,-0.08245867490768433,1.194000005722046,-0.008243746124207973,-0.08112231642007828,1.121999979019165,0.20127864181995392,-0.09421341121196747,1.2745000123977661,-0.051445119082927704,-0.10211014747619629,1.0750000476837158,0.28029096126556396,0.1084362342953682,1.412500023841858,-0.11926274001598358,0.03157360851764679,1.4565000534057617,0.12262729555368423,0.14044231176376343,1.3895000219345093,-0.07957174628973007,0.11377375572919846,1.4219999313354492
0.012665961869060993,-0.06586375087499619,1.2089999914169312,0.03781747445464134,-0.0866895318031311,1.1990000009536743,-0.01193802896887064,-0.0851738303899765,1.127500057220459,0.1930505633354187,-0.09942392259836197,1.2885000705718994,-0.05922764539718628,-0.10706726461648941,1.090000033378601,0.2753605246543884,0.09767930954694748,1.4225000143051147,-0.12660305202007294,0.03400351479649544,1.4594999551773071,0.11989935487508774,0.13315878808498383,1.3840000629425049,-0.08358801901340485,0.1129736602306366,1.4119999408721924
0.010724680498242378,-0.06793493032455444,1.2109999656677246,0.035964444279670715,-0.09080172330141068,1.2020000219345093,-0.013832109048962593,-0.08375345915555954,1.1329998970031738,0.18838173151016235,-0.10237832367420197,1.2994999885559082,-0.06687010824680328,-0.10978196561336517,1.0994999408721924,0.26569056510925293,0.09372373670339584,1.4325000047683716,-0.13634228706359863,0.03170367330312729,1.462499976158142,0.11092913150787354,0.12867371737957,1.3840000629425049,-0.08535898476839066,0.10774531215429306,1.403499960899353
0.006828289479017258,-0.07215607911348343,1.2160000801086426,0.03441299498081207,-0.09579996019601822,1.2160000801086426,-0.017534703016281128,-0.08757946640253067,1.1349999904632568,0.1848790943622589,-0.10488596558570862,1.3044999837875366,-0.07260888814926147,-0.11217232793569565,1.1054999828338623,0.25568121671676636,0.09197685867547989,1.441499948501587,-0.14122648537158966,0.029364023357629776,1.4639999866485596,0.10412617772817612,0.12633982300758362,1.3830000162124634,-0.0889463946223259,0.10434393584728241,1.3884999752044678
0.0028947414830327034,-0.07628445327281952,1.218999981880188,0.03284285217523575,-0.10097095370292664,1.2309999465942383,-0.01942499913275242,-0.09334277361631393,1.1380000114440918,0.1816210150718689,-0.10757385939359665,1.311500072479248,-0.07674282789230347,-0.12020102143287659,1.1134999990463257,0.24787631630897522,0.09255111962556839,1.4505000114440918,-0.14597085118293762,0.03410835936665535,1.4639999866485596,0.10188525170087814,0.12633982300758362,1.3830000162124634,-0.09021104872226715,0.10099118947982788,1.3734999895095825
0.004887916147708893,-0.07656606286764145,1.2235000133514404,0.0329228937625885,-0.10121702402830124,1.2339999675750732,-0.019476208835840225,-0.09358884394168854,1.1410000324249268,0.17691604793071747,-0.10859914869070053,1.3240000009536743,-0.0815419852733612,-0.12015120685100555,1.1299999952316284,0.2439301311969757,0.08812308311462402,1.4549999237060547,-0.15783175826072693,0.029364023357629776,1.4639999866485596,0.097403384745121,0.12633982300758362,1.3830000162124634,-0.09243658185005188,0.09876566380262375,1.3734999895095825
0.004909888841211796,-0.07890164852142334,1.2290000915527344,0.03301627188920975,-0.10150410979986191,1.2374999523162842,-0.019587159156799316,-0.09412200003862381,1.1475000381469727,0.17628873884677887,-0.11603427678346634,1.3355000019073486,-0.08337297290563583,-0.12381315976381302,1.1299999952316284,0.23881080746650696,0.08647284656763077,1.4670000076293945,-0.15783175826072693,0.03410835936665535,1.4639999866485596,0.09516245126724243,0.12409890443086624,1.3830000162124634,-0.09021104872226715,0.10099118947982788,1.3734999895095825
0.004917878657579422,-0.07703540474176407,1.2309999465942383,0.03320303186774254,-0.10207826644182205,1.244499921798706,-0.0178745836019516,-0.09490121901035309,1.1570000648498535,0.17260462045669556,-0.11429664492607117,1.3405001163482666,-0.0837068110704422,-0.1252206414937973,1.159999966621399,0.23869012296199799,0.08249865472316742,1.4809999465942383,-0.1602039337158203,0.03648052364587784,1.4639999866485596,0.09554089605808258,0.12459242343902588,1.3884999752044678,-0.0857599601149559,0.10099118947982788,1.3734999895095825
