0,0,0,0,0,0,0,0,0,-0.556613564491272,-0.40849098563194275,1.9909999370574951,-0.25504928827285767,-0.3693329393863678,1.9544999599456787,-0.6918304562568665,-0.20166610181331635,2.0875000953674316,-0.2549482583999634,-0.10816176235675812,2.1110000610351562,-0.5615103840827942,-0.10173148661851883,1.9854999780654907,-0.25001364946365356,0.005888144485652447,2.636000156402588
0,0,0,0,0,0,0,0,0,-0.5558542609214783,-0.40007442235946655,1.965499997138977,-0.24566130340099335,-0.36166971921920776,1.9305000305175781,-0.6844106912612915,-0.19567649066448212,2.0255000591278076,-0.24170173704624176,-0.1320270299911499,2.05649995803833,-0.5840306878089905,-0.09529715031385422,1.9854999780654907,-0.25001364946365356,0.010159339755773544,2.636000156402588
0,0,0,0,0,0,0,0,0,-0.5567635893821716,-0.39527425169944763,1.9574999809265137,-0.24608302116394043,-0.36392349004745483,1.9094998836517334,-0.687401533126831,-0.19049479067325592,2.005500078201294,-0.22076594829559326,-0.1372930109500885,1.9880000352859497,-0.5968994498252869,-0.09207997471094131,1.9854999780654907,-0.24434404075145721,0.005854637827724218,2.621000051498413
0,0,0,0,0,0,0,0,0,-0.5553587079048157,-0.38889750838279724,1.941499948501587,-0.2368008941411972,-0.3701115548610687,1.9094998836517334,-0.6862003207206726,-0.1811056286096573,1.9739999771118164,-0.20929701626300812,-0.15528100728988647,1.9709999561309814,-0.6065509915351868,-0.09207997471094131,1.9854999780654907,-0.23450040817260742,-0.0026240386068820953,2.6059999465942383
0,0,0,0,0,0,0,0,0,-0.5422796010971069,-0.3809831440448761,1.9175000190734863,-0.23989495635032654,-0.3701115548610687,1.9094998836517334,-0.6804645657539368,-0.17324824631214142,1.9574999809265137,-0.19332852959632874,-0.1712493896484375,1.9709999561309814,-0.6007509231567383,-0.08527898788452148,1.9769999980926514,-0.2103167474269867,-0.015071747824549675,2.56850004196167
0,0,0,0,0,0,0,0,0,-0.5346736311912537,-0.37472307682037354,1.9014999866485596,-0.22964665293693542,-0.37780413031578064,1.9014999866485596,-0.6713659763336182,-0.1599048674106598,1.9495000839233398,-0.17736005783081055,-0.1712493896484375,1.9709999561309814,-0.5847338438034058,-0.07246540486812592,1.9769999980926514,-0.19084180891513824,-0.023053821176290512,2.5310001373291016
0,0,0,-0.3535953760147095,-0.40285566449165344,1.3765000104904175,0,0,0,-0.5279581546783447,-0.3752211928367615,1.8884999752044678,-0.22656556963920593,-0.37780413031578064,1.9014999866485596,-0.6461018323898315,-0.14992377161979675,1.902999997138977,-0.16139158606529236,-0.1744430512189865,1.9709999561309814,-0.5857865214347839,-0.06042122840881348,2.002500057220459,-0.18263962864875793,-0.02715488336980343,2.5310001373291016
0,0,0,-0.3546229302883148,-0.4062632620334625,1.380500078201294,0,0,0,-0.509573757648468,-0.3707507252693176,1.8659999370574951,-0.22104090452194214,-0.3881668150424957,1.906999945640564,-0.6159362196922302,-0.13437239825725555,1.8585000038146973,-0.15181051194667816,-0.19041141867637634,1.9709999561309814,-0.5882730484008789,-0.05416072532534599,2.011000156402588,-0.16472464799880981,-0.04316328465938568,2.507999897003174
0,0,0,-0.3546229302883148,-0.4040263593196869,1.380500078201294,0,0,0,-0.49647974967956543,-0.36777040362358093,1.8509999513626099,-0.2117709368467331,-0.39434677362442017,1.906999945640564,-0.6008791923522949,-0.12533822655677795,1.8585000038146973,-0.13984695076942444,-0.19794702529907227,1.9824999570846558,-0.5752389430999756,-0.04112677648663521,2.011000156402588,-0.15384969115257263,-0.04240603372454643,2.4639999866485596
0,0,0,-0.3556504249572754,-0.40519702434539795,1.3845000267028809,0,0,0,-0.4826505184173584,-0.3633917272090912,1.843999981880188,-0.2058604657649994,-0.3979577422142029,1.9094998836517334,-0.5796748399734497,-0.12166864424943924,1.8485000133514404,-0.13132652640342712,-0.1964045763015747,1.999500036239624,-0.562204897403717,-0.03460979834198952,2.011000156402588,-0.14358551800251007,-0.061394017189741135,2.42549991607666
-0.8560527563095093,-0.9159144163131714,3.3324999809265137,-0.4102374315261841,-0.4622133672237396,1.597000002861023,0,0,0,-0.46403321623802185,-0.3605342507362366,1.8294999599456787,-0.20019523799419403,-0.40210196375846863,1.9144999980926514,-0.5565927028656006,-0.11524021625518799,1.8415000438690186,-0.11596202850341797,-0.19782885909080505,2.0139999389648438,-0.5490341782569885,-0.024976350367069244,2.0225000381469727,-0.13179509341716766,-0.06532412767410278,2.42549991607666
-0.8398533463478088,-0.8997151255607605,3.3324999809265137,-0.4562804102897644,-0.5181385278701782,1.810499906539917,0,0,0,-0.45804455876350403,-0.35816943645477295,1.8174999952316284,-0.19480156898498535,-0.40689730644226074,1.9225000143051147,-0.5327218174934387,-0.10330485552549362,1.8415000438690186,-0.1039743646979332,-0.20301857590675354,2.1015000343322754,-0.520619809627533,-0.011817986145615578,2.0139999389648438,-0.12786494195461273,-0.06532412767410278,2.42549991607666
-0.8392927050590515,-0.8772855401039124,3.309000015258789,-0.4575405418872833,-0.5107443928718567,1.815500020980835,0,0,0,-0.4445458948612213,-0.35385632514953613,1.810499906539917,-0.18857133388519287,-0.40689730644226074,1.9225000143051147,-0.5017995834350586,-0.10369754582643509,1.8485000133514404,-0.10639870166778564,-0.2251749336719513,2.1505000591278076,-0.5125615000724792,-0.002021899214014411,2.007999897003174,-0.12129105627536774,-0.06602437049150467,2.4514999389648438
-0.6475310325622559,-0.6772226095199585,2.5859999656677246,-0.45572561025619507,-0.506112277507782,1.8199999332427979,0,0,0,-0.43221375346183777,-0.3504381775856018,1.8079999685287476,-0.18234112858772278,-0.41312745213508606,1.9225000143051147,-0.47376203536987305,-0.09509626775979996,1.8559999465942383,-0.10616836696863174,-0.23229509592056274,2.2185001373291016,-0.4995468854904175,0.0012317271903157234,2.007999897003174,-0.12265165895223618,-0.07078181207180023,2.4790000915527344
-0.46786996722221375,-0.4862958788871765,1.868499994277954,-0.4562264382839203,-0.503716230392456,1.8220000267028809,0,0,0,-0.41710394620895386,-0.35005053877830505,1.805999994277954,-0.17973875999450684,-0.4143093526363373,1.9279999732971191,-0.4509146511554718,-0.0893215760588646,1.8609999418258667,-0.1085372343659401,-0.23747815191745758,2.2680001258850098,-0.4684058725833893,0.053448986262083054,2.0139999389648438,-0.15224233269691467,-0.08990015089511871,2.9795000553131104
-0.46359843015670776,-0.4759361147880554,1.8634999990463257,-0.45747843384742737,-0.49917784333229065,1.8270000219345093,0,0,0,-0.4083249270915985,-0.34712421894073486,1.805999994277954,-0.17936289310455322,-0.4271012842655182,1.9579999446868896,-0.4303838312625885,-0.0954805463552475,1.8634999990463257,-0.10942256450653076,-0.24682500958442688,2.2864999771118164,-0.46514248847961426,0.050185635685920715,2.0139999389648438,-0.15707014501094818,-0.08507236838340759,2.9795000553131104
-0.46359843015670776,-0.4729166626930237,1.8634999990463257,-0.45513996481895447,-0.4939321279525757,1.8294999599456787,0,0,0,-0.39954593777656555,-0.3441978991031647,1.805999994277954,-0.1861823946237564,-0.4281919598579407,1.9630000591278076,-0.40731775760650635,-0.0987643226981163,1.868499994277954,-0.11322710663080215,-0.25157323479652405,2.365999937057495,-0.45535239577293396,0.046922288835048676,2.0139999389648438,-0.18026749789714813,-0.09720198810100555,3.2214999198913574
-0.4593431353569031,-0.46562495827674866,1.8585000038146973,-0.4521755278110504,-0.48800331354141235,1.8294999599456787,0,0,0,-0.3897932469844818,-0.34042125940322876,1.8015000820159912,-0.1798209249973297,-0.4281919598579407,1.9630000591278076,-0.3907141387462616,-0.0930812731385231,1.8760000467300415,-0.12109894305467606,-0.23663780093193054,2.369999885559082,-0.44949424266815186,0.04699218273162842,2.0169999599456787,-0.20114722847938538,-0.09720198810100555,3.2214999198913574
-0.4490974247455597,-0.4643722474575043,1.8534998893737793,-0.4462467133998871,-0.48800331354141235,1.8294999599456787,0,0,0,-0.3810361325740814,-0.33750221133232117,1.8015000820159912,-0.17491748929023743,-0.43179112672805786,1.9795000553131104,-0.3861723244190216,-0.09040150791406631,1.883500099182129,-0.13201245665550232,-0.22289572656154633,2.429500102996826,-0.44622597098350525,0.043723974376916885,2.0169999599456787,-0.2690063416957855,-0.08154229074716568,3.2214999198913574
-0.4454924166202545,-0.4577474594116211,1.8509999513626099,-0.44031786918640137,-0.4850389361381531,1.8294999599456787,0,0,0,-0.37227901816368103,-0.33750221133232117,1.8015000820159912,-0.16871534287929535,-0.4323364496231079,1.9819999933242798,-0.378017395734787,-0.08452149480581284,1.8884999752044678,-0.13201245665550232,-0.21895913779735565,2.429500102996826,-0.4396895468235016,0.03718755394220352,2.0169999599456787,-0.2951059937477112,-0.09198208898305893,3.2214999198913574
