0.07142344117164612,0.009046242572367191,1.0379999876022339,0.09163074195384979,-0.005876719951629639,1.0015000104904175,0.0459163635969162,-0.01068063359707594,0.9954999685287476,0.19648994505405426,-0.059094734489917755,1.1180000305175781,-0.057441942393779755,-0.06889243423938751,1.1610000133514404,0.27137941122055054,0.11135345697402954,1.4505000114440918,-0.15039359033107758,0.06176494061946869,1.2975000143051147,0.19387859106063843,0.25131654739379883,1.3680000305175781,-0.09554123133420944,0.21319879591464996,1.3240000009536743
0.06325669586658478,0.002327559283003211,1.0420000553131104,0.08577724546194077,-0.010825474746525288,1.0090000629425049,0.04128352552652359,-0.013976561836898327,1.000499963760376,0.208455890417099,-0.06908494234085083,1.2314999103546143,-0.05980857461690903,-0.07893914729356766,1.1705000400543213,0.276650995016098,0.11158376932144165,1.4535000324249268,-0.15161064267158508,0.053787194192409515,1.3079999685287476,0.18535016477108002,0.23845183849334717,1.3704999685287476,-0.08910522609949112,0.1960362195968628,1.3240000009536743
0.05827527120709419,-0.0010507230181246996,1.0434999465942383,0.0809926837682724,-0.015753602609038353,1.0104999542236328,0.03492065146565437,-0.018905894830822945,1.003999948501587,0.21796715259552002,-0.0749746635556221,1.2634999752044678,-0.06225870922207832,-0.08921533077955246,1.180999994277954,0.274295836687088,0.11393892019987106,1.4535000324249268,-0.15213224291801453,0.04971887171268463,1.3125,0.1768537312746048,0.2278461754322052,1.3734999895095825,-0.08481456339359283,0.178873673081398,1.3240000009536743
0.0548936165869236,-0.007813988253474236,1.0434999465942383,0.07806408405303955,-0.022402308881282806,1.0150001049041748,0.03176163136959076,-0.02712075784802437,1.0069999694824219,0.21093660593032837,-0.07613177597522736,1.2829999923706055,-0.06225870922207832,-0.09112894535064697,1.180999994277954,0.27722200751304626,0.11181407421827316,1.4565000534057617,-0.15074844658374786,0.045690666884183884,1.319000005722046,0.1679515838623047,0.2211696058511734,1.3734999895095825,-0.0933959037065506,0.1552751660346985,1.3240000009536743
0.04655074700713158,-0.014612178318202496,1.0460000038146973,0.07388665527105331,-0.029280656948685646,1.0255000591278076,0.023685241118073463,-0.03376440331339836,1.0104999542236328,0.21643561124801636,-0.08079017698764801,1.2910000085830688,-0.06799958646297455,-0.10069700330495834,1.180999994277954,0.2730632424354553,0.10967949777841568,1.4594999551773071,-0.14962522685527802,0.03954702243208885,1.3279999494552612,0.1612749546766281,0.21226748824119568,1.3734999895095825,-0.09561339020729065,0.140363872051239,1.3250000476837158
0.04093090817332268,-0.018526824191212654,1.0764999389648438,0.06730493903160095,-0.03346237540245056,1.0525000095367432,0.018940379843115807,-0.03571705520153046,1.0195000171661377,0.210160031914711,-0.08079017698764801,1.2910000085830688,-0.06991320848464966,-0.10069700330495834,1.180999994277954,0.2754281163215637,0.11204437911510468,1.4594999551773071,-0.15047025680541992,0.03544246405363083,1.3355000019073486,0.15922310948371887,0.20358747243881226,1.375,-0.09983190149068832,0.13167665898799896,1.3240000009536743
0.037521880120038986,-0.024973606690764427,1.131500005722046,0.06358647346496582,-0.04235079139471054,1.1064999103546143,0.012471736408770084,-0.042802195996046066,1.031000018119812,0.20621562004089355,-0.08088404685258865,1.2925000190734863,-0.07182683050632477,-0.10069700330495834,1.180999994277954,0.2736245095729828,0.11464441567659378,1.462499976158142,-0.15309137105941772,0.03337818384170532,1.3394999504089355,0.1525392085313797,0.19467565417289734,1.375,-0.10455509275197983,0.12145248055458069,1.3294999599456787
0.02549525536596775,-0.03525703027844429,1.1684999465942383,0.051624152809381485,-0.05567599833011627,1.159999966621399,0.0007811224786564708,-0.051378283649683,1.0355000495910645,0.20031946897506714,-0.08104050159454346,1.2950000762939453,-0.07417752593755722,-0.09744394570589066,1.187999963760376,0.2688850164413452,0.11938387900590897,1.462499976158142,-0.15978145599365234,0.035588424652814865,1.340999960899353,0.13510733842849731,0.1907731145620346,1.378999948501587,-0.11076731979846954,0.11473031342029572,1.3264999389648438
0.01809815876185894,-0.035604022443294525,1.1800000667572021,0.042954202741384506,-0.060459911823272705,1.1799999475479126,-0.009312965907156467,-0.051527127623558044,1.0384999513626099,0.1982211321592331,-0.0831388384103775,1.2950000762939453,-0.08111927658319473,-0.10035594552755356,1.1770000457763672,0.26177576184272766,0.11701414734125137,1.462499976158142,-0.16723018884658813,0.03797248378396034,1.3485000133514404,0.13063843548297882,0.1863042116165161,1.378999948501587,-0.11721546947956085,0.11473031342029572,1.3264999389648438
-0.008669894188642502,-0.04516397789120674,1.1800000667572021,0.01809815689921379,-0.06810787320137024,1.1799999475479126,-0.031728971749544144,-0.06097963824868202,1.05649995803833,0.16674597561359406,-0.0873354971408844,1.2950000762939453,-0.10391662269830704,-0.10027068108320236,1.1759999990463257,0.23546676337718964,0.11689413338899612,1.4609999656677246,-0.1815439611673355,0.033826712518930435,1.3574999570846558,0.09935610741376877,0.18406979739665985,1.378999948501587,-0.13870930671691895,0.11687968671321869,1.3264999389648438
-0.027789931744337082,-0.04516397789120674,1.1800000667572021,0.0028021286707371473,-0.07001987099647522,1.1799999475479126,-0.04796138033270836,-0.06378929316997528,1.0750000476837158,0.15217499434947968,-0.08740293234586716,1.2960000038146973,-0.11431984603404999,-0.0993754118680954,1.1655000448226929,0.2255333960056305,0.11901654303073883,1.4579999446868896,-0.1906929612159729,0.03829631209373474,1.3599998950958252,0.08115552365779877,0.18111012876033783,1.3734999895095825,-0.14664053916931152,0.11849065870046616,1.3204998970031738
-0.04694971814751625,-0.04520225152373314,1.180999994277954,-0.018245361745357513,-0.07199282199144363,1.180999994277954,-0.06393417716026306,-0.06408598273992538,1.0799999237060547,0.13537529110908508,-0.08740293234586716,1.2960000038146973,-0.1248423308134079,-0.09123054891824722,1.1579999923706055,0.20557081699371338,0.11605403572320938,1.4505000114440918,-0.21398098766803741,0.047388043254613876,1.3680000305175781,0.0653141513466835,0.18038488924503326,1.3680000305175781,-0.15561054646968842,0.12095005065202713,1.3240000009536743
-0.06225870922207832,-0.04520225152373314,1.180999994277954,-0.035558074712753296,-0.07217569649219513,1.184000015258789,-0.08368448168039322,-0.06447168439626694,1.0864999294281006,0.11866706609725952,-0.08957194536924362,1.2969999313354492,-0.14230377972126007,-0.09784065186977386,1.1475000381469727,0.1877496838569641,0.11988049745559692,1.440000057220459,-0.22264687716960907,0.04558417946100235,1.380500078201294,0.04528159648180008,0.18669292330741882,1.3654999732971191,-0.17458827793598175,0.12286294251680374,1.3215000629425049
-0.08330857753753662,-0.04520225152373314,1.180999994277954,-0.054742924869060516,-0.07409416884183884,1.184000015258789,-0.10017023980617523,-0.06488706171512604,1.093500018119812,0.09982972592115402,-0.08543462306261063,1.2979999780654907,-0.1578124612569809,-0.09231746941804886,1.125499963760376,0.16407421231269836,0.12195916473865509,1.437000036239624,-0.24895405769348145,0.05490691587328911,1.3900001049041748,0.025368403643369675,0.1889054924249649,1.3654999732971191,-0.1893620491027832,0.12700115144252777,1.3199999332427979
-0.10435844212770462,-0.04711586609482765,1.180999994277954,-0.07763338834047318,-0.07396901398897171,1.1820000410079956,-0.12020766735076904,-0.06518375873565674,1.0985000133514404,0.07663539052009583,-0.08957194536924362,1.2969999313354492,-0.17166969180107117,-0.09002082794904709,1.0975000858306885,0.1501036137342453,0.12428757548332214,1.437000036239624,-0.26378950476646423,0.057447031140327454,1.3970000743865967,0.005455209873616695,0.1889054924249649,1.3654999732971191,-0.2078215330839157,0.1265200972557068,1.315000057220459
-0.12318097800016403,-0.04699617996811867,1.1779999732971191,-0.09670394659042358,-0.07390642911195755,1.180999994277954,-0.13997796177864075,-0.0670551285147667,1.100000023841858,0.05973048135638237,-0.0831388384103775,1.2950000762939453,-0.1790168136358261,-0.08139671385288239,1.0774999856948853,0.1313389241695404,0.1195058673620224,1.4355000257492065,-0.2886893153190613,0.05971063673496246,1.3970000743865967,-0.014442102052271366,0.1864878386259079,1.3639999628067017,-0.2206060290336609,0.13078157603740692,1.315000057220459
-0.13833355903625488,-0.04695628583431244,1.1770000457763672,-0.11000608652830124,-0.07575584948062897,1.1799999475479126,-0.15679943561553955,-0.06739039719104767,1.1054999828338623,0.047176819294691086,-0.08740293234586716,1.2960000038146973,-0.19829757511615753,-0.08244816213846207,1.06850004196167,0.11493668705224991,0.12402810156345367,1.434000015258789,-0.3045346140861511,0.061974238604307175,1.3970000743865967,-0.029825406149029732,0.19475556910037994,1.3599998950958252,-0.24698399007320404,0.13008539378643036,1.3079999685287476
-0.1553657203912735,-0.04691639170050621,1.1759999990463257,-0.1290166825056076,-0.07569164037704468,1.178999900817871,-0.17393775284290314,-0.0659848302602768,1.1119999885559082,0.026136791333556175,-0.08307463675737381,1.2940000295639038,-0.20913690328598022,-0.08194660395383835,1.062000036239624,0.0916050598025322,0.12157724052667618,1.4325000047683716,-0.31358909606933594,0.0665014460682869,1.3970000743865967,-0.04728025943040848,0.19184401631355286,1.3550000190734863,-0.25900551676750183,0.13819219172000885,1.3044999837875366
-0.1720753312110901,-0.04489605501294136,1.1729999780654907,-0.14596213400363922,-0.07556325197219849,1.1770000457763672,-0.19195595383644104,-0.0659848302602768,1.1119999885559082,0.015653178095817566,-0.0809779167175293,1.2940000295639038,-0.2229033261537552,-0.07506343722343445,1.062000036239624,0.08232049643993378,0.1262194961309433,1.4325000047683716,-0.3268194794654846,0.0686912089586258,1.3954999446868896,-0.062418024986982346,0.19551096856594086,1.3499999046325684,-0.26874759793281555,0.14198292791843414,1.3004999160766602
-0.18347930908203125,-0.04299540817737579,1.1729999780654907,-0.15931212902069092,-0.0736561119556427,1.1770000457763672,-0.2009650468826294,-0.0659848302602768,1.1119999885559082,0.003075217828154564,-0.08104050159454346,1.2950000762939453,-0.23611260950565338,-0.0748867318034172,1.059499979019165,0.06846527010202408,0.13099877536296844,1.434000015258789,-0.34038659930229187,0.07095237821340561,1.3954999446868896,-0.07991772145032883,0.1933235377073288,1.3499999046325684,-0.2834983766078949,0.14198292791843414,1.3004999160766602
