-0.0007174800848588347,0.06897291541099548,0.8285000324249268,0.017289871349930763,0.029652167111635208,0.8560000061988831,-0.036595456302165985,0.04024278745055199,0.7914999723434448,0.06023884937167168,0.084873728454113,1.0195000171661377,-0.1957566738128662,0.16933758556842804,0.8980000019073486,0.12169752269983292,0.2515367567539215,1.1299999952316284,0,0,0,0.11317133903503418,0.2818220853805542,0.8680000305175781,0,0,0
0.005994786974042654,0.06897291541099548,0.8285000324249268,0.021262964233756065,0.032142069190740585,0.8485000133514404,-0.028736144304275513,0.04128919541835785,0.7870000004768372,0.06335574388504028,0.08956518024206161,1.0164999961853027,-0.18596266210079193,0.16707472503185272,0.8860000371932983,0.12902146577835083,0.24970577657222748,1.1299999952316284,0,0,0,0.1159842386841774,0.27619627118110657,0.8680000305175781,0,0,0
0.01262269914150238,0.06851503252983093,0.8230000138282776,0.02944256365299225,0.032066307961940765,0.846500039100647,-0.02228906936943531,0.042429182678461075,0.784500002861023,0.0679946318268776,0.08260957151651382,1.0120000839233398,-0.17392782866954803,0.16376960277557373,0.8760000467300415,0.13634541630744934,0.24787481129169464,1.1299999952316284,-0.04952254518866539,0.08308067917823792,0.2254999876022339,0.12301652878522873,0.27338340878486633,0.8680000305175781,0,0,0
0.02729165554046631,0.06851503252983093,0.8230000138282776,0.04315876215696335,0.032066307961940765,0.846500039100647,-0.010848643258213997,0.043700337409973145,0.784500002861023,0.07744879275560379,0.08220141381025314,1.0069999694824219,-0.1654113084077835,0.1609307825565338,0.8760000467300415,0.14366936683654785,0.24238188564777374,1.1299999952316284,-0.04769560694694519,0.08161914348602295,0.2254999876022339,0.1301986277103424,0.27510643005371094,0.8690000176429749,0,0,0
0.0379599891602993,0.06851503252983093,0.8230000138282776,0.05550333857536316,0.032066307961940765,0.846500039100647,0.003134099068120122,0.044971488416194916,0.784500002861023,0.08860582858324051,0.08032970875501633,1.003999948501587,-0.1501813679933548,0.16264788806438446,0.8700000047683716,0.15465527772903442,0.24421283602714539,1.1299999952316284,-0.04258018732070923,0.08344607055187225,0.2254999876022339,0.14061926305294037,0.27197322249412537,0.8725000023841858,0,0,0
0.055296026170253754,0.07118209451436996,0.8230000138282776,0.07059115916490555,0.036181140691041946,0.846500039100647,0.01838799938559532,0.044971488416194916,0.784500002861023,0.1048218309879303,0.08679372072219849,1.003499984741211,-0.13326498866081238,0.15137037634849548,0.8700000047683716,0.1694529950618744,0.24259638786315918,1.13100004196167,-0.038560930639505386,0.08125375956296921,0.2254999876022339,0.15021254122257233,0.26118093729019165,0.8790000081062317,0,0,0
0.0749092772603035,0.07073970884084702,0.8335000276565552,0.09000597894191742,0.03764147311449051,0.8485000133514404,0.037455376237630844,0.04624263569712639,0.784500002861023,0.12414815276861191,0.08016970008611679,1.002000093460083,-0.11775832623243332,0.15418975055217743,0.8700000047683716,0.18944402039051056,0.24055089056491852,1.1299999952316284,-0.03771398216485977,0.07958736270666122,0.22699999809265137,0.1616067886352539,0.2654537558555603,0.8790000081062317,0,0,0
0.09744454175233841,0.0755091980099678,0.8414999842643738,0.11180231720209122,0.039430171251297,0.8574999570846558,0.05783074349164963,0.04754406958818436,0.7849999666213989,0.14651185274124146,0.08806728571653366,0.999500036239624,-0.09520316123962402,0.1457316130399704,0.8700000047683716,0.20775389671325684,0.24787481129169464,1.1299999952316284,-0.03143570199608803,0.0808357372879982,0.22949999570846558,0.180942103266716,0.26809248328208923,0.8830000162124634,0,0,0
0.1223079115152359,0.07743843644857407,0.8630000352859497,0.144029900431633,0.04341396689414978,0.9119999408721924,0.08082901686429977,0.04760463535785675,0.7860000133514404,0.16246297955513,0.09278638660907745,0.9980000257492065,-0.07431306689977646,0.14764869213104248,0.8730000257492065,0.2315567135810852,0.2551986873149872,1.1299999952316284,-0.030209215357899666,0.07928954809904099,0.23149999976158142,0.205265074968338,0.27953851222991943,0.8830000162124634,0,0,0
0.1591842770576477,0.08811306953430176,0.9315000176429749,0.1845623105764389,0.051309823989868164,0.9779999852180481,0.10395162552595139,0.05024750530719757,0.7875000238418579,0.1931879073381424,0.09925475716590881,0.9980000257492065,-0.04654906317591667,0.14075545966625214,0.8830000162124634,0.2626834809780121,0.2625226080417633,1.1299999952316284,-0.027821753174066544,0.07543438673019409,0.23350000381469727,0.22815725207328796,0.2824000418186188,0.8830000162124634,0,0,0
0.20261356234550476,0.09597449749708176,0.9810000061988831,0.2231866866350174,0.055816106498241425,1.0019999742507935,0.13252699375152588,0.05300066992640495,0.7904999852180481,0.228764146566391,0.1024889424443245,0.9980000257492065,-0.01947423629462719,0.13291935622692108,0.8880000114440918,0.2917208671569824,0.26594898104667664,1.128999948501587,-0.020004089921712875,0.07439586520195007,0.23499999940395355,0.25391095876693726,0.2881230413913727,0.8830000162124634,0,0,0
0.23978286981582642,0.09621907770633698,0.9835000038146973,0.26346084475517273,0.05609462782740593,1.0069999694824219,0.1634746491909027,0.05306771770119667,0.7914999723434448,0.26272326707839966,0.10895730555057526,0.9980000257492065,0.013673312030732632,0.13344323635101318,0.8914999961853027,0.33379626274108887,0.26960769295692444,1.128999948501587,-0.015598924830555916,0.0751873105764389,0.23749999701976776,0.2853877544403076,0.28955379128456116,0.8830000162124634,0,0,0
0.2814710736274719,0.09845913201570511,0.9900000095367432,0.3026212453842163,0.05935797840356827,1.0069999694824219,0.1947455257177353,0.05705901235342026,0.7935000061988831,0.2950652837753296,0.12027694284915924,0.9980000257492065,0.045606039464473724,0.12809476256370544,0.8945000171661377,0.370383620262146,0.28973057866096497,1.128999948501587,-0.011849564500153065,0.07271590083837509,0.2394999861717224,0.3229174315929413,0.2914218008518219,0.8799999952316284,0,0,0
0.31965258717536926,0.10046755522489548,0.9940000176429749,0.3427999019622803,0.0644444152712822,1.0099999904632568,0.22746093571186066,0.055913858115673065,0.7955000400543213,0.326116681098938,0.1252536028623581,0.9990000128746033,0.07555296272039413,0.12680552899837494,0.906000018119812,0.41428840160369873,0.3061947822570801,1.128999948501587,0.0005722991772927344,0.07473333179950714,0.2409999966621399,0.35571277141571045,0.2848600447177887,0.8730000257492065,0,0,0
0.3611854016780853,0.10567016154527664,0.9975000619888306,0.3842834234237671,0.06454012542963028,1.0115000009536743,0.25952228903770447,0.055878713726997375,0.7950000166893005,0.36551398038864136,0.128683939576149,1.000499963760376,0.11118786782026291,0.12449552863836288,0.9214999675750732,0.46226105093955994,0.31012797355651855,1.1299999952316284,0.0029516040813177824,0.07605898380279541,0.24400000274181366,0.3867609202861786,0.2841430902481079,0.8665000200271606,0,0,0
0.4017808139324188,0.10452329367399216,1.002000093460083,0.4252578020095825,0.0678180605173111,1.0115000009536743,0.2931990325450897,0.05849180370569229,0.7955000400543213,0.3993290960788727,0.13238774240016937,1.003999948501587,0.14671467244625092,0.12550880014896393,0.9290000200271606,0.5098666548728943,0.3192828297615051,1.1299999952316284,0.025875519961118698,0.1930534392595291,0.5609999895095825,0.42246416211128235,0.28685760498046875,0.8619999885559082,0,0,0
0.4455448389053345,0.10977612435817719,1.005500078201294,0.4725465476512909,0.07459451258182526,1.0145000219345093,0.32433831691741943,0.06110813841223717,0.7960000038146973,0.4301060736179352,0.1377466917037964,1.0074999332427979,0.1789017915725708,0.12138364464044571,0.9319999814033508,0.8359494805335999,0.4841289818286896,1.7640000581741333,0.06340346485376358,0.3014030456542969,0.8799999952316284,0.4378282427787781,0.2728903591632843,0.8619999885559082,0,0,0
0.47975918650627136,0.11303462088108063,1.005500078201294,0.5128700733184814,0.0815698653459549,1.0195000171661377,0.35507020354270935,0.06364770233631134,0.7955000400543213,0.46602094173431396,0.14264415204524994,1.0074999332427979,0.2091049700975418,0.1244039535522461,0.9319999814033508,0.9131230711936951,0.4784124195575714,1.7640000581741333,0.09382474422454834,0.3086770474910736,0.8845000267028809,0.46746933460235596,0.2736506760120392,0.8600000143051147,0,0,0
0.5238552093505859,0.11376532167196274,1.0120000839233398,0.9628649950027466,0.14257724583148956,1.7820000648498535,0.387294739484787,0.06364770233631134,0.7955000400543213,0.5035310983657837,0.1452074646949768,1.0139999389648438,0.2428484857082367,0.12315752357244492,0.9340000152587891,1.278041958808899,0.6263889670372009,2.323500156402588,0.11675582081079483,0.3101102411746979,0.8845000267028809,0.5003307461738586,0.28307557106018066,0.859000027179718,0,0,0
0.5596727728843689,0.11637439578771591,1.0204999446868896,1.0206140279769897,0.14257724583148956,1.7820000648498535,0.41178539395332336,0.06493667513132095,0.7955000400543213,0.5363916158676147,0.13699236512184143,1.0139999389648438,0.2683495581150055,0.11766817420721054,0.9384999871253967,1.3759284019470215,0.7280396819114685,2.323500156402588,0.14836987853050232,0.3145875334739685,0.8849999904632568,0.5518300533294678,0.3206559121608734,0.859000027179718,0,0,0
