0,0,0,0,0,0,0,0,0,0.2822573184967041,-0.4432045817375183,1.9045000076293945,0.48128175735473633,-0.35590317845344543,1.805999994277954,0,0,0,0.49843743443489075,-0.10443409532308578,1.9170000553131104,0,0,0,0.7041869163513184,-0.0503564327955246,2.125499963760376
0,0,0,0,0,0,0,0,0,0.2733578383922577,-0.44996628165245056,1.906999945640564,0.4736800491809845,-0.3597235679626465,1.810499906539917,0,0,0,0.4836621880531311,-0.11081960052251816,1.9200000762939453,0,0,0,0.693854808807373,-0.05724446102976799,2.125499963760376
0,0,0,0,0,0,0,0,0,0.27026787400245667,-0.459236204624176,1.906999945640564,0.47026747465133667,-0.367509126663208,1.8199999332427979,0,0,0,0.4669332802295685,-0.11752934753894806,1.9279999732971191,0,0,0,0.7148059010505676,-0.07212293893098831,2.2684998512268066
0,0,0,0,0,0,0,0,0,0.2548179030418396,-0.4561462104320526,1.906999945640564,0.45915156602859497,-0.37638208270072937,1.8345000743865967,0,0,0,0.4532586932182312,-0.12968814373016357,1.9229999780654907,0,0,0,0.7659624814987183,-0.08740955591201782,2.494999885559082
0,0,0,0,0,0,0,0,0,0.23968175053596497,-0.45983824133872986,1.9094998836517334,0.44061389565467834,-0.38430696725845337,1.843999981880188,0,0,0,0.43569308519363403,-0.13314935564994812,1.9279999732971191,0,0,0,0.7577552199363708,-0.10468064248561859,2.5215001106262207
0,0,0,0,0,0,0,0,0,0.22485733032226562,-0.45495688915252686,1.9149999618530273,0.41829246282577515,-0.38576582074165344,1.8509999513626099,0,0,0,0.4192196726799011,-0.14015650749206543,1.938499927520752,0,0,0,0.7414124608039856,-0.11693763732910156,2.5215001106262207
0,0,0,0,0,0,0,0,0,0.21021710336208344,-0.45685747265815735,1.9229999780654907,0.4073929786682129,-0.38981521129608154,1.8559999465942383,0,0,0,0.40202581882476807,-0.1501968652009964,1.9465000629425049,0,0,0,0.7316826581954956,-0.1318589746952057,2.573500156402588
0,0,0,0,0,0,0,0,0,0.19201956689357758,-0.46429336071014404,1.9279999732971191,0.3903977572917938,-0.39388081431388855,1.8610000610351562,0,0,0,0.389909952878952,-0.15038976073265076,1.9490000009536743,0,0,0,0.7150028347969055,-0.13602890074253082,2.573500156402588
0,0,0,0,0,0,0,0,0,0.17520771920681,-0.463153213262558,1.9494999647140503,0.37077781558036804,-0.4045509696006775,1.868499994277954,0,0,0,0.3783424496650696,-0.15081416070461273,1.9544999599456787,0,0,0,0.7024930119514465,-0.14853867888450623,2.573500156402588
0,0,0,0,0,0,0,0,0,0.15777744352817535,-0.4644775092601776,1.9684998989105225,0.3595415949821472,-0.4059286117553711,1.8889999389648438,0,0,0,0.3709132671356201,-0.16261164844036102,1.9825000762939453,0,0,0,0.6816432476043701,-0.16521838307380676,2.573500156402588
0,0,0,0,0,0,0,0,0,0.13962560892105103,-0.4645686149597168,1.9824999570846558,0.3422326445579529,-0.4170672297477722,1.9119999408721924,0,0,0,0.3572264611721039,-0.17498542368412018,2.0139999389648438,0,0,0,0.6388907432556152,-0.1769857406616211,2.504000186920166
0,0,0,0,0,0,0,0,0,0.12138364464044571,-0.4685523211956024,1.999500036239624,0.3343314230442047,-0.42192336916923523,1.9200000762939453,0.15118247270584106,-0.2655656337738037,2.007999897003174,0.3580932319164276,-0.18693147599697113,2.0374999046325684,0,0,0,0.6086117625236511,-0.18092377483844757,2.447500228881836
0,0,0,0,0,0,0,0,0,0.10967133939266205,-0.4772191047668457,2.0225000381469727,0.32549166679382324,-0.44237735867500305,1.941499948501587,0.0958704724907875,-0.26231202483177185,2.007999897003174,0.348865270614624,-0.21246401965618134,2.060999870300293,0.1290980875492096,-0.11146432161331177,2.246500015258789,0.5823959112167358,-0.1831066906452179,2.373000144958496
0,0,0,0,0,0,0,0,0,0.1011480838060379,-0.49343210458755493,2.0490000247955322,0.3181460499763489,-0.4625767767429352,1.9739999771118164,0.08285588771104813,-0.27532652020454407,2.007999897003174,0.3442615866661072,-0.2439904510974884,2.073499917984009,0.08905699849128723,-0.11146432161331177,2.246500015258789,0.5407330989837646,-0.19321729242801666,2.309999942779541
0,0,0,0,0,0,0,0,0,0.08878973871469498,-0.5086743235588074,2.070499897003174,0.31395992636680603,-0.48518475890159607,1.9880000352859497,0.06333401054143906,-0.2850874066352844,2.007999897003174,0.3419704735279083,-0.26160678267478943,2.0799999237060547,0.052656009793281555,-0.13694486021995544,2.246500015258789,0.529504120349884,-0.20818915963172913,2.309999942779541
0,0,0,0,0,0,0,0,0,0.0761709064245224,-0.5276414155960083,2.0924999713897705,0.30327096581459045,-0.49845772981643677,2.002500057220459,0.04425941780209541,-0.2945716083049774,2.0285000801086426,0.3450120687484741,-0.2741343677043915,2.0985000133514404,0.03450920060276985,-0.14080394804477692,2.25,0.514532208442688,-0.21567510068416595,2.309999942779541
0,0,0,0,0,0,0,0,0,0.06669311970472336,-0.5400413274765015,2.114500045776367,0.29610198736190796,-0.5126330256462097,2.0199999809265137,0.03200153633952141,-0.3097558617591858,2.0865001678466797,0.3409537971019745,-0.2999396324157715,2.13700008392334,0.012634580954909325,-0.15174119174480438,2.25,0.49581724405288696,-0.21941806375980377,2.309999942779541
0,0,0,0,0,0,0,0,0,0.05674797296524048,-0.5501267313957214,2.127000093460083,0.2846207618713379,-0.5221348404884338,2.0314998626708984,0.015556780621409416,-0.3261502981185913,2.1500000953674316,0.3376235365867615,-0.31016767024993896,2.1600000858306885,-0.009254410862922668,-0.15928007662296295,2.253499984741211,0.4963102638721466,-0.22435812652111053,2.4029998779296875
0,0,0,0,0,0,0,0,0,0.04676857963204384,-0.5543942451477051,2.1435000896453857,0.2741931676864624,-0.5307286977767944,2.052000045776367,-0.0019090946298092604,-0.34156185388565063,2.204500198364258,0.32362377643585205,-0.32066744565963745,2.1600000858306885,-0.020796118304133415,-0.18269744515419006,2.319000005722046,0.48761099576950073,-0.2272994965314865,2.4774999618530273
0,0,0,0,0,0,0,0,0,0.03338956832885742,-0.5630586743354797,2.177000045776367,0.2535475790500641,-0.5362894535064697,2.073499917984009,-0.016671176999807358,-0.3405257761478424,2.2690000534057617,0.3075413405895233,-0.31863588094711304,2.1700000762939453,-0.03331342339515686,-0.17417438328266144,2.4089999198913574,0.4797908365726471,-0.22121787071228027,2.499500036239624
