-0.37754616141319275,-0.11102303862571716,1.871000051498413,-0.37501490116119385,-0.13242124021053314,1.873500108718872,0,0,0,-0.11302556097507477,-0.09103651344776154,1.9630000591278076,-0.2904430329799652,-0.10582081228494644,2.002000093460083,-0.005241206847131252,0.15158210694789886,2.1080000400543213,-0.4952579140663147,-0.005754999816417694,2.190500020980835,-0.20388416945934296,0.24231083691120148,2.187000036239624,-0.9229418039321899,0.06347238272428513,2.927999973297119
-0.38974088430404663,-0.10580123215913773,1.8860000371932983,-0.38870763778686523,-0.12990349531173706,1.88100004196167,0,0,0,-0.12256775796413422,-0.08785580843687057,1.9630000591278076,-0.3001748323440552,-0.10257691144943237,2.002000093460083,-0.012089750729501247,0.15521834790706635,2.1110000610351562,-0.5067143440246582,0.0013458214234560728,2.194000005722046,-0.21451522409915924,0.24231083691120148,2.187000036239624,-0.9258122444152832,0.07207643985748291,2.8924999237060547
-0.40271592140197754,-0.10681099444627762,1.9040000438690186,-0.40007203817367554,-0.12449891120195389,1.8914999961853027,0,0,0,-0.13210994005203247,-0.08785580843687057,1.9630000591278076,-0.313150554895401,-0.09933300316333771,2.002000093460083,-0.022351378574967384,0.15521834790706635,2.1110000610351562,-0.5209344625473022,0.0013458214234560728,2.194000005722046,-0.21875686943531036,0.24308639764785767,2.194000005722046,-0.9170852899551392,0.07869046926498413,2.7944998741149902
-0.41908928751945496,-0.10784880816936493,1.9224998950958252,-0.4162554144859314,-0.12568368017673492,1.909500002861023,0,0,0,-0.14165213704109192,-0.08785580843687057,1.9630000591278076,-0.3187602460384369,-0.09582511335611343,1.996500015258789,-0.03261300548911095,0.15521834790706635,2.1110000610351562,-0.522596538066864,0.004916466306895018,2.2009999752044678,-0.2294219583272934,0.23953138291835785,2.194000005722046,-0.8952616453170776,0.07681789994239807,2.7279999256134033
-0.42764246463775635,-0.10843784362077713,1.9329999685287476,-0.4241027534008026,-0.1261773258447647,1.9170000553131104,0,0,0,-0.15096327662467957,-0.08772154152393341,1.9600000381469727,-0.3187602460384369,-0.09906010329723358,1.996500015258789,-0.04622938111424446,0.15499776601791382,2.1080000400543213,-0.5297292470932007,0.004916466306895018,2.2009999752044678,-0.24008704721927643,0.2324213683605194,2.194000005722046,-0.8795974254608154,0.08499903231859207,2.7069997787475586
-0.4283061623573303,-0.10860613733530045,1.9359999895095825,-0.4247664511203766,-0.1294858306646347,1.9200000762939453,0,0,0,-0.15731501579284668,-0.08454568684101105,1.9600000381469727,-0.3270668387413025,-0.09863836318254471,1.9880000352859497,-0.05980687215924263,0.15818797051906586,2.1050000190734863,-0.5349917411804199,0.004932102281600237,2.2079999446868896,-0.254712849855423,0.22923144698143005,2.197499990463257,-0.8745610117912292,0.08887346088886261,2.691499948501587
-0.4195443391799927,-0.10877443104982376,1.9390000104904175,-0.42165541648864746,-0.1294858306646347,1.9200000762939453,0,0,0,-0.1543750762939453,-0.08467509597539902,1.9630000591278076,-0.32110822200775146,-0.09878720343112946,1.9909999370574951,-0.07322333753108978,0.16450004279613495,2.0985000133514404,-0.5330986976623535,0.00853677373379469,2.2149999141693115,-0.2760770916938782,0.2221101075410843,2.197499990463257,-0.856516420841217,0.08402565121650696,2.6760001182556152
-0.40697696805000305,-0.10877443104982376,1.9390000104904175,-0.41091620922088623,-0.13002534210681915,1.9279999732971191,0,0,0,-0.15755581855773926,-0.08785580843687057,1.9630000591278076,-0.30543723702430725,-0.10539793968200684,1.99399995803833,-0.10042565315961838,0.17130057513713837,2.0985000133514404,-0.5203818678855896,0.004963374696671963,2.2219998836517334,-0.3014813959598541,0.21176481246948242,2.2009999752044678,-0.8360362648963928,0.0750720351934433,2.6659998893737793
-0.398576557636261,-0.10905492305755615,1.944000005722046,-0.40425166487693787,-0.1277570128440857,1.940999984741211,0,0,0,-0.147787407040596,-0.09089738875627518,1.9600000381469727,-0.2965601086616516,-0.10892851650714874,1.999500036239624,-0.11689548939466476,0.17052508890628815,2.0889999866485596,-0.502379834651947,-0.009438136592507362,2.2219998836517334,-0.31524479389190674,0.20074601471424103,2.197499990463257,-0.8144371509552002,0.06211262196302414,2.6659998893737793
-0.39072808623313904,-0.10634081810712814,1.9520000219345093,-0.3916713297367096,-0.13090206682682037,1.940999984741211,0,0,0,-0.14461153745651245,-0.10042494535446167,1.9600000381469727,-0.2868404686450958,-0.11864808201789856,1.999500036239624,-0.13381995260715485,0.16037046909332275,2.0889999866485596,-0.4843778610229492,-0.023839646950364113,2.2219998836517334,-0.32592689990997314,0.19718535244464874,2.197499990463257,-0.7928380370140076,0.027554180473089218,2.6659998893737793
-0.3696262538433075,-0.12249943614006042,1.9574999809265137,-0.37385720014572144,-0.1375809609889984,1.9465000629425049,0,0,0,-0.13210994005203247,-0.09739793837070465,1.9630000591278076,-0.2544417381286621,-0.13160750269889832,1.999500036239624,-0.14735954999923706,0.16037046909332275,2.0889999866485596,-0.4346558451652527,-0.045513495802879333,2.2255001068115234,-0.34154054522514343,0.1711631417274475,2.183500051498413,-0.7539595365524292,0.010274960659444332,2.6659998893737793
-0.34884339570999146,-0.1293696016073227,1.965499997138977,-0.3549332320690155,-0.1438889056444168,1.9465000629425049,0,0,0,-0.11620629578828812,-0.09739793837070465,1.9630000591278076,-0.23500250279903412,-0.15104661881923676,1.999500036239624,-0.1568356156349182,0.15967954695224762,2.0799999237060547,-0.418591171503067,-0.067466601729393,2.2360000610351562,-0.36335015296936035,0.1395445019006729,2.187000036239624,-0.746717631816864,-0.011345302686095238,2.6710000038146973
-0.3392890691757202,-0.14529341459274292,1.965499997138977,-0.3387276232242584,-0.15945373475551605,1.944000005722046,0,0,0,-0.10682711005210876,-0.0911756381392479,1.965999960899353,-0.21028605103492737,-0.16494931280612946,2.011000156402588,-0.1731443852186203,0.15918055176734924,2.073499917984009,-0.3980950117111206,-0.07494661957025528,2.243000030517578,-0.3558579683303833,0.12048926949501038,2.1630001068115234,-0.7322733402252197,-0.037459421902894974,2.68149995803833
-0.30830153822898865,-0.14889366924762726,1.9709999561309814,-0.3072281777858734,-0.16260364651679993,1.944000005722046,0,0,0,-0.0940847396850586,-0.0911756381392479,1.965999960899353,-0.1913040578365326,-0.17524607479572296,2.0169999599456787,-0.18626855313777924,0.14884959161281586,2.069999933242798,-0.3811085522174835,-0.09705499559640884,2.25,-0.3577013611793518,0.09551219642162323,2.1530001163482666,-0.7097393274307251,-0.05137921869754791,2.7284998893737793
-0.2795582711696625,-0.15847469866275787,1.9709999561309814,-0.27887865900993347,-0.17205342650413513,1.944000005722046,0,0,0,-0.07815676927566528,-0.0911756381392479,1.965999960899353,-0.1488170623779297,-0.19485531747341156,2.0169999599456787,-0.20853140950202942,0.13798277080059052,2.058000087738037,-0.35194239020347595,-0.11528373509645462,2.25,-0.3768867552280426,0.060908038169145584,2.1630001068115234,-0.6857735514640808,-0.06660885363817215,2.811500072479248
0,0,0,-0.2540053725242615,-0.18173663318157196,1.9465000629425049,0,0,0,-0.06549758464097977,-0.08491232991218567,1.9684998989105225,-0.109598308801651,-0.20792816579341888,2.0169999599456787,-0.20731547474861145,0.11065661162137985,2.0460000038146973,-0.29818063974380493,-0.13758492469787598,2.256999969482422,-0.3979155719280243,0.05039370432496071,2.1630001068115234,-0.6386262774467468,-0.08123204857110977,2.8450000286102295
0,0,0,-0.22625687718391418,-0.19806456565856934,1.9520000219345093,0,0,0,-0.043170083314180374,-0.10086045414209366,1.9684998989105225,-0.07364778220653534,-0.21119637787342072,2.0169999599456787,-0.20670750737190247,0.08058280497789383,2.0399999618530273,-0.26892372965812683,-0.14124201238155365,2.256999969482422,-0.4018363058567047,0.039575155824422836,2.1465001106262207,-0.578697919845581,-0.08123204857110977,2.8450000286102295
-0.2096155732870102,-0.19709831476211548,1.9739999771118164,-0.20411652326583862,-0.20439036190509796,1.9520000219345093,0,0,0,-0.030411507934331894,-0.0944812074303627,1.9684998989105225,-0.044354330748319626,-0.2281578779220581,2.0225000381469727,-0.21992948651313782,0.06736090034246445,2.0399999618530273,-0.23966684937477112,-0.15587037801742554,2.256999969482422,-0.4063166081905365,0.028964538127183914,2.133500099182129,-0.5508463382720947,-0.09583009779453278,2.868000030517578
-0.19391705095767975,-0.21341484785079956,1.9769999980926514,-0.1885431557893753,-0.21731987595558167,1.9544999599456787,0,0,0,-0.020869050174951553,-0.09460119903087616,1.9709999561309814,-0.01492250431329012,-0.24557124078273773,2.0310001373291016,-0.20670750737190247,0.054138991981744766,2.0399999618530273,-0.19943861663341522,-0.1741558164358139,2.256999969482422,-0.3976241648197174,0.025393981486558914,2.124000072479248,-0.48781895637512207,-0.12423039972782135,2.880000114440918
-0.17469656467437744,-0.21661825478076935,1.9769999980926514,-0.1700184941291809,-0.2242831140756607,1.9600000381469727,0,0,0,-0.014481660909950733,-0.08821385353803635,1.9709999561309814,0.024604763835668564,-0.24263820052146912,2.0339999198913574,-0.19679100811481476,0.054138991981744766,2.0399999618530273,-0.169390007853508,-0.17698568105697632,2.246500015258789,-0.3833155333995819,0.01848466321825981,2.121000051498413,-0.45704931020736694,-0.1388060301542282,2.8919999599456787
