1.6160078048706055,0.8299587965011597,2.4005000591278076,1.7106623649597168,0.7911288142204285,2.499000072479248,1.5085625648498535,0.6715385913848877,2.3365001678466797,0,0,0,1.0179533958435059,0.8978368639945984,2.384500026702881,0,0,0,0,0,0,0,0,0,0,0,0
1.508439302444458,0.815956175327301,2.3600001335144043,1.6915887594223022,0.7801505327224731,2.4769999980926514,1.4042268991470337,0.6765428781509399,2.302000045776367,0,0,0,0.9561586976051331,0.8718357086181641,2.3559999465942383,0,0,0,0,0,0,0,0,0,0,0,0
1.3900909423828125,0.8022382259368896,2.309499979019165,1.5810940265655518,0.7732214331626892,2.4549999237060547,1.3002654314041138,0.6634646654129028,2.257500171661377,1.5937883853912354,0.9254657030105591,2.4685001373291016,0.8630702495574951,0.8551114201545715,2.3519999980926514,0,0,0,0,0,0,0,0,0,0,0,0
0.9132261872291565,0.5564562678337097,1.5945000648498535,1.4549031257629395,0.7471244931221008,2.3600001335144043,0.857208251953125,0.4736911356449127,1.5770000219345093,1.4803760051727295,0.9260765314102173,2.4594998359680176,0.7753811478614807,0.8467493057250977,2.3289999961853027,0,0,0,0,0,0,0,0,0,0,0,0
0.4887496829032898,0.31462717056274414,0.9100000262260437,0.9103297591209412,0.4977908730506897,1.5805001258850098,0.46285727620124817,0.2719894051551819,0.9054999947547913,1.398905634880066,0.9038450121879578,2.442500114440918,0.5081960558891296,0.6060702204704285,1.681999921798706,0,0,0,0,0,0,0,0,0,0,0,0
0.4592595100402832,0.31315264105796814,0.9100000262260437,0.4900777339935303,0.2856667637825012,0.9070000052452087,0.4332734942436218,0.27770480513572693,0.9049999713897705,1.2869731187820435,0.876305341720581,2.3889999389648438,0.2920023202896118,0.3684859871864319,1.0509999990463257,0,0,0,0,0,0,0,0,0,0,0,0
0.43124377727508545,0.3102036714553833,0.9100000262260437,0.46068471670150757,0.2841970920562744,0.9070000052452087,0.4000329077243805,0.27601712942123413,0.8995000123977661,0.8893114924430847,0.6273931860923767,1.718000054359436,0.2630516588687897,0.3548622131347656,1.0509999990463257,0,0,0,0,0,0,0,0,0,0,0,0
0.39438095688819885,0.3116781413555145,0.9100000262260437,0.41953450441360474,0.2841970920562744,0.9070000052452087,0.3665104806423187,0.27601712942123413,0.8995000123977661,0.525194525718689,0.3952788710594177,1.097000002861023,0.23069505393505096,0.3463473916053772,1.0509999990463257,0,0,0,0,0,0,0,0,0,0,0,0
0.36194172501564026,0.3072546422481537,0.9100000262260437,0.3872022330760956,0.28272745013237,0.9070000052452087,0.3344455063343048,0.27601712942123413,0.8995000123977661,0.4886033236980438,0.381799578666687,1.0789999961853027,0.20004141330718994,0.3378325402736664,1.0509999990463257,0,0,0,0,0,0,0,0,0,0,0,0
0.335008829832077,0.30516061186790466,0.9170000553131104,0.35633957386016846,0.27831852436065674,0.9070000052452087,0.3091987073421478,0.27659371495246887,0.9110000133514404,0.4501396715641022,0.36956122517585754,1.0789999961853027,0.1713218092918396,0.33652254939079285,1.062999963760376,0,0,0,0,0,0,0,0,0,0,0,0
0.3069356083869934,0.3052939474582672,0.9309999942779541,0.3268049359321594,0.27753356099128723,0.9190000295639038,0.278394490480423,0.27232345938682556,0.9164999723434448,0.409927636384964,0.3678129017353058,1.0789999961853027,0.14031818509101868,0.3296329081058502,1.062999963760376,0,0,0,0,0,0,0,0,0,0,0,0
0.27647924423217773,0.30851680040359497,0.9455000162124634,0.29612457752227783,0.2764972746372223,0.9255000352859497,0.24599164724349976,0.2696473002433777,0.9175000190734863,0.3697156012058258,0.34683284163475037,1.0789999961853027,0.10890793800354004,0.3266902565956116,1.0759999752044678,0,0,0,0,0,0,0,0,0,0,0,0
0.24621787667274475,0.3070615231990814,0.9650000333786011,0.2650254964828491,0.27552518248558044,0.9375,0.21145783364772797,0.2651377320289612,0.9225000143051147,0.3367778956890106,0.3472862243652344,1.097000002861023,0.08240499347448349,0.3305337131023407,1.0945000648498535,0,0,0,0,0,0,0,0,0,0,0,0
0.21795228123664856,0.3034297525882721,0.9785000085830688,0.235611692070961,0.2692525088787079,0.9474999904632568,0.18162931501865387,0.26291388273239136,0.9305000305175781,0.30182912945747375,0.34881147742271423,1.11899995803833,0.04576054960489273,0.3295217752456665,1.1089999675750732,0,0,0,0,0,0,0,0,0,0,0,0
0.18786001205444336,0.3012677729129791,0.9869999885559082,0.20663627982139587,0.265332967042923,0.9555000066757202,0.15470875799655914,0.25978171825408936,0.9409999847412109,0.26465943455696106,0.33459776639938354,1.1384999752044678,0.009901068173348904,0.3177037835121155,1.1180000305175781,0,0,0,0,0,0,0,0,0,0,0,0
0.1526072919368744,0.2930118441581726,0.996999979019165,0.17483271658420563,0.25939318537712097,0.9679999947547913,0.12154681980609894,0.2561775743961334,0.9559999704360962,0.23233161866664886,0.32736557722091675,1.1519999504089355,-0.024737544357776642,0.3150622844696045,1.128000020980835,0,0,0,0,0,0,0,0,0,0,0,0
0.11987259238958359,0.28452903032302856,1.0069999694824219,0.14155811071395874,0.2505951523780823,0.9765000343322754,0.08668265491724014,0.2490784376859665,0.9644999504089355,0.19677628576755524,0.32093119621276855,1.162500023841858,-0.05964922159910202,0.3105396330356598,1.131500005722046,0,0,0,0,0,0,0,0,0,0,0,0
0.08806191384792328,0.282272070646286,1.0164999961853027,0.1101379543542862,0.2463519275188446,0.9785000085830688,0.05876437574625015,0.24370838701725006,0.9679999947547913,0.16392140090465546,0.305939644575119,1.1700000762939453,-0.09477641433477402,0.3059829771518707,1.1349999904632568,0,0,0,0,0,0,0,0,0,0,0,0
0.057074591517448425,0.2755194902420044,1.0220000743865967,0.07878854125738144,0.23952093720436096,0.9830000400543213,0.024257570505142212,0.2374344766139984,0.9679999947547913,0.12506429851055145,0.2987411618232727,1.1790000200271606,-0.13351479172706604,0.29888975620269775,1.1360000371932983,0,0,0,0,0,0,0,0,0,0,0,0
0.022462444379925728,0.26586446166038513,1.0295000076293945,0.04568574205040932,0.22850888967514038,0.9904999732971191,-0.007182051427662373,0.22867754101753235,0.9775000214576721,0.0858108252286911,0.292132705450058,1.190999984741211,-0.17032895982265472,0.2952083945274353,1.1360000371932983,0.19695885479450226,0.9383769631385803,2.616000175476074,0,0,0,0,0,0,0,0,0
