-0.06830008327960968,0.08892408758401871,0.9909999966621399,-0.04083668440580368,0.0709732174873352,0.9869999885559082,-0.0828162208199501,0.05895092338323593,0.8585000038146973,0.054745350033044815,0.045603975653648376,1.1089999675750732,-0.23978273570537567,0.02965148352086544,1.0529999732971191,0.1669059544801712,0.25519534945487976,1.1139999628067017,-0.31062018871307373,0.25388622283935547,1.055999994277954,0,0,0,-0.1911916583776474,0.31441816687583923,0.9179999828338623
-0.06453029066324234,0.09134531021118164,0.9824999570846558,-0.03534509241580963,0.07117544114589691,0.9679999947547913,-0.0808560773730278,0.05992025136947632,0.8524999618530273,0.05826035514473915,0.049131326377391815,1.1074999570846558,-0.2354723960161209,0.03293830528855324,1.0490000247955322,0.1686353087425232,0.25508081912994385,1.1134999990463257,-0.315005898475647,0.25328513979911804,1.0534999370574951,0,0,0,-0.19004619121551514,0.30662021040916443,0.9125000238418579
-0.06255394965410233,0.09078748524188995,0.9765000343322754,-0.03269490972161293,0.06889606267213821,0.9369999766349792,-0.07933489978313446,0.06119372695684433,0.8510000109672546,0.05812884494662285,0.049020424485206604,1.1050000190734863,-0.23479898273944855,0.03623384237289429,1.0460000038146973,0.1684081256389618,0.2565390169620514,1.1119999885559082,-0.3190634548664093,0.25244367122650146,1.0499999523162842,0,0,0,-0.18077772855758667,0.3059481680393219,0.9105000495910645
-0.060534607619047165,0.09327850490808487,0.9695000052452087,-0.029995465651154518,0.06774653494358063,0.9014999866485596,-0.07648709416389465,0.06387637555599213,0.8500000238418579,0.05807624012231827,0.04897606000304222,1.1039999723434448,-0.23423777520656586,0.036147236824035645,1.0434999465942383,0.1675751656293869,0.2552701532840729,1.1064999103546143,-0.32725831866264343,0.25560271739959717,1.0490000247955322,0,0,0,-0.1834256798028946,0.30102548003196716,0.909000039100647
-0.05805140733718872,0.09028869867324829,0.9544999599456787,-0.029346643015742302,0.06628113240003586,0.8819999694824219,-0.07639710605144501,0.06242556869983673,0.8489999771118164,0.057971030473709106,0.048887334764003754,1.1019999980926514,-0.23198984563350677,0.0360606387257576,1.0410000085830688,0.16666650772094727,0.25566914677619934,1.1004999876022339,-0.33093178272247314,0.2545062303543091,1.0444999933242798,0.14047756791114807,0.3689998388290405,0.9800000190734863,-0.1872244030237198,0.2970959544181824,0.906000018119812
-0.05713912844657898,0.0903921127319336,0.9394999742507935,-0.02891409583389759,0.06530419737100601,0.8689999580383301,-0.07488889247179031,0.06231527402997017,0.8474999666213989,0.05975664407014847,0.048887334764003754,1.1019999980926514,-0.23030304908752441,0.0360606387257576,1.0410000085830688,0.16295191645622253,0.25543680787086487,1.0994999408721924,-0.33407893776893616,0.25472694635391235,1.0384999513626099,0.13378365337848663,0.36647462844848633,0.9774999618530273,-0.18848414719104767,0.2997008264064789,0.9049999713897705
-0.05508403480052948,0.08952619880437851,0.9305000305175781,-0.027458541095256805,0.06378583610057831,0.8674999475479126,-0.07342890650033951,0.062241751700639725,0.846500039100647,0.05962107703089714,0.046994876116514206,1.0994999408721924,-0.2301924228668213,0.03604331612586975,1.0404999256134033,0.1504809558391571,0.25543680787086487,1.0994999408721924,-0.3403175473213196,0.2593998610973358,1.0369999408721924,0.11952869594097137,0.35855522751808167,0.9774999618530273,-0.18555133044719696,0.30410003662109375,0.9049999713897705
-0.05487683787941933,0.0876874029636383,0.9269999861717224,-0.02733193337917328,0.06349173188209534,0.8634999990463257,-0.07608215510845184,0.06079823151230812,0.8454999923706055,0.0594312883913517,0.04506939277052879,1.0959999561309814,-0.2298605889081955,0.0359913595020771,1.0390000343322754,0.13622841238975525,0.25365525484085083,1.0994999408721924,-0.34703874588012695,0.2627604603767395,1.0369999408721924,0.09735431522130966,0.3506358563899994,0.9774999618530273,-0.18681110441684723,0.30815833806991577,0.9039999842643738
-0.051872722804546356,0.08918944746255875,0.9269999861717224,-0.023013873025774956,0.06176898628473282,0.8589999675750732,-0.07325541973114014,0.06072632223367691,0.8445000052452087,0.057655394077301025,0.041517626494169235,1.0959999561309814,-0.22627553343772888,0.04268433526158333,1.0379999876022339,0.11841275542974472,0.25899991393089294,1.0994999408721924,-0.3488788306713104,0.26329323649406433,1.0325000286102295,0.06884440034627914,0.34430035948753357,0.9774999618530273,-0.18191225826740265,0.3131490647792816,0.9014999866485596
-0.05037066712975502,0.08918944746255875,0.9269999861717224,-0.02023012563586235,0.06316085159778595,0.8589999675750732,-0.0717167854309082,0.05921737477183342,0.8424999713897705,0.0558285191655159,0.043254006654024124,1.0950000286102295,-0.227847620844841,0.03930158168077469,1.0374999046325684,0.10251834243535995,0.2611372768878937,1.1010000705718994,-0.34702035784721375,0.26022660732269287,1.0269999504089355,0.043457746505737305,0.3392013907432556,0.9765000343322754,-0.18869122862815857,0.31228065490722656,0.8989999890327454
-0.048868607729673386,0.0876874029636383,0.9269999861717224,-0.018838252872228622,0.060377124696969986,0.8589999675750732,-0.06878180801868439,0.05768057703971863,0.8400000333786011,0.054054245352745056,0.04502827301621437,1.0950000286102295,-0.22773781418800354,0.04432349652051926,1.0369999408721924,0.09210623800754547,0.270915687084198,1.1045000553131104,-0.3456687927246094,0.26087066531181335,1.0230000019073486,0.021360594779253006,0.3432424068450928,0.9789999723434448,-0.19306129217147827,0.3166506886482239,0.8989999890327454
-0.04900039732456207,0.0864177793264389,0.9294999837875366,-0.017415912821888924,0.06027169153094292,0.8574999570846558,-0.0686180368065834,0.05754324048757553,0.8379999995231628,0.05050569400191307,0.041479747742414474,1.0950000286102295,-0.2290862798690796,0.04090367630124092,1.0355000495910645,0.08062326908111572,0.27447226643562317,1.11899995803833,-0.34148910641670227,0.25566723942756653,1.0155000686645508,0.01187294814735651,0.34411895275115967,0.9815000295639038,-0.19933050870895386,0.31735512614250183,0.9010000228881836
-0.05091404169797897,0.08559682965278625,0.937000036239624,-0.02017125114798546,0.05742577835917473,0.8565000295639038,-0.06989238411188126,0.05476214364171028,0.8370000123977661,0.0486869215965271,0.04498715326189995,1.0940001010894775,-0.23188082873821259,0.044152531772851944,1.0329999923706055,0.055954787880182266,0.279865562915802,1.133500099182129,-0.3425731956958771,0.2540307641029358,1.0090000629425049,0.002330753719434142,0.35366109013557434,0.9815000295639038,-0.20573949813842773,0.3065239191055298,0.903499960899353
-0.051729101687669754,0.08542454987764359,0.9520000219345093,-0.020112372934818268,0.054490625858306885,0.8539999723434448,-0.07120604813098907,0.05201861262321472,0.8365000486373901,0.045141611248254776,0.04321451112627983,1.0940001010894775,-0.23465915024280548,0.04738517850637436,1.0304999351501465,0.05428523197770119,0.280729740858078,1.1370000839233398,-0.3409382402896881,0.2540307641029358,1.0090000629425049,0.003921119496226311,0.3552514314651489,0.9815000295639038,-0.20731814205646515,0.30083444714546204,0.9039999842643738
-0.05380326136946678,0.08316110074520111,0.9614999890327454,-0.02155907452106476,0.05048670247197151,0.8565000295639038,-0.07251809537410736,0.049278322607278824,0.8360000252723694,0.04159630462527275,0.041441868990659714,1.0940001010894775,-0.2393196076154709,0.045648884028196335,1.0290000438690186,0.05433297157287598,0.2791326642036438,1.1380000114440918,-0.3409382402896881,0.2540307641029358,1.0090000629425049,0.005539562087506056,0.3554627299308777,0.9865000247955322,-0.21634593605995178,0.29383522272109985,0.9049999713897705
-0.05847713723778725,0.07848724722862244,0.9614999890327454,-0.02575257234275341,0.04776677489280701,0.8574999570846558,-0.07649031281471252,0.04651342332363129,0.8350000381469727,0.03456876426935196,0.03974173963069916,1.0959999561309814,-0.24586941301822662,0.04562670364975929,1.0285000801086426,0.061817217618227005,0.2722345292568207,1.1399999856948853,-0.33930331468582153,0.250760942697525,1.0090000629425049,0.011945527978241444,0.35102277994155884,0.9874999523162842,-0.22050124406814575,0.2891162037849426,0.9039999842643738
-0.06318385899066925,0.07696931064128876,0.9620000123977661,-0.031328603625297546,0.046404384076595306,0.8579999804496765,-0.0804527997970581,0.04510635882616043,0.8339999914169312,0.029307780787348747,0.03805246204137802,1.0985000133514404,-0.2500152289867401,0.04713227227330208,1.024999976158142,0.06565526127815247,0.2654266059398651,1.1424999237060547,-0.33766841888427734,0.24749110639095306,1.0090000629425049,0.01840161345899105,0.34406447410583496,0.9904999732971191,-0.22477121651172638,0.28163644671440125,0.903499960899353
-0.06786016374826431,0.07385179400444031,0.9620000123977661,-0.034208495169878006,0.04096241295337677,0.8604999780654907,-0.08580678701400757,0.042378224432468414,0.8335000276565552,0.02040805108845234,0.03805246204137802,1.0985000133514404,-0.2571853995323181,0.05188599228858948,1.0204999446868896,0.06938809901475906,0.2581346035003662,1.1430000066757202,-0.33930331468582153,0.24258635938167572,1.0090000629425049,0.021676968783140182,0.3386673927307129,0.9934999942779541,-0.23209111392498016,0.27870848774909973,0.903499960899353
-0.07864872366189957,0.070623978972435,0.9605000019073486,-0.04414746165275574,0.04112902283668518,0.8639999628067017,-0.09115429222583771,0.041003067046403885,0.8330000042915344,0.016871165484189987,0.03988678380846977,1.100000023841858,-0.2604925334453583,0.05188599228858948,1.0204999446868896,0.0694488137960434,0.24723850190639496,1.1440000534057617,-0.34081652760505676,0.24202603101730347,1.0134999752044678,0.024946706369519234,0.32967090606689453,0.9954999685287476,-0.24180810153484344,0.2695006728172302,0.9070000052452087
-0.08176139742136002,0.06906764954328537,0.9605000019073486,-0.04845930635929108,0.03561140224337578,0.8659999966621399,-0.09919318556785583,0.03962952643632889,0.8324999809265137,0.00974165927618742,0.03632205352187157,1.100000023841858,-0.26545318961143494,0.05188599228858948,1.0204999446868896,0.0639994889497757,0.23095864057540894,1.1460000276565552,-0.344992995262146,0.24050834774971008,1.0210000276565552,0.03160392493009567,0.3090934157371521,1.0019999742507935,-0.2471671849489212,0.26168879866600037,0.9105000495910645
