0.27071186900138855,0.06578724831342697,1.180999994277954,0.24921771883964539,0.03405149653553963,0.9829999804496765,0.20918481051921844,0.032425686717033386,0.9819999933242798,0.249986931681633,-0.0009621139615774155,0.9555000066757202,0.0491870678961277,-0.010447543114423752,1.1469999551773071,0.3828536570072174,0.13927996158599854,1.378000020980835,-0.0940636619925499,0.2170511931180954,1.247499942779541,0.33473631739616394,0.23602856695652008,1.2409999370574951,0.11508208513259888,0.24019870162010193,1.1369999647140503
0.2882005274295807,0.06821679323911667,1.190000057220459,0.25891050696372986,0.038612592965364456,0.9774999618530273,0.2198743224143982,0.03553549945354462,0.9800000190734863,0.2577839195728302,0.011357948184013367,0.9500000476837158,0.06020675599575043,-0.008570302277803421,1.1445000171661377,0.3946690559387207,0.13650014996528625,1.372499942779541,-0.08893848955631256,0.21044722199440002,1.2324999570846558,0.34680140018463135,0.24407191574573517,1.2409999370574951,0.12685281038284302,0.2453906089067459,1.1269999742507935
0.2978415787220001,0.07207318395376205,1.190000057220459,0.2680019438266754,0.041716236621141434,0.9760000109672546,0.22641922533512115,0.03689613938331604,0.9739999771118164,0.264921635389328,0.019014408811926842,0.9480000138282776,0.06747695803642273,-0.004850743338465691,1.1419999599456787,0.4085926115512848,0.1470281183719635,1.3669999837875366,-0.07818442583084106,0.2064206451177597,1.2204999923706055,0.36087727546691895,0.2521152198314667,1.2409999370574951,0.14058317244052887,0.25294029712677,1.1200000047683716
0.31133905053138733,0.07400137186050415,1.190000057220459,0.2796471118927002,0.0462939515709877,0.9724999666213989,0.2355162650346756,0.03972357138991356,0.965999960899353,0.2765411138534546,0.014292212203145027,0.940500020980835,0.08028912544250488,-0.0048422482796013355,1.1399999856948853,0.4214197099208832,0.1468667834997177,1.3654999732971191,-0.06723309308290482,0.19931355118751526,1.2014999389648438,0.3689206540584564,0.2581477165222168,1.2409999370574951,0.1523970365524292,0.2514723539352417,1.1134999990463257
0.3262154757976532,0.07772690802812576,1.187999963760376,0.28909796476364136,0.04579412192106247,0.9620000123977661,0.25012874603271484,0.044235363602638245,0.9620000123977661,0.2877875566482544,0.01719255931675434,0.9325000047683716,0.09305591136217117,-0.012209504842758179,1.1380000114440918,0.439555287361145,0.15068253874778748,1.3599998950958252,-0.048594411462545395,0.18912537395954132,1.1744999885559082,0.386248379945755,0.25696250796318054,1.2450000047683716,0.1718597412109375,0.2518736720085144,1.0994999408721924
0.34382936358451843,0.08164548128843307,1.1890000104904175,0.2993737459182739,0.05010315030813217,0.9549999833106995,0.2602786421775818,0.04693448543548584,0.9535000324249268,0.29573917388916016,0.02314918488264084,0.9290000200271606,0.10587044060230255,-0.014041094109416008,1.1370000839233398,0.451133668422699,0.1472233682870865,1.3485000133514404,-0.030716422945261,0.18833205103874207,1.1464999914169312,0.40043210983276367,0.25830405950546265,1.2515000104904175,0.1908658891916275,0.24878109991550446,1.0859999656677246
0.3688749670982361,0.09127835929393768,1.1890000104904175,0.32036536931991577,0.056174926459789276,0.9529999494552612,0.28137263655662537,0.05272449553012848,0.9465000033378601,0.31378069519996643,0.015547065995633602,0.9244999885559082,0.12930691242218018,-0.0066454168409109116,1.1324999332427979,0.4817241132259369,0.14285333454608917,1.3485000133514404,0.006266751792281866,0.18151360750198364,1.1159999370574951,0.42900896072387695,0.26088401675224304,1.2639999389648438,0.21967150270938873,0.2507849931716919,1.0720000267028809
0.3862142562866211,0.09127835929393768,1.1890000104904175,0.3330354392528534,0.05750712379813194,0.9494999647140503,0.2945517897605896,0.051082681864500046,0.9444999694824219,0.32673177123069763,0.0259908065199852,0.9229999780654907,0.14498528838157654,-0.008431768976151943,1.125999927520752,0.48628151416778564,0.13946868479251862,1.3369998931884766,0.02731482870876789,0.1790509670972824,1.090000033378601,0.4473794102668762,0.26739102602005005,1.2755000591278076,0.23073512315750122,0.2546074688434601,1.059000015258789
0.3997003734111786,0.09513150900602341,1.1890000104904175,0.34377676248550415,0.06004177778959274,0.9409999847412109,0.30325189232826233,0.052529532462358475,0.9430000185966492,0.3314524292945862,0.03036193549633026,0.9194999933242798,0.16011574864387512,-0.013794107362627983,1.1169999837875366,0.4916154146194458,0.15789607167243958,1.3279999494552612,0.04413066431879997,0.17221760749816895,1.0694999694824219,0.46022507548332214,0.26885849237442017,1.2825000286102295,0.2430775910615921,0.2548711597919464,1.0529999732971191
0.40918460488319397,0.09465145319700241,1.183000087738037,0.34822630882263184,0.06252134591341019,0.9325000047683716,0.3137813210487366,0.054028842598199844,0.9424999952316284,0.3357607424259186,0.04059157148003578,0.9149999618530273,0.1788967102766037,-0.0065133883617818356,1.1099998950958252,0.5045263171195984,0.16650328040122986,1.3279999494552612,0.05650310963392258,0.17116616666316986,1.0420000553131104,0.47200807929039,0.27713045477867126,1.2920000553131104,0.2564835548400879,0.25292453169822693,1.0520000457763672
0.4142336845397949,0.10023226588964462,1.180999994277954,0.35370030999183655,0.0669463649392128,0.9309999942779541,0.3171806037425995,0.05839267745614052,0.9390000104904175,0.34220802783966064,0.04030321538448334,0.9084999561309814,0.17669925093650818,-0.006498719099909067,1.1074999570846558,0.50595623254776,0.16984222829341888,1.3204998970031738,0.06846494972705841,0.16738802194595337,1.0190000534057617,0.4803819954395294,0.27294349670410156,1.2920000553131104,0.2655702829360962,0.2569345235824585,1.0475000143051147
0.42272523045539856,0.10188639909029007,1.1779999732971191,0.36289066076278687,0.06970039755105972,0.9275000095367432,0.3275988698005676,0.061108533293008804,0.9340000152587891,0.34084296226501465,0.038510583341121674,0.9010000228881836,0.17898601293563843,-0.006451775319874287,1.0994999408721924,0.5178120732307434,0.167385071516037,1.3179999589920044,0.07018255442380905,0.16046269237995148,0.9965000152587891,0.4830840229988098,0.2771707773208618,1.2825000286102295,0.27361083030700684,0.2567254900932312,1.0329999923706055
0.42878296971321106,0.09917137771844864,1.1684999465942383,0.36631685495376587,0.06771960854530334,0.9210000038146973,0.33125001192092896,0.06094495952129364,0.9314999580383301,0.35571378469467163,0.038382355123758316,0.8980000019073486,0.18492738902568817,-0.011721338145434856,1.0924999713897705,0.5137201547622681,0.16462260484695435,1.312999963760376,0.0717911571264267,0.16007813811302185,0.9745000004768372,0.4845808446407318,0.2756579518318176,1.2755000591278076,0.27222001552581787,0.25717779994010925,1.0214999914169312
0.42628321051597595,0.09544651955366135,1.1464999914169312,0.36898213624954224,0.06590370088815689,0.9164999723434448,0.33656322956085205,0.056295812129974365,0.9294999837875366,0.35260725021362305,0.039815232157707214,0.8975000381469727,0.19722864031791687,-0.008177168667316437,1.0920000076293945,0.5096444487571716,0.17883145809173584,1.3079999685287476,0.07120180130004883,0.1665942519903183,0.9664999842643738,0.4866475760936737,0.2797914445400238,1.2755000591278076,0.27293679118156433,0.26124513149261475,1.0180000066757202
0.4299986958503723,0.09916193783283234,1.1464999914169312,0.37006300687789917,0.06731520593166351,0.9155000448226929,0.3382968008518219,0.05458340421319008,0.9259999990463257,0.3598785102367401,0.04126948118209839,0.8975000381469727,0.19438527524471283,-0.006372558884322643,1.0859999656677246,0.5098075866699219,0.1760365515947342,1.3029999732971191,0.06180543825030327,0.1665942519903183,0.9664999842643738,0.4744384288787842,0.272771954536438,1.243499994277954,0.2671985328197479,0.2604752779006958,1.0150001049041748
0.42102357745170593,0.09186675399541855,1.1035000085830688,0.37369510531425476,0.06420780718326569,0.9135000109672546,0.3429971933364868,0.05437709763646126,0.9225000143051147,0.35697001218795776,0.03836098685860634,0.8975000381469727,0.19049713015556335,-0.004561907611787319,1.0740000009536743,0.5098075866699219,0.1760365515947342,1.3029999732971191,0.05397513508796692,0.17129240930080414,0.9664999842643738,0.4631831645965576,0.2702350616455078,1.2139999866485596,0.26226457953453064,0.2604752779006958,1.0150001049041748
0.409768283367157,0.09115110337734222,1.0740000009536743,0.37394315004348755,0.06252162158489227,0.9104999899864197,0.34561166167259216,0.05282501503825188,0.9214999675750732,0.35697001218795776,0.039815232157707214,0.8975000381469727,0.1910739243030548,0.0023845196701586246,1.0674999952316284,0.5046148896217346,0.1778060346841812,1.3004999160766602,0.04614482820034027,0.179122656583786,0.9664999842643738,0.46032166481018066,0.26661065220832825,1.2065000534057617,0.256950318813324,0.2568058967590332,1.0134999752044678
0.41324880719184875,0.08767062425613403,1.0740000009536743,0.375418484210968,0.06399694085121155,0.9104999899864197,0.3476698100566864,0.049919866025447845,0.9229999780654907,0.34863245487213135,0.044227197766304016,0.8984999656677246,0.18735086917877197,0.004108442924916744,1.065999984741211,0.4982931315898895,0.17991328239440918,1.3004999160766602,0.04301270842552185,0.18068870902061462,0.9664999842643738,0.44899505376815796,0.26533788442611694,1.1920000314712524,0.25202369689941406,0.25516366958618164,1.0134999752044678
0.4093862771987915,0.08648698776960373,1.059499979019165,0.37836912274360657,0.059571001678705215,0.9104999899864197,0.34748148918151855,0.04690331593155861,0.9225000143051147,0.3459131121635437,0.04570848494768143,0.8989999890327454,0.18191269040107727,0.007552349474281073,1.064500093460083,0.48738184571266174,0.1797749549150467,1.2994999885559082,0.043279729783535004,0.1802346408367157,0.9724999666213989,0.4398544132709503,0.26525136828422546,1.183000087738037,0.23888593912124634,0.2568058967590332,1.0134999752044678
0.39963072538375854,0.08007008582353592,1.0429999828338623,0.37538063526153564,0.0568380281329155,0.9140000343322754,0.34449195861816406,0.04391380399465561,0.9225000143051147,0.32988953590393066,0.04133845493197441,0.8989999890327454,0.17493106424808502,0.010996867902576923,1.0640000104904175,0.47803786396980286,0.17522594332695007,1.2969999313354492,0.04563962295651436,0.18979856371879578,0.9895000457763672,0.43565210700035095,0.2669423520565033,1.1820000410079956,0.23395928740501404,0.2633747160434723,1.0134999752044678
