0.5250920057296753,-0.15857011079788208,3.5429999828338623,0,0,0,0.4017230272293091,-0.15573488175868988,2.624500036239624,-0.00959849450737238,-0.06414815783500671,1.6759999990463257,0.162275031208992,0.008638611994683743,1.5779999494552612,-0.20823629200458527,0.1221596747636795,1.8220000267028809,0.1629454493522644,0.2509874701499939,1.5130000114440918,-0.5633704662322998,0.5625724792480469,3.1455001831054688,0.24856069684028625,0.47002604603767395,1.9549999237060547
0,0,0,0,0,0,0.5054325461387634,-0.16352254152297974,3.5260000228881836,-0.025923551991581917,-0.047911204397678375,1.6779999732971191,0.15930253267288208,0.02949007786810398,1.5994999408721924,-0.20591507852077484,0.1226031705737114,1.7049999237060547,0.1462661772966385,0.2419782280921936,1.5180000066757202,-0.5939512252807617,0.5676692128181458,3.1455001831054688,0.1956465244293213,0.4169277250766754,1.872999906539917
0,0,0,0,0,0,0,0,0,-0.0452909842133522,-0.03183308616280556,1.690500020980835,0.14803649485111237,0.0508047454059124,1.6180000305175781,-0.22527499496936798,0.14023520052433014,1.684499979019165,0.12160489708185196,0.2769491374492645,1.5485000610351562,-0.518805205821991,0.5096741318702698,2.61299991607666,0.15412698686122894,0.4065094590187073,1.812999963760376
0,0,0,0,0,0,0,0,0,-0.053904205560684204,-0.023790189996361732,1.7029999494552612,0.13509470224380493,0.07711692154407501,1.6200000047683716,-0.24777165055274963,0.14828157424926758,1.6524999141693115,0.09800975024700165,0.33474892377853394,1.5724999904632568,-0.4313267469406128,0.41402241587638855,2.071000099182129,0.14616645872592926,0.4210662543773651,1.7874999046325684
0,0,0,0,0,0,0,0,0,-0.06509450823068619,-0.010016536340117455,1.7070000171661377,0.1310470551252365,0.09372642636299133,1.6349999904632568,-0.2638373374938965,0.15095917880535126,1.6524999141693115,0.07541206479072571,0.333679735660553,1.5794999599456787,-0.39519211649894714,0.36557725071907043,1.7994999885559082,0.11299555748701096,0.42482662200927734,1.7669999599456787
0,0,0,0,0,0,0,0,0,-0.09596733003854752,0.006609736476093531,1.7149999141693115,0.10516197234392166,0.12091737240552902,1.6445000171661377,-0.26200127601623535,0.15522657334804535,1.6410000324249268,0.03204483538866043,0.3557237982749939,1.5864999294281006,0,0,0,0.04422997310757637,0.4272056818008423,1.7649999856948853
0,0,0,0,0,0,0,0,0,-0.10761361569166183,0.012227781116962433,1.7235000133514404,0.09195040166378021,0.1317359358072281,1.6464999914169312,-0.2752961814403534,0.15788553655147552,1.6410000324249268,0.00892843771725893,0.3796955347061157,1.590000033378601,0,0,0,0.03855380043387413,0.43627914786338806,1.7669999599456787
0,0,0,0,0,0,0,0,0,-0.1414940059185028,0.02345944195985794,1.7280000448226929,0.08679872751235962,0.1534043401479721,1.649999976158142,-0.28593212366104126,0.16586242616176605,1.6410000324249268,0.006412019021809101,0.38067692518234253,1.6050000190734863,0,0,0,0.0041913194581866264,0.444364994764328,1.7649999856948853
0,0,0,0,0,0,0,0,0,-0.15006734430789948,0.02909294329583645,1.7300000190734863,0.07343091070652008,0.15875144302845,1.649999976158142,-0.29973068833351135,0.1810678094625473,1.6584999561309814,-0.004032845143228769,0.38996535539627075,1.621999979019165,0,0,0,-0.018523797392845154,0.47164514660835266,1.749500036239624
0,0,0,0,0,0,0,0,0,-0.1586601287126541,0.0375458225607872,1.7319999933242798,0.06273665279150009,0.17211918532848358,1.649999976158142,-0.34280863404273987,0.1852508932352066,1.6719999313354492,0.0038600510451942682,0.38553914427757263,1.625499963760376,0,0,0,-0.009907754138112068,0.4635849595069885,1.7300000190734863
0,0,0,0,0,0,0,0,0,-0.186724454164505,0.04877148196101189,1.7319999933242798,0.04669526219367981,0.18013982474803925,1.649999976158142,-0.37983718514442444,0.21880315244197845,1.6800000667572021,0.009136205539107323,0.4096214175224304,1.6269999742507935,0,0,0,-0.007104562129825354,0.46638816595077515,1.7300000190734863
0,0,0,0,0,0,0,0,0,-0.20636948943138123,0.06280355155467987,1.7319999933242798,0.030653875321149826,0.1881604641675949,1.649999976158142,-0.3985283672809601,0.2337973713874817,1.690000057220459,0.0012288250727578998,0.42068302631378174,1.628999948501587,-0.37221062183380127,0.3919978737831116,1.556999921798706,-0.015567943453788757,0.47363144159317017,1.7359999418258667
0,0,0,0,0,0,0,0,0,-0.23443381488323212,0.07683563232421875,1.7319999933242798,0.011913598515093327,0.1930970996618271,1.6464999914169312,-0.4181913137435913,0.2560068666934967,1.6920000314712524,-0.009429547004401684,0.4305381178855896,1.6464999914169312,-0.3974393606185913,0.389475017786026,1.556999921798706,0,0,0
0,0,0,0,0,0,0,0,0,-0.25378546118736267,0.09636912494897842,1.7300000190734863,-0.0014258670853450894,0.20110072195529938,1.6464999914169312,-0.4406445026397705,0.2782682180404663,1.694000005722046,-0.017475580796599388,0.4289097189903259,1.6505000591278076,-0.407530814409256,0.40208929777145386,1.556999921798706,0,0,0
0,0,0,0,0,0,0,0,0,-0.2835511565208435,0.1155555471777916,1.7235000133514404,-0.017396168783307076,0.21132206916809082,1.6430000066757202,-0.4598585367202759,0.29748210310935974,1.694000005722046,-0.02314930409193039,0.44315388798713684,1.6740000247955322,-0.41005373001098633,0.41218075156211853,1.556999921798706,0,0,0
0,0,0,0,0,0,0,0,0,-0.31476351618766785,0.11194507032632828,1.7109999656677246,-0.03869394585490227,0.22197088599205017,1.6430000066757202,-0.4803451597690582,0.32304152846336365,1.6984999179840088,-0.039765503257513046,0.4606720507144928,1.688499927520752,-0.3974393606185913,0.41974931955337524,1.556999921798706,-0.007129201665520668,0.3808058798313141,1.7359999418258667
0,0,0,0,0,0,0,0,0,-0.3313303589820862,0.12643764913082123,1.6825000047683716,-0.054467640817165375,0.22646526992321014,1.6370000839233398,-0.4955417215824127,0.34139958024024963,1.694000005722046,-0.0534452423453331,0.4606720507144928,1.688499927520752,-0.4012466371059418,0.42615917325019836,1.562000036239624,0.0013095397735014558,0.3695542812347412,1.7359999418258667
0,0,0,0,0,0,0,0,0,-0.34531131386756897,0.1326560378074646,1.6579999923706055,-0.07252206653356552,0.2301420122385025,1.625499963760376,-0.5065211653709412,0.3551237881183624,1.694000005722046,-0.06478943675756454,0.48005443811416626,1.6990000009536743,-0.4037776291370392,0.4210973083972931,1.562000036239624,-0.0043162875808775425,0.3836187720298767,1.7359999418258667
0,0,0,0,0,0,0,0,0,-0.37094196677207947,0.13489358127117157,1.6524999141693115,-0.09284447878599167,0.2204630821943283,1.6124999523162842,-0.5168896317481995,0.3684125244617462,1.6920000314712524,-0.08681312948465347,0.48005443811416626,1.6990000009536743,0,0,0,-0.012755028903484344,0.38643166422843933,1.7359999418258667
0,0,0,0,0,0,0,0,0,-0.3997804522514343,0.13113585114479065,1.6389999389648438,-0.10541589558124542,0.20903514325618744,1.6050000190734863,-0.5205205082893372,0.38076552748680115,1.686000108718872,-0.09507201611995697,0.4745485782623291,1.6990000009536743,0,0,0,-0.01838085800409317,0.3808058798313141,1.7359999418258667
