0.722400963306427,-0.11189371347427368,1.1779999732971191,0.7519052028656006,-0.1335972100496292,1.1675000190734863,0.6917091608047485,-0.1504509150981903,1.180999994277954,0.8347696661949158,0.07721681892871857,1.347000002861023,0.5643872022628784,-0.05137508735060692,1.2374999523162842,0.3175885081291199,0.1580057144165039,0.5690000057220459,0.3759813606739044,-0.14938266575336456,1.1024999618530273,0,0,0,0.21259312331676483,-0.28723007440567017,0.9980000257492065
0.7241975665092468,-0.11042141914367676,1.1624999046325684,0.7531225085258484,-0.129956915974617,1.1519999504089355,0.6958503723144531,-0.14658783376216888,1.1654999256134033,0.8480698466300964,0.07664356380701065,1.3369998931884766,0.5689387917518616,-0.04907071590423584,1.2300000190734863,0.32513830065727234,0.1521827131509781,0.5644999742507935,0.38443413376808167,-0.1478244811296463,1.090999960899353,0,0,0,0.2384667545557022,-0.29854974150657654,0.9980000257492065
0.7313869595527649,-0.10980401188135147,1.1559998989105225,0.7586827874183655,-0.1271451860666275,1.1434999704360962,0.6947029232978821,-0.14438681304454803,1.1480000019073486,0.8419692516326904,0.07804366201162338,1.3240000009536743,0.5770212411880493,-0.04692460596561432,1.2259999513626099,0.32095056772232056,0.13923516869544983,0.5494999885559082,0.39123886823654175,-0.15165406465530396,1.0804998874664307,1.0107327699661255,0.6513906121253967,1.7450000047683716,0.2638106346130371,-0.30763453245162964,0.9960000514984131
0.7369620203971863,-0.10765082389116287,1.152999997138977,0.7617394924163818,-0.122737817466259,1.1369999647140503,0.7000176310539246,-0.14171968400478363,1.1414999961853027,0.8522586822509766,0.07994671911001205,1.3200000524520874,0.5822675824165344,-0.04488309845328331,1.2244999408721924,0.3159655034542084,0.13767977058887482,0.5364999771118164,0.4147878885269165,-0.14431633055210114,1.0779999494552612,1.0192152261734009,0.6315982937812805,1.7450000047683716,0.28947871923446655,-0.3152490556240082,0.9845000505447388
0.7412067651748657,-0.10346370935440063,1.1480000019073486,0.7647120356559753,-0.1202043667435646,1.1304999589920044,0.7064696550369263,-0.13931867480278015,1.1369999647140503,0.8554226756095886,0.08390536159276962,1.315000057220459,0.5900118947029114,-0.04274135082960129,1.2200000286102295,0.3142268657684326,0.14028769731521606,0.5364999771118164,0.4232518970966339,-0.1465071737766266,1.06850004196167,1.0220427513122559,0.6344257593154907,1.7450000047683716,0.3200398087501526,-0.3140208423137665,0.9660000205039978
0.7438598871231079,-0.09935244917869568,1.1434999704360962,0.7710148096084595,-0.11821552366018295,1.128999948501587,0.7113276720046997,-0.13515686988830566,1.1329998970031738,0.8606606721878052,0.08146368712186813,1.309999942779541,0.5915312170982361,-0.03666007146239281,1.215000033378601,0.32696160674095154,0.1436309516429901,0.5360000133514404,0.42574864625930786,-0.14671242237091064,1.0575000047683716,0,0,0,0.355824738740921,-0.3157471716403961,0.9570000171661377
0.7496289610862732,-0.09728643298149109,1.1410000324249268,0.7701060771942139,-0.11779669672250748,1.125,0.7108974456787109,-0.1343814879655838,1.1265000104904175,0.861466109752655,0.09405568987131119,1.3079999685287476,0.5954704880714417,-0.028690490871667862,1.2109999656677246,0,0,0,0.42871642112731934,-0.1504887491464615,1.0479999780654907,0,0,0,0.3881123661994934,-0.32097524404525757,0.9450000524520874
0.7525278925895691,-0.0969453752040863,1.1369999647140503,0.7663411498069763,-0.115406833589077,1.1195000410079956,0.7143734693527222,-0.13185016810894012,1.120500087738037,0.8633884191513062,0.09169028699398041,1.3044999837875366,0.5966726541519165,-0.026606878265738487,1.2055000066757202,0,0,0,0.4288140833377838,-0.13585881888866425,1.0399999618530273,0,0,0,0.42359286546707153,-0.2978561222553253,0.9255000352859497
0.7548846006393433,-0.092645563185215,1.129499912261963,0.7639451622962952,-0.11323773115873337,1.1159999370574951,0.7154414057731628,-0.12776127457618713,1.1165000200271606,0.8628482222557068,0.08719464391469955,1.3004999160766602,0.6002834439277649,-0.026507556438446045,1.2009999752044678,0,0,0,0.43597856163978577,-0.13210633397102356,1.0369999408721924,0,0,0,0.46073397994041443,-0.2899186909198761,0.9099999666213989
0.7573458552360535,-0.09045359492301941,1.125,0.7622338533401489,-0.10937558859586716,1.1134999990463257,0.7181469798088074,-0.12336473912000656,1.1094999313354492,0.8590863347053528,0.08702703565359116,1.2979999780654907,0.6075613498687744,-0.0225966889411211,1.2000000476837158,0,0,0,0.4301149249076843,-0.12633031606674194,1.031000018119812,0,0,0,0.4873991906642914,-0.27033546566963196,0.8939999938011169
0.7632780075073242,-0.08847314864397049,1.1230000257492065,0.7605225443840027,-0.1073298379778862,1.1110000610351562,0.722396194934845,-0.12286439538002014,1.1050000190734863,0.8563228845596313,0.08065526932477951,1.2969999313354492,0.6114501357078552,-0.0225966889411211,1.2000000476837158,0,0,0,0.4317132532596588,-0.11990658193826675,1.0190000534057617,0,0,0,0.5225436091423035,-0.2603984773159027,0.8799999952316284
0.767367959022522,-0.07923363149166107,1.121000051498413,0.7605225443840027,-0.10192926973104477,1.1110000610351562,0.7300248146057129,-0.11549310386180878,1.1029999256134033,0.8563228845596313,0.08275683969259262,1.2969999313354492,0.6104310154914856,-0.026441343128681183,1.1979999542236328,0,0,0,0.4305329918861389,-0.11703692376613617,1.0084999799728394,0,0,0,0.5384990572929382,-0.2287524938583374,0.8734999895095825
0.7663411498069763,-0.07187175750732422,1.1195000410079956,0.7605225443840027,-0.09292832762002945,1.1110000610351562,0.7342713475227356,-0.1058807298541069,1.0959999561309814,0.8479165434837341,0.08485841751098633,1.2969999313354492,0.6103275418281555,-0.024418381974101067,1.194000005722046,0,0,0,0.43229570984840393,-0.11337387561798096,1.0049999952316284,0,0,0,0.5648598074913025,-0.21668286621570587,0.8704999685287476
0.7639451622962952,-0.058989014476537704,1.1159999370574951,0.7605225443840027,-0.08032700419425964,1.1110000610351562,0.7415283918380737,-0.09479101747274399,1.0910000801086426,0.838054358959198,0.08702703565359116,1.2979999780654907,0.6082829236984253,-0.02433658018708229,1.190000057220459,0,0,0,0.44443705677986145,-0.10502229630947113,1.003000020980835,0,0,0,0.5716763138771057,-0.21043477952480316,0.8679999709129333
0.7639451622962952,-0.04813927412033081,1.1159999370574951,0,0,0,0.7468317747116089,-0.08418432623147964,1.0910000801086426,0.8317446708679199,0.09333660453557968,1.2979999780654907,0.6053355932235718,-0.018520811572670937,1.187999963760376,0,0,0,0.4504883289337158,-0.10004688054323196,1.002000093460083,0,0,0,0.5833246111869812,-0.20305106043815613,0.8665000200271606
0.7639451622962952,-0.040906112641096115,1.1159999370574951,0,0,0,0.7468317747116089,-0.07711319625377655,1.0910000801086426,0.8212286829948425,0.0891302227973938,1.2979999780654907,0.6043165326118469,-0.014646206051111221,1.1859999895095825,0,0,0,0.4542229175567627,-0.09655820578336716,0.999500036239624,0,0,0,0.5767733454704285,-0.19943419098854065,0.8630000352859497
0.7639451622962952,-0.03186466172337532,1.1159999370574951,0,0,0,0.7468317747116089,-0.06473872065544128,1.0910000801086426,0.8084809184074402,0.08345870673656464,1.3079999685287476,0.5994605422019958,-0.014621507376432419,1.184000015258789,0,0,0,0.4507920444011688,-0.08971961587667465,0.9954999685287476,0,0,0,0.577219545841217,-0.202803373336792,0.859499990940094
0.7639451622962952,-0.015590048395097256,1.1159999370574951,0,0,0,0.7468317747116089,-0.05236424133181572,1.0910000801086426,0.7981822490692139,0.08416058123111725,1.319000005722046,0.5975420475006104,-0.016539979726076126,1.184000015258789,0,0,0,0.4469429850578308,-0.08415574580430984,0.9869999885559082,0,0,0,0.5572466850280762,-0.2085464596748352,0.8544999957084656
0.7735287547111511,-0.008461722172796726,1.1299999952316284,0,0,0,0.7475162744522095,-0.045334625989198685,1.0920000076293945,0.7760496735572815,0.07595566660165787,1.3250000476837158,0.5937049984931946,-0.016539979726076126,1.184000015258789,0,0,0,0.4390093982219696,-0.0803830549120903,0.9800000190734863,0,0,0,0.5288978815078735,-0.20995548367500305,0.8489999771118164
0.7817431688308716,-0.0030003238935023546,1.1419999599456787,0,0,0,0.7570998072624207,-0.038747482001781464,1.1059999465942383,0.7733842730522156,0.07201333343982697,1.3315000534057617,0.5869563817977905,-0.014596807770431042,1.181999921798706,0,0,0,0.43133318424224854,-0.07855392247438431,0.9769999980926514,0,0,0,0.5048362612724304,-0.21479058265686035,0.840999960899353
