-0.17233045399188995,-0.10753339529037476,1.215000033378601,-0.14820612967014313,-0.14633968472480774,1.2610000371932983,-0.20224159955978394,-0.1366296112537384,1.194000005722046,-0.028235450387001038,-0.028416721150279045,1.287500023841858,-0.315174400806427,-0.0036623922642320395,1.3940000534057617,0.0758960098028183,0.1436546891927719,1.1030000448226929,-0.34446001052856445,0.19805416464805603,1.5019999742507935,-0.012480434961616993,0.1906590610742569,0.9025000333786011,-0.38917720317840576,0.4118884801864624,1.5850000381469727
-0.1703617423772812,-0.10556469857692719,1.215000033378601,-0.14820612967014313,-0.14633968472480774,1.2610000371932983,-0.20224159955978394,-0.1346949338912964,1.194000005722046,-0.02412848360836506,-0.026402121409773827,1.2910000085830688,-0.3122422397136688,-0.0014006284764036536,1.3910000324249268,0.0758960098028183,0.16331417858600616,1.1030000448226929,-0.34270942211151123,0.1984497457742691,1.5049999952316284,-0.018939172849059105,0.22268305718898773,0.9325000047683716,-0.36246803402900696,0.3873249888420105,1.558500051498413
-0.16418489813804626,-0.10539092868566513,1.2130000591278076,-0.14207637310028076,-0.14429643750190735,1.2610000371932983,-0.19433996081352234,-0.13264907896518707,1.193000078201294,-0.015779349952936172,-0.0201499592512846,1.2925000190734863,-0.2983967363834381,0.003103784518316388,1.3895000219345093,0.08125772327184677,0.17761199176311493,1.1030000448226929,-0.3291676938533783,0.19421565532684326,1.5099999904632568,-0.022702958434820175,0.2708173394203186,0.9639999866485596,-0.32490992546081543,0.37468236684799194,1.5479999780654907
-0.15435750782489777,-0.10539092868566513,1.2130000591278076,-0.133903369307518,-0.14633968472480774,1.2610000371932983,-0.18467462062835693,-0.13264907896518707,1.193000078201294,-0.009522187523543835,-0.01810457371175289,1.2960000038146973,-0.2840678095817566,0.0008498794632032514,1.3854999542236328,0.08125772327184677,0.17403753101825714,1.1030000448226929,-0.3221472203731537,0.19930684566497803,1.5115000009536743,-0.016949934884905815,0.2789643406867981,0.9930000305175781,-0.3070540726184845,0.36429592967033386,1.5464999675750732
-0.14256465435028076,-0.10735639184713364,1.2130000591278076,-0.12164386361837387,-0.14838291704654694,1.2610000371932983,-0.17500928044319153,-0.13264907896518707,1.193000078201294,0.005191538017243147,-0.018153466284275055,1.2994999885559082,-0.2675781846046448,-0.0013910627458244562,1.381500005722046,0.08119967579841614,0.1668677031993866,1.127000093460083,-0.31615355610847473,0.20262360572814941,1.5180000066757202,-0.010513936169445515,0.2677014172077179,0.9930000305175781,-0.28081023693084717,0.35777416825294495,1.5399999618530273
-0.12684085965156555,-0.10932184755802155,1.2130000591278076,-0.1074262261390686,-0.14850059151649475,1.2620000839233398,-0.1576116681098938,-0.13651518523693085,1.193000078201294,0.024253718554973602,-0.020352628082036972,1.3055000305175781,-0.2509057819843292,-0.0013855246361345053,1.375999927520752,0.08696003258228302,0.15978458523750305,1.1549999713897705,-0.30661752820014954,0.205285906791687,1.5195000171661377,-0.0008599368738941848,0.2564384639263153,0.9930000305175781,-0.2459518015384674,0.35428935289382935,1.524999976158142
-0.10522063076496124,-0.11128731071949005,1.2130000591278076,-0.08523547649383545,-0.15108224749565125,1.2664999961853027,-0.1363479197025299,-0.13651518523693085,1.193000078201294,0.04774104803800583,-0.020446166396141052,1.3114999532699585,-0.23264558613300323,-0.003608533414080739,1.3734999895095825,0.09186949580907822,0.15557163953781128,1.1944999694824219,-0.2893827259540558,0.20282383263111115,1.5195000171661377,0.012012060731649399,0.2435665726661682,0.9930000305175781,-0.22418133914470673,0.341356486082077,1.5115000009536743
-0.08176952600479126,-0.11343950778245926,1.215000033378601,-0.058765411376953125,-0.15573793649673462,1.2709999084472656,-0.11324593424797058,-0.13856428861618042,1.194000005722046,0.06699422001838684,-0.024743372574448586,1.3140000104904175,-0.21039019525051117,-0.008059585466980934,1.3734999895095825,0.1065579429268837,0.152223140001297,1.2300000190734863,-0.2703070640563965,0.1958877146244049,1.5230000019073486,0.03341752290725708,0.24786071479320526,1.059499979019165,-0.19189704954624176,0.33567914366722107,1.5080000162124634
-0.05631493031978607,-0.11766672134399414,1.2179999351501465,-0.034078750759363174,-0.15586046874523163,1.2719999551773071,-0.08816876262426376,-0.1425529271364212,1.1949999332427979,0.08835271000862122,-0.031154416501522064,1.315000057220459,-0.19258588552474976,-0.012510636821389198,1.3734999895095825,0.13181425631046295,0.15307199954986572,1.3234999179840088,-0.2505647838115692,0.20329101383686066,1.5230000019073486,0.05490590259432793,0.26157885789871216,1.149999976158142,-0.14108318090438843,0.3479875326156616,1.4874999523162842
-0.028814388439059258,-0.11621558666229248,1.2235000133514404,-0.0031663551926612854,-0.1539807766675949,1.2734999656677246,-0.05932203680276871,-0.1430300921201706,1.1990000009536743,0.11007717251777649,-0.031272873282432556,1.3200000524520874,-0.16810493171215057,-0.019187215715646744,1.3734999895095825,0.1614643782377243,0.16590993106365204,1.434499979019165,-0.21108029782772064,0.22056536376476288,1.5230000019073486,0.0709996297955513,0.2850305140018463,1.2354999780654907,-0.0838623195886612,0.3666955232620239,1.4565000534057617
0.0009293508483096957,-0.11103422194719315,1.2319999933242798,0.02784077636897564,-0.14808043837547302,1.2760000228881836,-0.030318625271320343,-0.13783112168312073,1.2044999599456787,0.13651466369628906,-0.03145056217908859,1.3275001049041748,-0.13902093470096588,-0.01472007017582655,1.371999979019165,0.18727874755859375,0.196616992354393,1.4730000495910645,-0.1543213427066803,0.2501785457134247,1.5230000019073486,0.10302150249481201,0.3502616286277771,1.3394999504089355,-0.01999635249376297,0.4202840030193329,1.4459999799728394
0.06324683129787445,-0.07360987365245819,1.2404999732971191,0.09018440544605255,-0.10918077826499939,1.2804999351501465,0.03225589916110039,-0.10112541913986206,1.2089999914169312,0.17360326647758484,-0.014285549521446228,1.3315000534057617,-0.08353442698717117,0.016421200707554817,1.3734999895095825,0.21753233671188354,0.22213098406791687,1.4839999675750732,-0.04563385993242264,0.2643761932849884,1.5195000171661377,0.20118899643421173,0.44297221302986145,1.4359999895095825,0.049737583845853806,0.4596579968929291,1.4300000667572021
0.09998849779367447,-0.041683416813611984,1.247499942779541,0.12797985970973969,-0.07625045627355576,1.2850000858306885,0.06762947142124176,-0.0659727081656456,1.2109999656677246,0.19693711400032043,-0.010060463100671768,1.3434998989105225,-0.05666244775056839,0.025249553844332695,1.369499921798706,0.24587349593639374,0.2286987453699112,1.4954999685287476,-0.020992020145058632,0.28379252552986145,1.5180000066757202,0.24564024806022644,0.4491991102695465,1.4795000553131104,0.08681101351976395,0.45270678400993347,1.4300000667572021
0.13878293335437775,-0.009367800317704678,1.250999927520752,0.16558711230754852,-0.04088609293103218,1.2860000133514404,0.1051718220114708,-0.03269573301076889,1.2139999866485596,0.22367829084396362,-0.010187763720750809,1.3604999780654907,-0.02559562958776951,0.025249553844332695,1.369499921798706,0.27579498291015625,0.20135067403316498,1.5269999504089355,-0.0013102563098073006,0.25834211707115173,1.5130000114440918,0.2791437804698944,0.4336540400981903,1.4919999837875366,0.10534773021936417,0.44343850016593933,1.4300000667572021
0.17258433997631073,0.01711941882967949,1.2609999179840088,0.20372650027275085,-0.011750069446861744,1.2899999618530273,0.14104272425174713,-0.00912068784236908,1.2179999351501465,0.2535420358181,-0.010236437432467937,1.3669999837875366,0.005471189506351948,0.01859242096543312,1.369499921798706,0.3104346692562103,0.1964021921157837,1.5269999504089355,0.02766280248761177,0.2518315315246582,1.4890000820159912,0.31640034914016724,0.42701488733291626,1.5199999809265137,0.11461608111858368,0.44343850016593933,1.4300000667572021
0.2129274308681488,0.0304738599807024,1.3079999685287476,0.24527981877326965,0.005052690859884024,1.3109999895095825,0.17261995375156403,0.0007471332792192698,1.2179999351501465,0.28798678517341614,0.0008486526785418391,1.3834999799728394,0.027601176872849464,0.011909142136573792,1.366499900817871,0.337714284658432,0.2043834626674652,1.5499999523162842,0.04168613627552986,0.23480497300624847,1.4730000495910645,0.37377405166625977,0.43785935640335083,1.6540000438690186,0.12388444691896439,0.4341701567173004,1.4300000667572021
0.25971123576164246,0.03842303156852722,1.3645000457763672,0.2860225737094879,0.011791489087045193,1.3529999256134033,0.20814432203769684,0.010614954866468906,1.2179999351501465,0.31410616636276245,0.009932633489370346,1.399999976158142,0.05180526152253151,0.007458877749741077,1.3624999523162842,0.3632977604866028,0.19207341969013214,1.5520000457763672,0.05821508914232254,0.23408763110637665,1.468500018119812,0.419706255197525,0.44791722297668457,1.756500005722046,0.131629079580307,0.44800907373428345,1.4915000200271606
0.2977049946784973,0.04355141520500183,1.3870000839233398,0.3184707760810852,0.016265777871012688,1.3605000972747803,0.23972156643867493,0.014562083408236504,1.2179999351501465,0.3435963988304138,0.0008587739430367947,1.399999976158142,0.0802692249417305,0.005235759541392326,1.3585000038146973,0.3871740400791168,0.18007792532444,1.5570000410079956,0.06535351276397705,0.22694925963878632,1.468500018119812,0.4424753189086914,0.4194560945034027,1.756500005722046,0.13670605421066284,0.4586502015590668,1.5780000686645508
0.33083006739616394,0.05732366442680359,1.3940000534057617,0.3570932149887085,0.02995861880481243,1.3819999694824219,0.2706305682659149,0.022401027381420135,1.2149999141693115,0.3572072684764862,0.012201097793877125,1.399999976158142,0.10860474407672882,0.007417819928377867,1.3550000190734863,0.4075642228126526,0.17621257901191711,1.5674999952316284,0.07725086808204651,0.2388465404510498,1.468500018119812,0.46125268936157227,0.40958172082901,1.7630000114440918,0.13921838998794556,0.46447524428367615,1.6069999933242798
0.35644182562828064,0.0665014386177063,1.3969999551773071,0.3779294788837433,0.04347291216254234,1.3845000267028809,0.29316532611846924,0.03604794666171074,1.2105000019073486,0.3640127182006836,0.014469562098383904,1.399999976158142,0.1260761320590973,0.016188064590096474,1.3539999723434448,0.4210548996925354,0.16481715440750122,1.5799999237060547,0.09152770787477493,0.23170816898345947,1.468500018119812,0.479613721370697,0.3877156674861908,1.7674999237060547,0.13882480561733246,0.4666980803012848,1.6330000162124634
