-0.09867522865533829,0.06737075001001358,0.9585000276565552,-0.06496451050043106,0.0333542600274086,0.8804999589920044,-0.11531110107898712,0.03825761377811432,0.8320000171661377,-0.008082103915512562,0.03275732323527336,1.100000023841858,-0.28364235162734985,0.053539544343948364,1.0204999446868896,0.04944436997175217,0.196872740983963,1.152999997138977,-0.3529335856437683,0.24096672236919403,1.0444999933242798,0.03201395645737648,0.2719877064228058,1.0149999856948853,-0.2502810060977936,0.2545030415058136,0.9164999723434448
-0.106662817299366,0.06595499068498611,0.9605000019073486,-0.07598813623189926,0.03152274712920189,0.9099999666213989,-0.12205173075199127,0.03825761377811432,0.8320000171661377,-0.018776362761855125,0.030974959954619408,1.100000023841858,-0.29370757937431335,0.055220138281583786,1.0210000276565552,0.03660315275192261,0.19251219928264618,1.1605000495910645,-0.3558056950569153,0.24122145771980286,1.0529999732971191,0.032203201204538345,0.2620149850845337,1.0209999084472656,-0.25396764278411865,0.25674495100975037,0.9300000071525574
-0.11265311390161514,0.06581766158342361,0.9585000276565552,-0.08629205822944641,0.03415759280323982,0.9420000314712524,-0.12879234552383423,0.03825761377811432,0.8320000171661377,-0.029470620676875114,0.027410229668021202,1.100000023841858,-0.30618512630462646,0.05372316762804985,1.0239999294281006,0.023834168910980225,0.19001102447509766,1.1800000667572021,-0.35937929153442383,0.23733606934547424,1.058500051498413,0.019330518320202827,0.26533323526382446,1.0404999256134033,-0.26029735803604126,0.25853145122528076,0.9420000314712524
-0.12358922511339188,0.06585199385881424,0.9589999914169312,-0.10085573047399521,0.03653626888990402,0.9645000100135803,-0.13822923600673676,0.03960572928190231,0.8320000171661377,-0.04194725304841995,0.02028076723217964,1.100000023841858,-0.3181101083755493,0.05211479216814041,1.024999976158142,0.0067215971648693085,0.18886937201023102,1.1970000267028809,-0.36469465494155884,0.2368451952934265,1.063999891281128,0.005983176175504923,0.25789669156074524,1.065500020980835,-0.25833696126937866,0.26116207242012024,0.9459999799728394
-0.13339775800704956,0.06609232723712921,0.9624999761581421,-0.11148657649755478,0.037483297288417816,0.9895000457763672,-0.1452312171459198,0.04102768003940582,0.8335000276565552,-0.05442389100790024,0.02028076723217964,1.100000023841858,-0.32689204812049866,0.05551759898662567,1.0264999866485596,-0.01091370265930891,0.19399704039096832,1.2170000076293945,-0.3790646493434906,0.23655752837657928,1.0704998970031738,-0.011514507234096527,0.2614595293998718,1.0875000953674316,-0.26460811495780945,0.25823280215263367,0.9465000033378601
-0.1416357457637787,0.06786276400089264,0.965499997138977,-0.122881218791008,0.038032568991184235,1.003999948501587,-0.15234868228435516,0.04247991368174553,0.8355000019073486,-0.06511814892292023,0.016716038808226585,1.100000023841858,-0.34086114168167114,0.05562577396631241,1.0285000801086426,-0.025296233594417572,0.1924857348203659,1.2454999685287476,-0.3947475850582123,0.2380037009716034,1.0850000381469727,-0.03510262072086334,0.2684255540370941,1.1089999675750732,-0.28232547640800476,0.26320818066596985,0.9704999923706055
-0.15660275518894196,0.06824934482574463,0.9710000157356262,-0.1384129673242569,0.04155348613858223,1.0104999542236328,-0.16522207856178284,0.04401732236146927,0.8389999866485596,-0.07944931834936142,0.01673123426735401,1.1010000705718994,-0.3547098636627197,0.05236900970339775,1.0299999713897705,-0.042339690029621124,0.19253471493721008,1.2725000381469727,-0.4146522879600525,0.241403728723526,1.1004999876022339,-0.06026005372405052,0.2881919741630554,1.1089999675750732,-0.30472660064697266,0.26729828119277954,0.9975000619888306
-0.16997365653514862,0.07014627009630203,0.9754999876022339,-0.15478651225566864,0.044828176498413086,1.0104999542236328,-0.17746210098266602,0.045728329569101334,0.8454999923706055,-0.09401922672986984,0.013205109164118767,1.1045000553131104,-0.37008944153785706,0.05743154510855675,1.031000018119812,-0.05112391337752342,0.18624232709407806,1.2860000133514404,-0.4298515021800995,0.23935018479824066,1.1074999570846558,-0.07290445268154144,0.27586185932159424,1.1100000143051147,-0.3145327866077423,0.26552173495292664,1.003000020980835
-0.18150213360786438,0.07032604515552521,0.9780000448226929,-0.16404050588607788,0.04304123669862747,1.0069999694824219,-0.18937502801418304,0.047683216631412506,0.8559999465942383,-0.10731862485408783,0.011498133651912212,1.1124999523162842,-0.37917640805244446,0.0608905591070652,1.0329999923706055,-0.07014944404363632,0.18069088459014893,1.2910000085830688,-0.4534236788749695,0.23682554066181183,1.1124999523162842,-0.0863032415509224,0.2639467418193817,1.120500087738037,-0.33096325397491455,0.2683013379573822,1.0134999752044678
-0.18692277371883392,0.06898736953735352,0.9815000295639038,-0.16792897880077362,0.042784783989191055,1.000999927520752,-0.19523178040981293,0.04810100793838501,0.8634999990463257,-0.12602095305919647,0.00793546438217163,1.118499994277954,-0.39481320977211,0.052597809582948685,1.034500002861023,-0.08738908171653748,0.16701261699199677,1.2985000610351562,-0.4717581570148468,0.24151138961315155,1.1175000667572021,-0.09631755948066711,0.2555374503135681,1.131500005722046,-0.33887264132499695,0.26902711391448975,1.0225000381469727
-0.1967652142047882,0.07068558037281036,0.9829999804496765,-0.17603878676891327,0.04440673440694809,1.000999927520752,-0.20269599556922913,0.04681001603603363,0.8654999732971191,-0.13538464903831482,0.0043204170651733875,1.121000051498413,-0.4067434072494507,0.05262322723865509,1.034999966621399,-0.1026676818728447,0.1636822670698166,1.3055000305175781,-0.4834862947463989,0.24375759065151215,1.1195000410079956,-0.11021260917186737,0.2543192207813263,1.1424999237060547,-0.3426882028579712,0.26776251196861267,1.0239999294281006
-0.20514574646949768,0.07242542505264282,0.9850000143051147,-0.18326516449451447,0.04380784183740616,0.9874999523162842,-0.20738132297992706,0.048323821276426315,0.8674999475479126,-0.14700078964233398,0.004341614432632923,1.1265000104904175,-0.4168056845664978,0.05262322723865509,1.034999966621399,-0.11597837507724762,0.1581798493862152,1.3125,-0.4972405433654785,0.2451728880405426,1.1260000467300415,-0.11797787994146347,0.24395690858364105,1.1459999084472656,-0.3480054438114166,0.26304149627685547,1.024999976158142
-0.21312592923641205,0.06923337280750275,0.9850000143051147,-0.19126561284065247,0.04700799658894539,0.9874999523162842,-0.21618837118148804,0.048407379537820816,0.8689999580383301,-0.1684882491827011,-0.002984560327604413,1.1359999179840088,-0.4335762560367584,0.054300274699926376,1.034999966621399,-0.13979680836200714,0.15012924373149872,1.316499948501587,-0.5104650259017944,0.24904285371303558,1.127000093460083,-0.1390077769756317,0.2301013022661209,1.1510000228881836,-0.3530409038066864,0.25764885544776917,1.0299999713897705
-0.21690188348293304,0.07316070795059204,0.9950000047683716,-0.1878853738307953,0.04579412192106247,0.9620000123977661,-0.2179720550775528,0.05131193622946739,0.8704999685287476,-0.1766250878572464,-0.002997696865350008,1.1410000324249268,-0.4407098889350891,0.0526740737259388,1.0360000133514404,-0.15490536391735077,0.14816470444202423,1.3179999589920044,-0.518461287021637,0.2539282739162445,1.1324999332427979,-0.15274250507354736,0.23210303485393524,1.1705000400543213,-0.35307765007019043,0.2538684606552124,1.034999966621399
-0.2196267694234848,0.07407980412244797,1.0074999332427979,-0.18862035870552063,0.043683573603630066,0.9500000476837158,-0.2215539813041687,0.05148877203464508,0.8734999895095825,-0.1819821149110794,-0.00489109568297863,1.1514999866485596,-0.44574591517448425,0.0526740737259388,1.0360000133514404,-0.16734229028224945,0.13678884506225586,1.3320000171661377,-0.5232839584350586,0.2526497542858124,1.1349999904632568,-0.15914352238178253,0.22054420411586761,1.190000057220459,-0.35006144642829895,0.24739909172058105,1.0360000133514404
-0.2234448343515396,0.07426363229751587,1.0099999904632568,-0.1884218007326126,0.04517528414726257,0.9490000009536743,-0.22386276721954346,0.0516950823366642,0.8769999742507935,-0.18920859694480896,-0.010579617694020271,1.1614999771118164,-0.44682151079177856,0.04775303974747658,1.0384999513626099,-0.17577457427978516,0.1361466646194458,1.347000002861023,-0.5255857706069946,0.2528723478317261,1.1360000371932983,-0.16344043612480164,0.21987439692020416,1.2074999809265137,-0.3477080762386322,0.24306492507457733,1.0390000343322754
-0.22608424723148346,0.07295069098472595,1.0145000219345093,-0.18995949625968933,0.04517528414726257,0.9490000009536743,-0.22097685933113098,0.049159400165081024,0.8825000524520874,-0.19109061360359192,-0.01434364914894104,1.1614999771118164,-0.448504239320755,0.04775303974747658,1.0384999513626099,-0.18047408759593964,0.1298394352197647,1.3494999408721924,-0.5223637819290161,0.24941033124923706,1.1370000839233398,-0.1654030829668045,0.20865437388420105,1.222000002861023,-0.3457905352115631,0.24019062519073486,1.0485000610351562
-0.22875846922397614,0.07381357997655869,1.0264999866485596,-0.18995949625968933,0.04517528414726257,0.9490000009536743,-0.2225322276353836,0.048378463834524155,0.8945000171661377,-0.19485467672348022,-0.01998969539999962,1.1614999771118164,-0.44262412190437317,0.0461590476334095,1.0404999256134033,-0.18594320118427277,0.11961114406585693,1.3574999570846558,-0.5205214619636536,0.2475680112838745,1.1370000839233398,-0.16662125289440155,0.19822335243225098,1.2309999465942383,-0.3440254330635071,0.23792195320129395,1.0534999370574951
-0.22473707795143127,0.07355606555938721,1.0464999675750732,-0.18380868434906006,0.04517528414726257,0.9490000009536743,-0.2197633683681488,0.04758488014340401,0.9070000052452087,-0.19673669338226318,-0.025635743513703346,1.1614999771118164,-0.4411519467830658,0.04466543719172478,1.0450000762939453,-0.18555599451065063,0.11101342737674713,1.3875000476837158,-0.517745852470398,0.2424667775630951,1.1389999389648438,-0.16683322191238403,0.1927948147058487,1.247499942779541,-0.334575355052948,0.2333533614873886,1.055999994277954
-0.2196500152349472,0.06507766991853714,1.0464999675750732,-0.17976205050945282,0.03760531172156334,0.9520000219345093,-0.21689774096012115,0.042005203664302826,0.9135000109672546,-0.19485467672348022,-0.027517758309841156,1.1614999771118164,-0.4366651177406311,0.039794038981199265,1.0505000352859497,-0.1866106241941452,0.1084362342953682,1.412500023841858,-0.5091190934181213,0.2380741983652115,1.1445000171661377,-0.16481313109397888,0.18495787680149078,1.2630000114440918,-0.3227505087852478,0.22661632299423218,1.05649995803833
