0.17619675397872925,-0.5519590973854065,1.996500015258789,0.20711147785186768,-0.5861673355102539,2.0139999389648438,0.14726580679416656,-0.5785626173019409,1.9989999532699585,0.32459762692451477,-0.44800859689712524,2.1665000915527344,0.05371498689055443,-0.41894015669822693,2.1435000896453857,0.48090898990631104,-0.2706696093082428,2.0980000495910645,-0.009344757534563541,-0.1940186619758606,2.2755000591278076,0.4687419831752777,-0.437961608171463,2.4214999675750732,-0.03237307071685791,0.05074756219983101,2.3410000801086426
0.20182381570339203,-0.5286513566970825,1.99399995803833,0.23188675940036774,-0.5633520483970642,2.002500057220459,0.16921664774417877,-0.5567508935928345,1.9904999732971191,0.35454779863357544,-0.43895217776298523,2.1565001010894775,0.08136753737926483,-0.3974510133266449,2.140000104904175,0.4855389893054962,-0.2859717309474945,1.9915000200271606,0.020054534077644348,-0.16005758941173553,2.264500141143799,0.39052462577819824,-0.3945358395576477,2.1430001258850098,-0.013229427859187126,0.07627630978822708,2.309999942779541
0.22991818189620972,-0.5103119611740112,1.9854999780654907,0.2595899999141693,-0.537534236907959,1.9909999370574951,0.1994958519935608,-0.5321345925331116,1.9709999561309814,0.38596853613853455,-0.4072817862033844,2.13700008392334,0.11257532238960266,-0.38011348247528076,2.140000104904175,0.5124156475067139,-0.29843375086784363,1.9465000629425049,0.056208401918411255,-0.12582829594612122,2.243000030517578,0.31340324878692627,-0.34086936712265015,1.8515000343322754,0.020222797989845276,0.11610158532857895,2.2834999561309814
0.25737351179122925,-0.4817679524421692,1.9739999771118164,0.2909714877605438,-0.51661616563797,1.9850000143051147,0.22696532309055328,-0.5101097226142883,1.9600000381469727,0.4098951816558838,-0.38297903537750244,2.117500066757202,0.14725065231323242,-0.3593083918094635,2.140000104904175,0.5372487306594849,-0.31032952666282654,1.9224998950958252,0.08753076940774918,-0.1059763953089714,2.2080001831054688,0.30570146441459656,-0.31493470072746277,1.805999994277954,0.056559234857559204,0.13669677078723907,2.256999969482422
0.28536316752433777,-0.4612879157066345,1.9684998989105225,0.3190324902534485,-0.49273261427879333,1.9795000553131104,0.2552222013473511,-0.49042823910713196,1.9574999809265137,0.4348423480987549,-0.36766982078552246,2.0889999866485596,0.18539351224899292,-0.34890586137771606,2.140000104904175,0.5683997869491577,-0.31655970215797424,1.9224998950958252,0.12863165140151978,-0.09390610456466675,2.177000045776367,0.32325950264930725,-0.29152414202690125,1.805999994277954,0.08947324007749557,0.14401094615459442,2.256999969482422
0.33820703625679016,-0.42129331827163696,1.9605000019073486,0.3720496892929077,-0.45560193061828613,1.9714999198913574,0.3082745373249054,-0.4510956108570099,1.9520000219345093,0.48873209953308105,-0.3313441574573517,2.073499917984009,0.233228400349617,-0.295991450548172,2.133500099182129,0.6088961958885193,-0.3072144389152527,1.9224998950958252,0.17719873785972595,-0.04782837629318237,2.1670000553131104,0.36130189895629883,-0.2447030395269394,1.805999994277954,0.1402365267276764,0.19095902144908905,2.25
0.3594326376914978,-0.4011049270629883,1.9550000429153442,0.39271077513694763,-0.4345533847808838,1.9630000591278076,0.32632991671562195,-0.4309007525444031,1.9465000629425049,0.49841737747192383,-0.2988554835319519,2.058000087738037,0.2520657777786255,-0.2766164243221283,2.117500066757202,0.6400473117828369,-0.2916390001773834,1.9224998950958252,0.19762597978115082,-0.02667437307536602,2.1600000858306885,0.37593358755111694,-0.22421878576278687,1.805999994277954,0.16085027158260345,0.21117813885211945,2.2325000762939453
0.376890629529953,-0.38368964195251465,1.9470000267028809,0.41001200675964355,-0.41683700680732727,1.9544999599456787,0.34383490681648254,-0.41342467069625854,1.938499927520752,0.528429388999939,-0.2888515591621399,2.058000087738037,0.2711939513683319,-0.2514958679676056,2.0799999237060547,0.671198308467865,-0.2729484736919403,1.9224998950958252,0.2210971862077713,-0.005648596212267876,2.1500000953674316,0.39056527614593506,-0.20666086673736572,1.805999994277954,0.18140995502471924,0.22423264384269714,2.2184998989105225
0.3899420201778412,-0.3653647005558014,1.933500051498413,0.4246484935283661,-0.39987391233444214,1.9490000009536743,0.35968759655952454,-0.39443689584732056,1.9224998950958252,0.5460389852523804,-0.2709880471229553,2.0490000247955322,0.2741931676864624,-0.2348106950521469,2.052000045776367,0.6930041313171387,-0.2480277717113495,1.9224998950958252,0.23568694293498993,0.011630374938249588,2.124500036239624,0.4169023036956787,-0.20373454689979553,1.805999994277954,0.19098128378391266,0.24067771434783936,2.2044999599456787
0.3991432189941406,-0.34369930624961853,1.9175000190734863,0.4386308491230011,-0.37936216592788696,1.940999984741211,0.3696315586566925,-0.37629958987236023,1.9094998836517334,0.5553611516952515,-0.245994433760643,2.0345001220703125,0.28043246269226074,-0.22118715941905975,2.0490000247955322,1.1186597347259521,-0.354512482881546,2.931999921798706,0.23960314691066742,0.03188963979482651,2.0985000133514404,0.4520183801651001,-0.20373454689979553,1.805999994277954,0.1997760683298111,0.2666890025138855,2.183500051498413
0.4049174189567566,-0.3289724886417389,1.8865000009536743,0.44330745935440063,-0.3603571057319641,1.9070000648498535,0.37590599060058594,-0.358110636472702,1.878999948501587,0.578437328338623,-0.22291849553585052,2.0345001220703125,0.2949308753013611,-0.20313909649848938,2.0345001220703125,1.591675877571106,-0.4331817030906677,3.9535000324249268,0.24903026223182678,0.04534980654716492,2.0920000076293945,0.4967651069164276,-0.2017039805650711,1.7879999876022339,0.20205703377723694,0.279104620218277,2.1700000762939453
0.4073929786682129,-0.30861714482307434,1.8559999465942383,0.44527333974838257,-0.3400591313838959,1.8634999990463257,0.3808556795120239,-0.33948859572410583,1.843999981880188,0.5982168316841125,-0.1932493895292282,2.0345001220703125,0.2967814803123474,-0.17723096907138824,2.002500057220459,1.617300033569336,-0.37552785873413086,3.9535000324249268,0.2520580291748047,0.06220913678407669,2.0889999866485596,0.5446428060531616,-0.21275576949119568,1.7834999561309814,0.20205703377723694,0.2931690812110901,2.1700000762939453
0.41260090470314026,-0.29983076453208923,1.8389999866485596,0.44658970832824707,-0.33052492141723633,1.843999981880188,0.38082531094551086,-0.3308902680873871,1.8294999599456787,0.5982168316841125,-0.1668768674135208,2.0345001220703125,0.2961307168006897,-0.1589169204235077,1.9765000343322754,1.6621421575546265,-0.33068597316741943,3.9535000324249268,0.2550760805606842,0.07225983589887619,2.0859999656677246,0.5995505452156067,-0.22431522607803345,1.7834999561309814,0.20205703377723694,0.307233601808548,2.1700000762939453
0.41423606872558594,-0.2908349931240082,1.8199999332427979,0.4508475661277771,-0.32331711053848267,1.8370000123977661,0.3876948654651642,-0.32327404618263245,1.8199999332427979,0.603589653968811,-0.16799868643283844,2.008500099182129,0.2985003888607025,-0.15847469866275787,1.9709999561309814,1.681360125541687,-0.30506205558776855,3.9535000324249268,0.2569073438644409,0.075186587870121,2.073499917984009,0.6441347002983093,-0.23012162744998932,1.7400000095367432,0.20177769660949707,0.30680882930755615,2.1670000553131104
0.4134029150009155,-0.28235378861427307,1.8034999370574951,0.45257335901260376,-0.3144270181655884,1.8199999332427979,0.3876389265060425,-0.31786102056503296,1.805999994277954,0.5743643045425415,-0.15592671930789948,1.9010000228881836,0.29530665278434753,-0.15528100728988647,1.9709999561309814,1.1884559392929077,-0.19299058616161346,2.7944998741149902,0.25535857677459717,0.07473332434892654,2.060999870300293,0.6570547223091125,-0.21674224734306335,1.61899995803833,0.1982664316892624,0.30329757928848267,2.1670000553131104
0.4051508903503418,-0.27385371923446655,1.7674999237060547,0.45544853806495667,-0.30942434072494507,1.8079999685287476,0.38463398814201355,-0.31249335408210754,1.7920000553131104,0.5491950511932373,-0.13950984179973602,1.8079999685287476,0.29530665278434753,-0.14889366924762726,1.9709999561309814,0.6970403790473938,-0.0999121367931366,1.6389999389648438,0.2546152174472809,0.07118599116802216,2.055000066757202,0.6564992070198059,-0.21587421000003815,1.5204999446868896,0.19412602484226227,0.29531800746917725,2.1600000858306885
0.39935824275016785,-0.2652403712272644,1.7300000190734863,0.44423866271972656,-0.29895108938217163,1.7634999752044678,0.3822392523288727,-0.3053570091724396,1.7674999237060547,0.5485875010490417,-0.13642920553684235,1.805999994277954,0.2941080629825592,-0.14828933775424957,1.9630000591278076,0.6845411062240601,-0.0899534821510315,1.6035000085830688,0.24686965346336365,0.07750461995601654,2.0460000038146973,0.6631940007209778,-0.21511439979076385,1.4490000009536743,0.18247854709625244,0.2899942398071289,2.1465001106262207
0.39460664987564087,-0.26114773750305176,1.7214999198913574,0.43302878737449646,-0.28862202167510986,1.718999981880188,0.3745459318161011,-0.29864242672920227,1.7450000047683716,0.5458536744117737,-0.12701411545276642,1.7969999313354492,0.2873704135417938,-0.13705085217952728,1.9390000104904175,0.6751492023468018,-0.08359421044588089,1.5815000534057617,0.23692399263381958,0.08081981539726257,2.0460000038146973,0.6779491901397705,-0.2154362052679062,1.4355000257492065,0.17152336239814758,0.2856485843658447,2.140000104904175
0.39116835594177246,-0.2561072111129761,1.7065000534057617,0.4287416934967041,-0.284839004278183,1.7130000591278076,0.36894917488098145,-0.2936111390590668,1.7319999933242798,0.5319162011146545,-0.119369737803936,1.7699999809265137,0.28107699751853943,-0.1355312019586563,1.9175000190734863,0.6646900177001953,-0.07220776379108429,1.556999921798706,0.22536972165107727,0.08024703711271286,2.0314998626708984,0.680633008480072,-0.21177412569522858,1.4265000820159912,0.15765324234962463,0.2891160845756531,2.140000104904175
0.38190940022468567,-0.2508925795555115,1.690000057220459,0.4186200201511383,-0.2817628085613251,1.6944999694824219,0.35851141810417175,-0.28971216082572937,1.7089999914169312,0.5163700580596924,-0.11151517927646637,1.7369999885559082,0.2698427140712738,-0.13149189949035645,1.9040000438690186,0.6609177589416504,-0.06129849702119827,1.5364999771118164,0.21006149053573608,0.08921273052692413,2.010999917984009,0.6651105880737305,-0.21290788054466248,1.4035000801086426,0.1437831073999405,0.2995186150074005,2.140000104904175
