0.2896402180194855,-0.200202077627182,1.2039999961853027,0.32066041231155396,-0.23651693761348724,1.2410000562667847,0.25413188338279724,-0.22736883163452148,1.193000078201294,0.39519646763801575,-0.11152555048465729,1.3079999685287476,0.1405252367258072,-0.10101421177387238,1.366499900817871,0.43464580178260803,0.10301321744918823,1.4010000228881836,0.025631660595536232,0.13562941551208496,1.5115000009536743,0.33930161595344543,0.26872944831848145,1.4010000228881836,0.11117400228977203,0.3030291795730591,1.4454998970031738
0.30719825625419617,-0.19825118780136108,1.2039999961853027,0.34076887369155884,-0.23651693761348724,1.2410000562667847,0.27130189538002014,-0.22717823088169098,1.1920000314712524,0.4108160138130188,-0.11598560214042664,1.310499906539917,0.14894476532936096,-0.09630312770605087,1.3624999523162842,0.44372621178627014,0.09847305715084076,1.4010000228881836,0.03052995353937149,0.145425945520401,1.5115000009536743,0.37177541851997375,0.2840781509876251,1.4210000038146973,0.12025095522403717,0.31631454825401306,1.441999912261963
0.3251608908176422,-0.1984981745481491,1.2055000066757202,0.3568556308746338,-0.23852777481079102,1.2410000562667847,0.29061636328697205,-0.22717823088169098,1.1920000314712524,0.4220295250415802,-0.12314955145120621,1.319000005722046,0.16660650074481964,-0.10513393580913544,1.3624999523162842,0.45637595653533936,0.08964792639017105,1.4049999713897705,0.04213893786072731,0.14084848761558533,1.4890000820159912,0.4145103693008423,0.29284778237342834,1.441499948501587,0.11512237042188644,0.3028240203857422,1.3804999589920044
0.3474104702472687,-0.20203116536140442,1.215000033378601,0.37726786732673645,-0.23871999979019165,1.2420001029968262,0.3118622899055481,-0.22910967469215393,1.1920000314712524,0.43087735772132874,-0.12599915266036987,1.3264999389648438,0.1818600744009018,-0.10722346603870392,1.3609999418258667,0.4692922830581665,0.09267690777778625,1.4164999723434448,0.048465073108673096,0.13351094722747803,1.4615000486373901,0.4542330801486969,0.2990671992301941,1.4490000009536743,0.11245383322238922,0.2892495393753052,1.3485000133514404
0.3722558617591858,-0.20774856209754944,1.2255001068115234,0.39771243929862976,-0.24294032156467438,1.2430000305175781,0.3314546048641205,-0.23123495280742645,1.193000078201294,0.44378188252449036,-0.1315748542547226,1.3394999504089355,0.19715209305286407,-0.11155198514461517,1.3599998950958252,0.48054808378219604,0.09352745860815048,1.4294999837875366,0.05431473255157471,0.11660847067832947,1.4285000562667847,0.4931190311908722,0.3137805461883545,1.4739999771118164,0.11444149911403656,0.27264857292175293,1.3209999799728394
0.3912416100502014,-0.21033327281475067,1.2290000915527344,0.41181105375289917,-0.24696846306324005,1.2430000305175781,0.3516673743724823,-0.23375432193279266,1.1959999799728394,0.4524443745613098,-0.1356923133134842,1.3589999675750732,0.21179623901844025,-0.10894633084535599,1.3550000190734863,0.491077721118927,0.0918811559677124,1.440000057220459,0.06918449699878693,0.10304997861385345,1.4014999866485596,0.5282005071640015,0.31424471735954285,1.4989999532699585,0.12253866344690323,0.26487675309181213,1.2934999465942383
0.413819283246994,-0.2146647870540619,1.2309999465942383,0.43299445509910583,-0.24958346784114838,1.246000051498413,0.37166711688041687,-0.23608636856079102,1.1979999542236328,0.46703532338142395,-0.14117878675460815,1.369499921798706,0.22624309360980988,-0.11943729221820831,1.3494999408721924,0.5032658576965332,0.0810503289103508,1.4549999237060547,0.08972984552383423,0.08510157465934753,1.368499994277954,0.5649848580360413,0.31919077038764954,1.5464999675750732,0.11947961896657944,0.24186603724956512,1.2400000095367432
0.43012556433677673,-0.21683542430400848,1.2319999933242798,0.4525097608566284,-0.25463131070137024,1.2609999179840088,0.39173173904418945,-0.23842491209506989,1.2000000476837158,0.47560468316078186,-0.14465433359146118,1.381500005722046,0.24764999747276306,-0.12576380372047424,1.347000002861023,0.5215055346488953,0.07764676958322525,1.4800000190734863,0.11242853850126266,0.06509790569543839,1.3224999904632568,0.6339300870895386,0.3227156102657318,1.6545000076293945,0.11254208534955978,0.2088967263698578,1.1679999828338623
0.45081883668899536,-0.2191869169473648,1.2339999675750732,0.47443297505378723,-0.2597277760505676,1.2760000228881836,0.4117891192436218,-0.24187161028385162,1.2074999809265137,0.4884169399738312,-0.15031875669956207,1.3925000429153442,0.2617570161819458,-0.1273764669895172,1.340999960899353,0.5393021106719971,0.05524319410324097,1.5234999656677246,0.13514156639575958,0.04206753894686699,1.2739999294281006,0.6788917183876038,0.3090527057647705,1.7280000448226929,0.10738712549209595,0.16682277619838715,1.1145000457763672
0.4661336839199066,-0.22181375324726105,1.2374999523162842,0.4902469217777252,-0.2604402005672455,1.2795000076293945,0.43277648091316223,-0.24574649333953857,1.2170000076293945,0.4903460443019867,-0.14638201892375946,1.3980000019073486,0.27243772149086,-0.12843835353851318,1.3294999599456787,0.5567423105239868,0.043885886669158936,1.558500051498413,0.165224090218544,0.02680451050400734,1.2365000247955322,0.7256878018379211,0.2920317053794861,1.8320000171661377,0.10832111537456512,0.13169826567173004,1.0369999408721924
0.48840928077697754,-0.22468166053295135,1.253499984741211,0.5061402916908264,-0.2632315158843994,1.2829999923706055,0.45205357670783997,-0.24766480922698975,1.2265000343322754,0.49841639399528503,-0.14742910861968994,1.4079999923706055,0.2873839735984802,-0.12314955145120621,1.319000005722046,0.5706548094749451,0.03416409716010094,1.5759999752044678,0.18825387954711914,0.008634296245872974,1.2170000076293945,0.7720847129821777,0.2850964665412903,1.9254999160766602,0.12390033900737762,0.08649100363254547,1.0
0.5051274299621582,-0.22763916850090027,1.2699999809265137,0.5173400044441223,-0.2636418640613556,1.2850000858306885,0.4668148458003998,-0.2511787414550781,1.2339999675750732,0.5074544548988342,-0.14941856265068054,1.4270000457763672,0.29481106996536255,-0.12481183558702469,1.3140000104904175,0.5731894373893738,0.011230969801545143,1.5829999446868896,0.19981618225574493,0.002688308712095022,1.2035000324249268,0.7967449426651001,0.24268881976604462,1.9869999885559082,0.1384834200143814,0.06218602508306503,1.0
0.5249538421630859,-0.23604318499565125,1.2934999465942383,0.5291457176208496,-0.26538577675819397,1.2934999465942383,0.48230403661727905,-0.25301069021224976,1.2430000305175781,0.5129299163818359,-0.15172214806079865,1.4490000009536743,0.3086543083190918,-0.12650622427463531,1.309499979019165,0.5700331330299377,0.006122196558862925,1.5885000228881836,0.2145674228668213,-0.006971086375415325,1.187999963760376,0.8149654865264893,0.22370091080665588,2.0490000247955322,0.1424843817949295,0.05053864046931267,0.9940000176429749
0.5539439916610718,-0.24757109582424164,1.3329999446868896,0.5396252274513245,-0.2737693786621094,1.2934999465942383,0.4995974600315094,-0.2607201635837555,1.250999927520752,0.504303514957428,-0.16447672247886658,1.4579999446868896,0.3277508616447449,-0.13287170231342316,1.309499979019165,0.5391461849212646,-0.029912365600466728,1.5885000228881836,0.2400938868522644,-0.0260661318898201,1.180999994277954,0.798873245716095,0.1587199568748474,2.067500114440918,0.15697996318340302,0.024768879637122154,0.9940000176429749
0.8454198837280273,-0.3829384744167328,2.0264999866485596,0,0,0,0.5048593878746033,-0.2654092013835907,1.253999948501587,0.497399240732193,-0.16769739985466003,1.465499997138977,0.32836124300956726,-0.1385992020368576,1.3034999370574951,0.5134070515632629,-0.05050354450941086,1.5885000228881836,0.24323277175426483,-0.03147031366825104,1.1684999465942383,0.7787728905677795,0.1084693968296051,2.067500114440918,0.16664369404315948,0.010273389518260956,0.9940000176429749
1.12931227684021,-0.520301878452301,2.7069997787475586,0,0,0,0.506671130657196,-0.27247923612594604,1.258500099182129,0.4906614124774933,-0.16947105526924133,1.4809999465942383,0.3273536264896393,-0.14238514006137848,1.2994999885559082,0.4902418553829193,-0.05822524055838585,1.5885000228881836,0.24416561424732208,-0.031106729060411453,1.1549999713897705,0.7419223189353943,0.09171921014785767,2.067500114440918,0.1620333343744278,0.006857064552605152,0.9665000438690186
1.1271629333496094,-0.5322015285491943,2.7230000495910645,0,0,0,0.5092431306838989,-0.277026891708374,1.2699999809265137,0.47690293192863464,-0.1705581545829773,1.4904999732971191,0.3269757628440857,-0.13801439106464386,1.2979999780654907,0.4680243730545044,-0.06571859866380692,1.5829999446868896,0.2415231317281723,-0.03447253257036209,1.1424999237060547,0.7050716876983643,0.06491892039775848,2.067500114440918,0.15747873485088348,-0.0009550655377097428,0.9485000371932983
1.1294796466827393,-0.559744656085968,2.7719998359680176,0,0,0,0.50653475522995,-0.2863222658634186,1.284000039100647,0.45999714732170105,-0.17297326028347015,1.4904999732971191,0.3288254141807556,-0.13790805637836456,1.2969999313354492,0.4220527112483978,-0.04858005419373512,1.527999997138977,0.23605132102966309,-0.03605351969599724,1.1339999437332153,0.6749211549758911,0.05151877552270889,2.067500114440918,0.14932236075401306,-0.012942814268171787,0.9265000224113464
1.1382821798324585,-0.5731923580169678,2.815999984741211,0,0,0,0.5150619149208069,-0.29659155011177063,1.3109999895095825,0.45033663511276245,-0.1705581545829773,1.4904999732971191,0.3201720416545868,-0.1441015899181366,1.2960000038146973,0.3889523148536682,-0.03416324406862259,1.4420000314712524,0.2320690006017685,-0.03417080268263817,1.1324999332427979,0.6481207013130188,0.07496903091669083,2.067500114440918,0.1433173567056656,-0.021950241178274155,0.9265000224113464
1.1021977663040161,-0.575390636920929,2.7825000286102295,0,0,0,0.5138676166534424,-0.3042982220649719,1.3355000019073486,0.4310157001018524,-0.16572794318199158,1.4904999732971191,0.3157283365726471,-0.14189207553863525,1.2950000762939453,0,0,0,0.23001982271671295,-0.033869076520204544,1.122499942779541,0,0,0,0.1434771567583084,-0.02741207741200924,0.9085000157356262
