-0.09593656659126282,0.14976634085178375,1.0115000009536743,-0.05780811235308647,0.10142020136117935,0.8194999694824219,-0.10713505744934082,0.11224818229675293,0.8209999799728394,-0.06780874729156494,0.06753402203321457,1.0859999656677246,-0.30056431889533997,0.12646719813346863,0.9249999523162842,-0.030733950436115265,0.20452678203582764,1.2209999561309814,-0.3635947108268738,0.3616867661476135,1.0174999237060547,0.05956685543060303,0.27478379011154175,1.0985000133514404,-0.14928366243839264,0.3507687747478485,1.0290000438690186
-0.08446373790502548,0.14976634085178375,1.0115000009536743,-0.049840886145830154,0.10142020136117935,0.8194999694824219,-0.09663143754005432,0.11088097095489502,0.8109999895095825,-0.0641709715127945,0.07794829457998276,1.0839999914169312,-0.2925470769405365,0.12496326118707657,0.9139999747276306,-0.026777073740959167,0.20848362147808075,1.2209999561309814,-0.3506365120410919,0.35688796639442444,1.003999948501587,0.06338534504175186,0.2776966392993927,1.1029999256134033,-0.14323800802230835,0.3523027002811432,1.0334999561309814
-0.08010224252939224,0.14776748418807983,0.9980000257492065,-0.04718514531850815,0.1027480736374855,0.8194999694824219,-0.09041735529899597,0.1084185242652893,0.8025000095367432,-0.05780813470482826,0.06680844724178314,0.9505000114440918,-0.2764687240123749,0.11933356523513794,0.9049999713897705,-0.022848233580589294,0.2087397426366806,1.222499966621399,-0.3409672677516937,0.3520493507385254,0.999500036239624,0.06887171417474747,0.2782001793384552,1.1050000190734863,-0.13854847848415375,0.35483357310295105,1.0360000133514404
-0.06773747503757477,0.1490260362625122,1.006500005722046,-0.039122216403484344,0.10117269307374954,0.8174999952316284,-0.08370660245418549,0.10944540053606033,0.8005000352859497,-0.04672452434897423,0.0504639595746994,0.8115000128746033,-0.2691366970539093,0.11933356523513794,0.9049999713897705,-0.018886497244238853,0.20675890147686005,1.222499966621399,-0.3307529389858246,0.35152101516723633,0.9980000257492065,0.07800018042325974,0.280624121427536,1.1074999570846558,-0.1320246458053589,0.353666216135025,1.0374999046325684
-0.0574125312268734,0.15191327035427094,1.0260000228881836,-0.02710072696208954,0.10212117433547974,0.8144999742507935,-0.06926518678665161,0.10787811875343323,0.7985000014305115,-0.038476161658763885,0.05651130527257919,0.8040000200271606,-0.26180461049079895,0.1207999736070633,0.9049999713897705,-0.010963024571537971,0.21072061359882355,1.222499966621399,-0.32363471388816833,0.3492027223110199,0.9960000514984131,0.08880742639303207,0.2771601676940918,1.1080000400543213,-0.12361912429332733,0.3519850969314575,1.0374999046325684
-0.052425116300582886,0.15523821115493774,1.0260000228881836,-0.02437109500169754,0.10437484085559845,0.8115000128746033,-0.06659399718046188,0.11032745987176895,0.7975000143051147,-0.03182324394583702,0.0588594414293766,0.8004999756813049,-0.25286638736724854,0.12073323875665665,0.9045000076293945,-0.0010547864949330688,0.20797137916088104,1.2179999351501465,-0.31606465578079224,0.3447592258453369,0.9925000071525574,0.09957946091890335,0.27895548939704895,1.1080000400543213,-0.11336836218833923,0.34811893105506897,1.0360000133514404
-0.03799232095479965,0.15574614703655243,1.0404999256134033,-0.01249830424785614,0.10143160074949265,0.8090000152587891,-0.052215345203876495,0.108693428337574,0.7949999570846558,-0.023800484836101532,0.062123559415340424,0.7925000190734863,-0.24380293488502502,0.12059975415468216,0.903499960899353,0.006833904422819614,0.20780064165592194,1.2170000076293945,-0.3031991422176361,0.3447592258453369,0.9925000071525574,0.10335635393857956,0.2794589698314667,1.1099998950958252,-0.0982602909207344,0.35147625207901,1.0360000133514404
-0.025825580582022667,0.15523821115493774,1.0260000228881836,-0.0006992940907366574,0.10386036336421967,0.8075000047683716,-0.04563054442405701,0.10963574796915054,0.7925000190734863,-0.018475593999028206,0.058954138308763504,0.784500002861023,-0.22795119881629944,0.11633646488189697,0.9045000076293945,0.02657528594136238,0.209944948554039,1.2179999351501465,-0.28989484906196594,0.3426324427127838,0.9909999966621399,0.12336261570453644,0.28176435828208923,1.1119999885559082,-0.08999702334403992,0.3486229479312897,1.0374999046325684
-0.009330901317298412,0.16248996555805206,1.0404999256134033,0.013667956925928593,0.10758539289236069,0.8059999942779541,-0.030221089720726013,0.1134880855679512,0.7925000190734863,-0.009522547014057636,0.06240754574537277,0.7799999713897705,-0.21622641384601593,0.12073323875665665,0.9045000076293945,0.034596942365169525,0.2047780454158783,1.222499966621399,-0.2770487368106842,0.3410266637802124,0.9909999966621399,0.13405288755893707,0.28511133790016174,1.1110000610351562,-0.07822929322719574,0.34694185853004456,1.0374999046325684
0.0058427914045751095,0.16080400347709656,1.0404999256134033,0,0,0,-0.017357947304844856,0.11206237971782684,0.7914999723434448,-0.005708904471248388,0.05587253347039223,0.7770000100135803,-0.20461465418338776,0.11933356523513794,0.9049999713897705,0.04252041503787041,0.2008163332939148,1.222499966621399,-0.2629943788051605,0.33832651376724243,0.9925000071525574,0.1448540985584259,0.28151097893714905,1.1110000610351562,-0.06135905161499977,0.3499664068222046,1.0364999771118164
0.014272620901465416,0.16417591273784637,1.0404999256134033,0.03187261521816254,0.10992392897605896,0.8040000200271606,-0.01093852985650301,0.11199159920215607,0.7910000085830688,-0.0019281574059277773,0.057021234184503555,0.7754999995231628,-0.18712107837200165,0.11646508425474167,0.9054999947547913,0.05025820434093475,0.19810356199741364,1.2179999351501465,-0.2505069077014923,0.3388378322124481,0.9940000176429749,0.15773893892765045,0.2784108817577362,1.1130000352859497,-0.04460719972848892,0.3486229479312897,1.0374999046325684
0.04045826941728592,0.15312005579471588,0.9804999828338623,0.048747718334198,0.10718494653701782,0.8029999732971191,0.014695282094180584,0.11199159920215607,0.7910000085830688,0.0043434882536530495,0.07066076993942261,0.7734999656677246,-0.1728297621011734,0.11966322362422943,0.9075000286102295,0.08196981251239777,0.2063360959291458,1.2200000286102295,-0.22991527616977692,0.32967090606689453,0.9954999685287476,0.16878674924373627,0.2751743793487549,1.1145000457763672,-0.031113313511013985,0.34644028544425964,1.0360000133514404
0.05634572356939316,0.14835385978221893,0.9804999828338623,0,0,0,0.02624707669019699,0.10949739813804626,0.7914999723434448,0.020556800067424774,0.06039899215102196,0.7705000042915344,-0.15561175346374512,0.1170438677072525,0.9099999666213989,0.09976116567850113,0.1964520663022995,1.2200000286102295,-0.21701087057590485,0.3280578851699829,0.9954999685287476,0.18545466661453247,0.2794114649295807,1.1170001029968262,-0.022719943895936012,0.3430829346179962,1.0360000133514404
0.06356222927570343,0.1365521252155304,0.9025000333786011,0,0,0,0.0352468341588974,0.11084987223148346,0.7919999957084656,0.029277103021740913,0.044140271842479706,0.7699999809265137,-0.14273220300674438,0.11440832167863846,0.9125000238418579,0.10337475687265396,0.18398602306842804,1.2160000801086426,-0.2044140100479126,0.3269366919994354,0.996999979019165,0.19156798720359802,0.2749628722667694,1.121000051498413,-0.004250416997820139,0.34275177121162415,1.034999966621399
0.08532194048166275,0.12824073433876038,0.8855000138282776,0.09038402885198593,0.09937819093465805,0.8029999732971191,0.05834643170237541,0.10315004736185074,0.7919999957084656,0.030445480719208717,0.06518068164587021,0.7680000066757202,-0.12942513823509216,0.11292976886034012,0.9125000238418579,0.13490013778209686,0.20368926227092743,1.2160000801086426,-0.1869245320558548,0.3258107006549835,0.9984999895095825,0.22082726657390594,0.2806621789932251,1.121999979019165,0.012514075264334679,0.34426242113113403,1.034500002861023
0.09826309233903885,0.12360134720802307,0.8730000257492065,0.10599764436483383,0.09417368471622467,0.8029999732971191,0.07117953896522522,0.10058344900608063,0.7919999957084656,0.05284509062767029,0.06020301952958107,0.7680000066757202,-0.10908271372318268,0.11033420264720917,0.9154999852180481,0.14081114530563354,0.19974862039089203,1.2160000801086426,-0.17322644591331482,0.3241901695728302,1.003499984741211,0.23376159369945526,0.2790926992893219,1.1230000257492065,0.027640290558338165,0.3430829346179962,1.0360000133514404
0.1121511459350586,0.12190686166286469,0.8709999918937683,0.11770786345005035,0.09417368471622467,0.8029999732971191,0.08144602924585342,0.09801684319972992,0.7919999957084656,0.0740002766251564,0.05522536113858223,0.7680000066757202,-0.09296771883964539,0.10908859223127365,0.9175000190734863,0.16051450371742249,0.18989700078964233,1.2160000801086426,-0.15759196877479553,0.32548239827156067,1.0074999332427979,0.24007262289524078,0.28008681535720825,1.127000093460083,0.039391010999679565,0.34811893105506897,1.0360000133514404
0.12698915600776672,0.11976786702871323,0.8760000467300415,0.13063780963420868,0.09151440858840942,0.8025000095367432,0.0981910228729248,0.09422639012336731,0.7925000190734863,0.08271123468875885,0.07264716923236847,0.7680000066757202,-0.07686492055654526,0.10944528132677078,0.9204999804496765,0.19533587992191315,0.23444069921970367,1.2120000123977661,-0.14297045767307281,0.3305438458919525,1.0080000162124634,0.2765975296497345,0.2911420464515686,1.1345000267028809,0.066153883934021,0.3492911159992218,1.034500002861023
0.149699866771698,0.11834844946861267,0.8760000467300415,0.1495814025402069,0.0885813906788826,0.7994999885559082,0.11238721758127213,0.09300091117620468,0.7929999828338623,0.10413689911365509,0.07034103572368622,0.7699999809265137,-0.05772485211491585,0.11141886562108994,0.9244999885559082,0.213112011551857,0.21878184378147125,1.2014999389648438,-0.1251901239156723,0.3261285424232483,1.0095000267028809,0.29130375385284424,0.29665684700012207,1.1345000267028809,0.07952538132667542,0.3491223156452179,1.034000039100647
0.18491972982883453,0.1176631823182106,0.8815000057220459,0.18340469896793365,0.08416534960269928,0.7944999933242798,0.14542165398597717,0.09358729422092438,0.7979999780654907,0.13425496220588684,0.05918891355395317,0.7710000276565552,-0.02181980386376381,0.10565495491027832,0.9264999628067017,0.24448172748088837,0.21386539936065674,1.1744999885559082,-0.0876983180642128,0.3233368396759033,1.0110000371932983,0.5216245651245117,0.47727641463279724,1.8140000104904175,0.11973578482866287,0.35079774260520935,1.034000039100647
