0.06779701262712479,-0.028761565685272217,1.2139999866485596,0.0971444770693779,-0.04932008311152458,1.187999963760376,0.036937981843948364,-0.047530755400657654,1.062000036239624,0.17093072831630707,-0.0723193883895874,1.3275001049041748,-0.10534068197011948,-0.09348346292972565,1.2374999523162842,0.2106020152568817,0.10685531049966812,1.4859999418258667,-0.18416254222393036,0.1075730174779892,1.3445000648498535,0.13674220442771912,0.18033233284950256,1.3509999513626099,-0.03257843106985092,0.16428278386592865,1.2160000801086426
0.06802039593458176,-0.02885633148252964,1.2179999351501465,0.0971444770693779,-0.04932008311152458,1.187999963760376,0.038658786565065384,-0.047530755400657654,1.062000036239624,0.17048004269599915,-0.07212871313095093,1.3240000009536743,-0.10747597366571426,-0.09359677881002426,1.2389999628067017,0.2106020152568817,0.10926312208175659,1.4859999418258667,-0.18436798453330994,0.10769302397966385,1.3459999561309814,0.13430415093898773,0.18436866998672485,1.3485000133514404,-0.03663923218846321,0.16679999232292175,1.2200000286102295
0.06582991778850555,-0.02679448388516903,1.2139999866485596,0.09537981450557709,-0.04747492074966431,1.190000057220459,0.03349637985229492,-0.04580995813012123,1.062000036239624,0.16618940234184265,-0.07427403330802917,1.3240000009536743,-0.10948357731103897,-0.09359677881002426,1.2389999628067017,0.21081461012363434,0.10696317255496979,1.4874999523162842,-0.18872995674610138,0.10333109647035599,1.3459999561309814,0.13430415093898773,0.17781361937522888,1.3485000133514404,-0.044820353388786316,0.1698143482208252,1.2274999618530273
0.06386282294988632,-0.024827400222420692,1.2139999866485596,0.09505920857191086,-0.047315340489149094,1.1859999895095825,0.03349637985229492,-0.04580995813012123,1.062000036239624,0.16404405236244202,-0.07212871313095093,1.3240000009536743,-0.11149118095636368,-0.09158918261528015,1.2389999628067017,0.213224858045578,0.10696317255496979,1.4874999523162842,-0.18887017667293549,0.10340786725282669,1.347000002861023,0.1317272186279297,0.17510764300823212,1.3445000648498535,-0.04719065874814987,0.17320291697978973,1.2374999523162842
0.06194670870900154,-0.022879144176840782,1.2149999141693115,0.09489890933036804,-0.04339860379695892,1.184000015258789,0.03525033965706825,-0.04585309326648712,1.062999963760376,0.1682075709104538,-0.07207422703504562,1.3229999542236328,-0.11158116906881332,-0.09166310727596283,1.2400000095367432,0.213224858045578,0.10696317255496979,1.4874999523162842,-0.19140735268592834,0.10359978675842285,1.3494999408721924,0.12737011909484863,0.17075057327747345,1.3445000648498535,-0.04743852838873863,0.17814406752586365,1.24399995803833
0.06215065345168114,-0.022954467684030533,1.218999981880188,0.09298042953014374,-0.04339860379695892,1.184000015258789,0.035300083458423615,-0.045917801558971405,1.064500093460083,0.16606387495994568,-0.07207422703504562,1.3229999542236328,-0.11368200182914734,-0.09173703193664551,1.2410000562667847,0.21300983428955078,0.10685531049966812,1.4859999418258667,-0.18922071158885956,0.09922650456428528,1.3494999408721924,0.12774905562400818,0.1668885350227356,1.3485000133514404,-0.05155269429087639,0.17641155421733856,1.246000051498413
0.06220163777470589,-0.020996494218707085,1.2200000286102295,0.09481876343488693,-0.043361954391002655,1.183000087738037,0.035300083458423615,-0.04419295862317085,1.064500093460083,0.15945173799991608,-0.08055759221315384,1.3215000629425049,-0.11770369112491608,-0.08570454269647598,1.2410000562667847,0.21300983428955078,0.10685531049966812,1.4859999418258667,-0.19380918145179749,0.1059040054678917,1.3509999513626099,0.13041584193706512,0.165314182639122,1.3534998893737793,-0.05159406736493111,0.18059422075748444,1.246999979019165
0.06428366154432297,-0.021030915901064873,1.222000002861023,0.09465844929218292,-0.043288640677928925,1.180999994277954,0.033575233072042465,-0.0424681156873703,1.064500093460083,0.15945173799991608,-0.08055759221315384,1.3215000629425049,-0.11368200182914734,-0.08570454269647598,1.2410000562667847,0.21300983428955078,0.10444749891757965,1.4859999418258667,-0.1916201114654541,0.10152586549520493,1.3509999513626099,0.13065673410892487,0.16561953723430634,1.3559999465942383,-0.05361463129520416,0.18059422075748444,1.246999979019165
0.06428366154432297,-0.021030915901064873,1.222000002861023,0.09195952862501144,-0.04292209818959236,1.1710000038146973,0.033575233072042465,-0.0424681156873703,1.064500093460083,0.161287322640419,-0.08040519058704376,1.319000005722046,-0.11368200182914734,-0.08771537244319916,1.2410000562667847,0.2106020152568817,0.10444749891757965,1.4859999418258667,-0.19380918145179749,0.10152586549520493,1.3509999513626099,0.1319575160741806,0.16726839542388916,1.369499921798706,-0.05570212006568909,0.18081146478652954,1.2484999895095825
0.06428366154432297,-0.019050870090723038,1.222000002861023,0.09245429188013077,-0.03854254260659218,1.153499960899353,0.033575233072042465,-0.04074326902627945,1.064500093460083,0.16556179523468018,-0.07399354130029678,1.319000005722046,-0.11770369112491608,-0.08972620218992233,1.2410000562667847,0.21300983428955078,0.10444749891757965,1.4859999418258667,-0.19380918145179749,0.09933679550886154,1.3509999513626099,0.13407732546329498,0.16995544731616974,1.3914999961853027,-0.06189480051398277,0.18117350339889526,1.250999927520752
0.06626372039318085,-0.021030915901064873,1.222000002861023,0.09177301079034805,-0.03825853019952774,1.1449999809265137,0.0335279181599617,-0.0389634408056736,1.062999963760376,0.15878058969974518,-0.07705153524875641,1.2985000610351562,-0.115599624812603,-0.08764468878507614,1.2400000095367432,0.2084043323993683,0.10696317255496979,1.4874999523162842,-0.19636094570159912,0.09952061623334885,1.3534998893737793,0.13571535050868988,0.17203180491924286,1.4084999561309814,-0.06600161641836166,0.18131834268569946,1.2519999742507935
0.06423106044530869,-0.019035279750823975,1.2209999561309814,0.08991772681474686,-0.034547965973615646,1.1449999809265137,0.038658786565065384,-0.04064758121967316,1.062000036239624,0.15390139818191528,-0.0756867378950119,1.2755000591278076,-0.11550639569759369,-0.08757400512695312,1.2389999628067017,0.2084043323993683,0.10455293208360672,1.4874999523162842,-0.19928759336471558,0.09328459948301315,1.3585000038146973,0.13663071393966675,0.1731921136379242,1.4179999828338623,-0.0720876157283783,0.17726102471351624,1.2519999742507935
0.06634505838155746,-0.01709177903831005,1.2235000133514404,0.09177301079034805,-0.03269268572330475,1.1449999809265137,0.036903198808431625,-0.038890134543180466,1.0609999895095825,0.15486761927604675,-0.075152687728405,1.2664999961853027,-0.11536655575037003,-0.0874679833650589,1.2374999523162842,0.21081461012363434,0.10455293208360672,1.4874999523162842,-0.20148882269859314,0.09328459948301315,1.3585000038146973,0.13716067373752594,0.17386388778686523,1.4235000610351562,-0.07823606580495834,0.17740261554718018,1.253000020980835
0.0684671625494957,-0.017126701772212982,1.2259999513626099,0.09133217483758926,-0.034382015466690063,1.1394999027252197,0.036868415772914886,-0.03713592514395714,1.059999942779541,0.14903724193572998,-0.07429227977991104,1.252000093460083,-0.11737172305583954,-0.08947313576936722,1.2374999523162842,0.21102719008922577,0.10224568843841553,1.4889999628067017,-0.20316526293754578,0.09084871411323547,1.3550000190734863,0.13528041541576385,0.17904117703437805,1.4279999732971191,-0.08049055933952332,0.17789815366268158,1.256500005722046
0.06857885420322418,-0.0151648735627532,1.2279999256134033,0.0912119597196579,-0.028804944828152657,1.1380000114440918,0.036868415772914886,-0.035418376326560974,1.059999942779541,0.14594221115112305,-0.07274946570396423,1.2260000705718994,-0.11336137354373932,-0.08947313576936722,1.2374999523162842,0.20861448347568512,0.10465836524963379,1.4889999628067017,-0.20219066739082336,0.09041290730237961,1.3485000133514404,0.13528041541576385,0.17904117703437805,1.4279999732971191,-0.08298628032207489,0.1809365302324295,1.2634999752044678
0.06658907234668732,-0.0151648735627532,1.2279999256134033,0.0906108170747757,-0.028615104034543037,1.1304999589920044,0.036868415772914886,-0.03370082005858421,1.059999942779541,0.14832565188407898,-0.07001259177923203,1.2130000591278076,-0.11135619878768921,-0.09147829562425613,1.2374999523162842,0.20861448347568512,0.09983301162719727,1.4889999628067017,-0.20656074583530426,0.08822789788246155,1.3485000133514404,0.1354225128889084,0.1792292445898056,1.4294999837875366,-0.08752886205911636,0.17980951070785522,1.2699999809265137
0.06832755357027054,-0.013126826845109463,1.2235000133514404,0.09025013446807861,-0.028501199558377266,1.125999927520752,0.038585979491472244,-0.03198327124118805,1.059999942779541,0.14509323239326477,-0.06940654665231705,1.2024999856948853,-0.11349878460168839,-0.09158918261528015,1.2389999628067017,0.2112397849559784,0.09993358701467514,1.4904999732971191,-0.20656074583530426,0.09041290730237961,1.3485000133514404,0.1354225128889084,0.18154549598693848,1.4294999837875366,-0.08983359485864639,0.18236854672431946,1.2734999656677246
0.06818793714046478,-0.011121577583253384,1.2209999561309814,0.08996961265802383,-0.024774964898824692,1.122499942779541,0.036868415772914886,-0.030265718698501587,1.059999942779541,0.1457577496767044,-0.06686906516551971,1.191999912261963,-0.11359039694070816,-0.08965389430522919,1.2400000095367432,0.21145236492156982,0.10245168954133987,1.4919999837875366,-0.20812658965587616,0.09232325851917267,1.3445000648498535,0.13570672273635864,0.18424764275550842,1.4325000047683716,-0.08983359485864639,0.1844320297241211,1.2734999656677246
0.0660468116402626,-0.011094251647591591,1.2179999351501465,0.08996961265802383,-0.026593785732984543,1.122499942779541,0.040341567248106,-0.030294271185994148,1.0609999895095825,0.1439235657453537,-0.06602759659290314,1.1770000457763672,-0.11167115718126297,-0.09173703193664551,1.2410000562667847,0.20682498812675476,0.104974664747715,1.493499994277954,-0.20812658965587616,0.09232325851917267,1.3445000648498535,0.133385568857193,0.18888987600803375,1.4325000047683716,-0.08777008205652237,0.18649552762508392,1.2734999656677246
0.06970664858818054,-0.009083247743546963,1.2130000591278076,0.091420479118824,-0.022864114493131638,1.1180000305175781,0.040379591286182404,-0.028602033853530884,1.062000036239624,0.14026685059070587,-0.06521417200565338,1.162500023841858,-0.11185112595558167,-0.09188487380743027,1.2430000305175781,0.20730967819690704,0.10522066801786423,1.496999979019165,-0.20812658965587616,0.09232325851917267,1.3445000648498535,0.13570672273635864,0.1912110149860382,1.4325000047683716,-0.08364307880401611,0.1844320297241211,1.2734999656677246
