-0.3630352318286896,-0.05239221453666687,1.2620000839233398,-0.3477085530757904,-0.0803140327334404,1.250999927520752,-0.37294700741767883,-0.07363871484994888,1.2079999446868896,-0.16050507128238678,-0.05086688697338104,1.3289999961853027,-0.3409577012062073,-0.09895127266645432,1.25600004196167,-0.08622235059738159,0.15901434421539307,1.4565000534057617,-0.4334483742713928,-0.008599434047937393,1.465499997138977,-0.26884016394615173,0.1904272586107254,1.3765000104904175,-0.4809296727180481,0.08768121898174286,1.4874999523162842
-0.35225167870521545,-0.05230918154120445,1.2599999904632568,-0.33635902404785156,-0.07800538837909698,1.246500015258789,-0.3592454195022583,-0.06972399353981018,1.2079999446868896,-0.14889287948608398,-0.04843856394290924,1.3215000629425049,-0.3333859145641327,-0.09243927896022797,1.250499963760376,-0.07465213537216187,0.16424024105072021,1.4609999656677246,-0.4250154495239258,0.007998107001185417,1.4609999656677246,-0.25991854071617126,0.18596647679805756,1.3765000104904175,-0.4722658693790436,0.0850130245089531,1.4830000400543213
-0.341900497674942,-0.049948401749134064,1.2519999742507935,-0.32534417510032654,-0.07778636366128922,1.2430000305175781,-0.3523494601249695,-0.06952197849750519,1.2044999599456787,-0.13677480816841125,-0.045824334025382996,1.308000087738037,-0.32157447934150696,-0.08389601856470108,1.24399995803833,-0.06300901621580124,0.16474612057209015,1.465499997138977,-0.4074373245239258,0.0008888310403563082,1.4490000009536743,-0.2509969472885132,0.18373610079288483,1.3765000104904175,-0.4603178799152374,0.07822386920452118,1.4909999370574951
-0.3273582458496094,-0.04958935081958771,1.2430000305175781,-0.313007652759552,-0.07772378623485565,1.2420001029968262,-0.3379845917224884,-0.06548240780830383,1.2020000219345093,-0.1211465373635292,-0.04552654176950455,1.2994999885559082,-0.3058580160140991,-0.09147829562425613,1.2374999523162842,-0.053510572761297226,0.16712071001529694,1.465499997138977,-0.39009252190589905,-0.015417450107634068,1.437000036239624,-0.23984494805335999,0.18373610079288483,1.3765000104904175,-0.4486629068851471,0.07629097253084183,1.500499963760376
-0.3107447922229767,-0.04950956255197525,1.2410000562667847,-0.2973560094833374,-0.07531510293483734,1.2355000972747803,-0.3238113522529602,-0.06926225125789642,1.2000000476837158,-0.10838747024536133,-0.049680374562740326,1.2979999780654907,-0.2885203957557678,-0.09044339507818222,1.2235000133514404,-0.03688829392194748,0.16474612057209015,1.465499997138977,-0.3861449956893921,-0.015353076159954071,1.430999994277954,-0.22844374179840088,0.1768520027399063,1.375,-0.43450888991355896,0.06663228571414948,1.5019999742507935
-0.2986797094345093,-0.04950956255197525,1.2410000562667847,-0.2853443920612335,-0.0773170217871666,1.2355000972747803,-0.3096834719181061,-0.07108797132968903,1.1979999542236328,-0.09341247379779816,-0.04744889587163925,1.2944999933242798,-0.2679125666618347,-0.09344381839036942,1.2109999656677246,-0.022640623152256012,0.16712071001529694,1.465499997138977,-0.36836305260658264,-0.0314515121281147,1.4249999523162842,-0.21484127640724182,0.17443354427814484,1.3734999895095825,-0.41747263073921204,0.05689733102917671,1.5019999742507935
-0.28058210015296936,-0.0535312257707119,1.2410000562667847,-0.26392918825149536,-0.08089303225278854,1.2290000915527344,-0.29221293330192566,-0.07497028261423111,1.1979999542236328,-0.07218533754348755,-0.04937417805194855,1.2899999618530273,-0.26018670201301575,-0.09473638236522675,1.2024999856948853,-0.006018344312906265,0.16949529945850372,1.465499997138977,-0.35681813955307007,-0.022215619683265686,1.4249999523162842,-0.20126798748970032,0.16979685425758362,1.371999979019165,-0.40367478132247925,0.05701097473502159,1.5049999952316284
-0.24840858578681946,-0.05554205924272537,1.2410000562667847,-0.23168911039829254,-0.0807613879442215,1.2269999980926514,-0.26331499218940735,-0.07503286004066467,1.1990000009536743,-0.03863636776804924,-0.05132477357983589,1.2864999771118164,-0.2279638946056366,-0.10012169182300568,1.1970000267028809,0.027226215228438377,0.16949529945850372,1.465499997138977,-0.34065520763397217,-0.026833565905690193,1.4249999523162842,-0.17439979314804077,0.1651698797941208,1.3704999685287476,-0.3804227113723755,0.049843765795230865,1.5095000267028809
-0.23615306615829468,-0.05549729987978935,1.2400000095367432,-0.2177719920873642,-0.08473768830299377,1.2269999980926514,-0.25207802653312683,-0.0751580223441124,1.2009999752044678,-0.02609848603606224,-0.051264937967061996,1.2850000858306885,-0.21015620231628418,-0.09608180820941925,1.1949999332427979,0.041346531361341476,0.1689748466014862,1.4609999656677246,-0.3310704231262207,-0.03603149577975273,1.4235000610351562,-0.15174880623817444,0.1602594405412674,1.366499900817871,-0.36366239190101624,0.044996652752161026,1.5110000371932983
-0.21745452284812927,-0.05734419450163841,1.2365000247955322,-0.20368874073028564,-0.08466862142086029,1.2259999513626099,-0.23524732887744904,-0.07732874155044556,1.2044999599456787,-0.01359505858272314,-0.053305547684431076,1.284000039100647,-0.20611098408699036,-0.09406673163175583,1.194000005722046,0.05537935346364975,0.1708144247531891,1.4565000534057617,-0.3195376396179199,-0.03372495248913765,1.4235000610351562,-0.1401630938053131,0.1596730649471283,1.3615000247955322,-0.35468873381614685,0.04510087892413139,1.5145000219345093
-0.20743677020072937,-0.05734419450163841,1.2365000247955322,-0.1899377554655075,-0.0807613879442215,1.2269999980926514,-0.21899552643299103,-0.07905006408691406,1.2009999752044678,0.0030467212200164795,-0.05118514224886894,1.2829999923706055,-0.18869878351688385,-0.09600141644477844,1.194000005722046,0.07418310642242432,0.17299607396125793,1.4550000429153442,-0.310965359210968,-0.029173217713832855,1.4264999628067017,-0.13109754025936127,0.15937986969947815,1.3589999675750732,-0.3407503366470337,0.04766477271914482,1.5180000066757202
-0.1899409145116806,-0.0575065091252327,1.2400000095367432,-0.17403247952461243,-0.0807613879442215,1.2269999980926514,-0.20537330210208893,-0.07321200519800186,1.2009999752044678,0.01966257393360138,-0.04906797781586647,1.281999945640564,-0.16921007633209229,-0.09785407036542892,1.193000078201294,0.08579383045434952,0.1726393848657608,1.4520000219345093,-0.3006676137447357,-0.029295925050973892,1.4325000047683716,-0.11568322032690048,0.15717783570289612,1.3589999675750732,-0.32953378558158875,0.05028953403234482,1.5230000019073486
-0.17802903056144714,-0.0535312257707119,1.2410000562667847,-0.16249985992908478,-0.08095885068178177,1.2300000190734863,-0.19564314186573029,-0.0751580223441124,1.2009999752044678,0.030013807117938995,-0.05108540505170822,1.2804999351501465,-0.1610717475414276,-0.09760800004005432,1.190000057220459,0.09685202687978745,0.17606236040592194,1.441499948501587,-0.2978851795196533,-0.03882281482219696,1.441499948501587,-0.10216935724020004,0.15451966226100922,1.3550000190734863,-0.3214467167854309,0.043125592172145844,1.531499981880188
-0.1662314236164093,-0.05361749604344368,1.2430000305175781,-0.14854872226715088,-0.08095885068178177,1.2300000190734863,-0.1839669644832611,-0.0751580223441124,1.2009999752044678,0.042379993945360184,-0.04891488328576088,1.277999997138977,-0.1529722809791565,-0.09928525984287262,1.187000036239624,0.11017417907714844,0.17496313154697418,1.4325000047683716,-0.2983173131942749,-0.04390156269073486,1.4549999237060547,-0.09082137793302536,0.15389245748519897,1.3494999408721924,-0.311520516872406,0.04064405336976051,1.531499981880188
-0.1525000035762787,-0.05576583743095398,1.246000051498413,-0.1389216184616089,-0.08115631341934204,1.2330000400543213,-0.16839872300624847,-0.0751580223441124,1.2009999752044678,0.052651453763246536,-0.0529734268784523,1.2760000228881836,-0.13927379250526428,-0.10103805363178253,1.184999942779541,0.12384112179279327,0.17459671199321747,1.4294999837875366,-0.28413841128349304,-0.05139471963047981,1.4670000076293945,-0.07537493109703064,0.15142478048801422,1.347000002861023,-0.2991127371788025,0.03816251456737518,1.531499981880188
-0.1448298990726471,-0.05389787629246712,1.249500036239624,-0.12693433463573456,-0.08115631341934204,1.2330000400543213,-0.1610826551914215,-0.07537704706192017,1.2044999599456787,0.06505679339170456,-0.05090587958693504,1.2760000228881836,-0.13148233294487,-0.09903432428836823,1.184000015258789,0.1284736841917038,0.17691297829151154,1.4294999837875366,-0.27519187331199646,-0.05149982497096062,1.4700000286102295,-0.06877602636814117,0.15349332988262177,1.3459999561309814,-0.2876410186290741,0.03828710690140724,1.5364999771118164
-0.132682204246521,-0.055922482162714005,1.249500036239624,-0.11313235759735107,-0.0812879428267479,1.2349998950958252,-0.14980648458003998,-0.07363871484994888,1.2079999446868896,0.07551275193691254,-0.04891488328576088,1.277999997138977,-0.13148233294487,-0.10478974133729935,1.184000015258789,0.14222195744514465,0.17672733962535858,1.4279999732971191,-0.2585185170173645,-0.04673604667186737,1.4700000286102295,-0.062233082950115204,0.15349332988262177,1.3459999561309814,-0.27704983949661255,0.03819989413022995,1.5329999923706055
-0.12255911529064178,-0.055922482162714005,1.249500036239624,-0.1052129939198494,-0.0793510377407074,1.2359999418258667,-0.13961392641067505,-0.07537704706192017,1.2044999599456787,0.0837959423661232,-0.0509856678545475,1.277999997138977,-0.12286727130413055,-0.10018540918827057,1.1749999523162842,0.14900681376457214,0.17423029243946075,1.4264999628067017,-0.2516293525695801,-0.04439942166209221,1.471500039100647,-0.05780663713812828,0.1533222794532776,1.3445000648498535,-0.2689823508262634,0.03563437983393669,1.5295000076293945
-0.1146896556019783,-0.054005712270736694,1.2519999742507935,-0.09720202535390854,-0.0793510377407074,1.2359999418258667,-0.13359227776527405,-0.07528318464756012,1.2030000686645508,0.09414992481470108,-0.04891488328576088,1.277999997138977,-0.11625820398330688,-0.0994180366396904,1.1660000085830688,0.15775325894355774,0.17598478496074677,1.4219999313354492,-0.24949906766414642,-0.04683142900466919,1.4730000495910645,-0.04909243807196617,0.1533222794532776,1.3445000648498535,-0.26129093766212463,0.03559943288564682,1.527999997138977
-0.1107206866145134,-0.05404885113239288,1.253000020980835,-0.08919104933738708,-0.08135376870632172,1.2359999418258667,-0.1274258941411972,-0.07509544491767883,1.2000000476837158,0.10227280855178833,-0.05090587958693504,1.2760000228881836,-0.11417271196842194,-0.09736144542694092,1.1640000343322754,0.1596071720123291,0.1731921136379242,1.4179999828338623,-0.24949906766414642,-0.049218181520700455,1.4730000495910645,-0.04037823528051376,0.15114374458789825,1.3445000648498535,-0.2563391625881195,0.03807530179619789,1.527999997138977
