-0.04457811266183853,0.1056668683886528,0.9010000228881836,-0.019211070612072945,0.08428258448839188,0.8759999871253967,-0.06382090598344803,0.08182265609502792,0.8650000095367432,0.04189855232834816,0.05665609985589981,1.1510000228881836,-0.20817479491233826,0.017489397898316383,1.0399999618530273,0.019325152039527893,0.2498503178358078,1.2599999904632568,-0.31904253363609314,0.24961528182029724,1.0670000314712524,-0.010330800898373127,0.3422985374927521,1.1519999504089355,-0.13614918291568756,0.30110403895378113,0.9710000157356262
-0.049148079007864,0.10314615070819855,0.9045000076293945,-0.022100253030657768,0.0830523669719696,0.878000020980835,-0.06814365833997726,0.07915651053190231,0.8665000200271606,0.04024222865700722,0.0550767183303833,1.1570000648498535,-0.20817479491233826,0.014119108207523823,1.0399999618530273,0.01729723811149597,0.2500486373901367,1.2610000371932983,-0.3207714557647705,0.24269971251487732,1.0670000314712524,-0.012197434902191162,0.33856531977653503,1.1519999504089355,-0.14251594245433807,0.3012590706348419,0.971500039100647
-0.05075356736779213,0.09755267202854156,0.906999945640564,-0.023549703881144524,0.0788741409778595,0.8790000081062317,-0.06962794810533524,0.07362530380487442,0.8674999475479126,0.03649275749921799,0.04945254698395729,1.1570000648498535,-0.2182857245206833,0.02085968852043152,1.0399999618530273,0.015253986231982708,0.2500486373901367,1.2610000371932983,-0.3225003778934479,0.23405525088310242,1.0670000314712524,-0.0159030482172966,0.3305240273475647,1.1500000953674316,-0.15842044353485107,0.2952660322189331,0.9724999666213989
-0.05431445688009262,0.0942220464348793,0.9175000190734863,-0.02647334523499012,0.07338517904281616,0.8815000057220459,-0.0725644901394844,0.07093647122383118,0.8689999580383301,0.03843381628394127,0.047660063952207565,1.159000039100647,-0.21660056710243225,0.010748817585408688,1.0399999618530273,0.015266084112226963,0.24820208549499512,1.2620000839233398,-0.32641640305519104,0.22919030487537384,1.06850004196167,-0.01586156152188778,0.32780325412750244,1.1470000743865967,-0.17286871373653412,0.2878304719924927,0.9739999771118164
-0.05662216991186142,0.09259136021137238,0.9309999942779541,-0.027996636927127838,0.0707685574889183,0.8845000267028809,-0.0740576907992363,0.06819873303174973,0.8700000047683716,0.03658738359808922,0.045821599662303925,1.1600000858306885,-0.22703850269317627,0.010764320380985737,1.0414999723434448,0.015266084112226963,0.25229179859161377,1.2620000839233398,-0.328454852104187,0.22247299551963806,1.0694999694824219,-0.01957862637937069,0.3203691840171814,1.1470000743865967,-0.18252521753311157,0.2833865284919739,0.9750000238418579
-0.06416486203670502,0.08806577324867249,0.9309999942779541,-0.03522222861647606,0.06945296376943588,0.8860000371932983,-0.07974228262901306,0.06541692465543747,0.8704999685287476,0.038500137627124786,0.04397989436984062,1.1610000133514404,-0.22747448086738586,0.009094174951314926,1.0434999465942383,0.015266084112226963,0.24411235749721527,1.2620000839233398,-0.3274856209754944,0.21257106959819794,1.0720000267028809,-0.0232956912368536,0.3147936165332794,1.1470000743865967,-0.1873607486486435,0.2772093117237091,0.9754999876022339
-0.06872736662626266,0.0850943848490715,0.9314999580383301,-0.03970756009221077,0.06544023007154465,0.8899999856948853,-0.0856785774230957,0.06139629706740379,0.8734999895095825,0.03097526915371418,0.04021748527884483,1.1610000133514404,-0.22780148684978485,0.005720754619687796,1.0450000762939453,0.0152902752161026,0.24040299654006958,1.2639999389648438,-0.3293761909008026,0.2005055844783783,1.0724999904632568,-0.02333630807697773,0.3078954219818115,1.1489999294281006,-0.19694550335407257,0.2710255980491638,0.9760000109672546
-0.07692917436361313,0.08582520484924316,0.9394999742507935,-0.04712894931435585,0.0642857700586319,0.8939999938011169,-0.09307399392127991,0.06018693372607231,0.8765000104904175,0.02910657972097397,0.04211681708693504,1.1614999771118164,-0.23479898273944855,-0.0010532403830438852,1.0460000038146973,0.015302373096346855,0.23854346573352814,1.2649999856948853,-0.3275718092918396,0.18406662344932556,1.0779999494552612,-0.03839685767889023,0.3017558455467224,1.1540000438690186,-0.21117857098579407,0.2520482838153839,0.9760000109672546
-0.08642946928739548,0.08007548749446869,0.9435000419616699,-0.05881615728139877,0.06149161234498024,0.8955000042915344,-0.09875490516424179,0.05734649673104286,0.8765000104904175,0.02914416790008545,0.042171210050582886,1.1629999876022339,-0.23332694172859192,-0.00444722268730402,1.0469999313354492,0.015320518054068089,0.24087849259376526,1.2664999961853027,-0.3306105434894562,0.17872244119644165,1.0880000591278076,-0.045995622873306274,0.30066558718681335,1.1570000648498535,-0.21647602319717407,0.24318093061447144,0.9785000085830688
-0.0912570059299469,0.0756891518831253,0.9459999799728394,-0.061924949288368225,0.05587414652109146,0.8985000252723694,-0.10455498099327087,0.050302714109420776,0.8774999976158142,0.027306588366627693,0.042243730276823044,1.1649999618530273,-0.23502343893051147,-0.00444722268730402,1.0469999313354492,0.015393098816275597,0.2420196533203125,1.2725000381469727,-0.3345608413219452,0.17015400528907776,1.1010000705718994,-0.053633272647857666,0.29204726219177246,1.1600000858306885,-0.22737477719783783,0.23510077595710754,0.984499990940094
-0.10045406967401505,0.07109064608812332,0.9459999799728394,-0.06812547147274017,0.04886522516608238,0.9035000205039978,-0.11741849780082703,0.04606342315673828,0.878000020980835,0.025462530553340912,0.0423162542283535,1.1670000553131104,-0.23671992123126984,-0.0095366844907403,1.0469999313354492,0.013425501063466072,0.24580782651901245,1.281499981880188,-0.33579936623573303,0.16269850730895996,1.1110000610351562,-0.06861084699630737,0.28803953528404236,1.1589999198913574,-0.2362872213125229,0.22953836619853973,1.0019999742507935
-0.10811828821897507,0.06342647969722748,0.9459999799728394,-0.07780314236879349,0.0405472107231617,0.9140000343322754,-0.12331946939229965,0.039016708731651306,0.8795000314712524,0.021699227392673492,0.04045996814966202,1.1679999828338623,-0.24011293053627014,-0.011233172379434109,1.0469999313354492,0.013472644612193108,0.2508384883403778,1.2860000133514404,-0.33324548602104187,0.15237589180469513,1.1145000457763672,-0.07612274587154388,0.2861615717411041,1.1589999198913574,-0.24681389331817627,0.2249518781900406,1.0255000591278076
-0.12262267619371414,0.062253497540950775,0.9514999985694885,-0.09146568179130554,0.03985695540904999,0.9325000047683716,-0.1352563202381134,0.037741225212812424,0.8830000162124634,0.021699227392673492,0.036674872040748596,1.1679999828338623,-0.24350592494010925,-0.014626147225499153,1.0469999313354492,0.011388884857296944,0.2529222369194031,1.2860000133514404,-0.3338187038898468,0.1443755328655243,1.122499942779541,-0.08551263064146042,0.28052768111228943,1.1589999198913574,-0.25939232110977173,0.21831269562244415,1.0494999885559082
-0.13692036271095276,0.055977895855903625,0.9765000343322754,-0.10805094242095947,0.032128509134054184,0.9730000495910645,-0.14872033894062042,0.029272273182868958,0.8865000009536743,0.014153183437883854,0.04242503643035889,1.1700000762939453,-0.2485954314470291,-0.016322635114192963,1.0469999313354492,0.007221365347504616,0.25500595569610596,1.2860000133514404,-0.34057116508483887,0.14280664920806885,1.1389999389648438,-0.09678048640489578,0.27489379048347473,1.1589999198913574,-0.2682742774486542,0.21108388900756836,1.064500093460083
-0.15340793132781982,0.052542731165885925,1.0015000104904175,-0.12481807917356491,0.02834208868443966,1.006500005722046,-0.15985000133514404,0.023685811087489128,0.8925000429153442,0.010361582972109318,0.029154518619179726,1.1700000762939453,-0.24320371448993683,-0.01902829296886921,1.0104999542236328,0.0030490958597511053,0.2546093761920929,1.2839999198913574,-0.34445828199386597,0.13697008788585663,1.1519999504089355,-0.10804834961891174,0.2655039429664612,1.1589999198913574,-0.27741873264312744,0.20284003019332886,1.066499948501587
-0.1637147068977356,0.044584184885025024,1.0049999952316284,-0.13670794665813446,0.020257966592907906,1.0099999904632568,-0.17247560620307922,0.016556480899453163,0.8980000019073486,0.00658121332526207,0.031103383749723434,1.1720000505447388,-0.2257886528968811,-0.01931588165462017,0.9444999694824219,0.0009685766417533159,0.2546093761920929,1.2839999198913574,-0.35106295347213745,0.13057155907154083,1.1614999771118164,-0.11536084115505219,0.2612963616847992,1.156999945640564,-0.2853975296020508,0.19492796063423157,1.0704998970031738
-0.178548201918602,0.03973838686943054,1.00600004196167,-0.14816375076770782,0.012075291946530342,1.0099999904632568,-0.186424121260643,0.013927497901022434,0.9164999723434448,0.0008848446886986494,0.02922927401959896,1.1730000972747803,-0.22565524280071259,-0.02163040265440941,0.9129999876022339,-0.003192461561411619,0.2566898763179779,1.2839999198913574,-0.357118159532547,0.1257321685552597,1.1689999103546143,-0.12660925090312958,0.2556721866130829,1.156999945640564,-0.29697826504707336,0.19626140594482422,1.087499976158142
-0.19043070077896118,0.03493482619524002,1.0084999799728394,-0.1612561196088791,0.005529149901121855,1.0099999904632568,-0.19807955622673035,0.009679104201495647,0.9365000128746033,-0.004825352691113949,0.023567436262965202,1.1749999523162842,-0.22895926237106323,-0.024467933923006058,0.9084999561309814,-0.009408303536474705,0.2559901773929596,1.2804999351501465,-0.3605479300022125,0.12056314200162888,1.1740000247955322,-0.13924932479858398,0.2491835504770279,1.152999997138977,-0.31003737449645996,0.18935981392860413,1.1089999675750732
-0.2006324827671051,0.028454722836613655,1.0104999542236328,-0.17296844720840454,0.0022594300098717213,1.0115000009536743,-0.2115660011768341,0.0051596276462078094,0.9424999952316284,-0.018168115988373756,0.02549300715327263,1.1759999990463257,-0.22954362630844116,-0.024373671039938927,0.9049999713897705,-0.013457413762807846,0.2520315647125244,1.2710000276565552,-0.36461129784584045,0.12128199636936188,1.180999994277954,-0.14781735837459564,0.2460283488035202,1.1470000743865967,-0.3181303143501282,0.18373256921768188,1.118499994277954
-0.2143658548593521,0.026896994560956955,1.0134999752044678,-0.18608024716377258,0.0006204641540534794,1.0115000009536743,-0.22260260581970215,0.0005830461741425097,0.9505000114440918,-0.02005656808614731,0.017855767160654068,1.1749999523162842,-0.23394285142421722,-0.024373671039938927,0.9049999713897705,-0.0194967370480299,0.25024694204330444,1.2620000839233398,-0.36999842524528503,0.11795204877853394,1.1859999895095825,-0.15869136154651642,0.24374404549598694,1.1449999809265137,-0.327923446893692,0.180510476231575,1.121000051498413
