-0.43715664744377136,-0.1962112933397293,1.430999994277954,-0.4235461950302124,-0.21717515587806702,1.4165000915527344,0,0,0,-0.29418107867240906,-0.026598185300827026,1.412500023841858,-0.24259883165359497,-0.1563093364238739,1.6180000305175781,-0.3242802321910858,0.2337651252746582,1.5449999570846558,0,0,0,-0.43231773376464844,0.4583386778831482,1.631500005722046,0,0,0
-0.45338761806488037,-0.20084866881370544,1.430999994277954,-0.43883681297302246,-0.22137413918972015,1.4140000343322754,0,0,0,-0.2974894642829895,-0.031043196097016335,1.406499981880188,-0.2652893662452698,-0.163616344332695,1.6124999523162842,-0.3285411596298218,0.22824005782604218,1.5414999723434448,0,0,0,-0.41853421926498413,0.446803480386734,1.6089999675750732,0,0,0
-0.469618558883667,-0.20084866881370544,1.430999994277954,-0.4571661055088043,-0.2236652821302414,1.4140000343322754,0,0,0,-0.3153848648071289,-0.04239292070269585,1.4049999713897705,-0.28000786900520325,-0.1604544073343277,1.6069999933242798,-0.3331039249897003,0.21796594560146332,1.5394999980926514,0,0,0,-0.4128062427043915,0.44104039669036865,1.6069999933242798,0,0,0
-0.48816823959350586,-0.20548607409000397,1.430999994277954,-0.4762660264968872,-0.22752119600772858,1.409500002861023,0,0,0,-0.3313209116458893,-0.04922261834144592,1.4049999713897705,-0.30395182967185974,-0.15935608744621277,1.5959999561309814,-0.3374341130256653,0.20758262276649475,1.5364999771118164,0,0,0,-0.40658390522003174,0.4399425685405731,1.6029999256134033,0,0,0
-0.5113553404808044,-0.21476085484027863,1.430999994277954,-0.4968208968639374,-0.23437277972698212,1.409500002861023,0,0,0,-0.33682695031166077,-0.053565241396427155,1.3995000123977661,-0.3275393843650818,-0.16853067278862,1.5850000381469727,-0.33992376923561096,0.2001136988401413,1.5364999771118164,0,0,0,-0.40310439467430115,0.42602336406707764,1.5994999408721924,0,0,0
-0.5299050211906433,-0.21939826011657715,1.430999994277954,-0.5173757672309875,-0.23894049227237701,1.409500002861023,0,0,0,-0.34730300307273865,-0.057581618428230286,1.3870000839233398,-0.3476460576057434,-0.17088299989700317,1.5829999446868896,-0.3498823940753937,0.19264480471611023,1.5364999771118164,0,0,0,-0.39963629841804504,0.40957486629486084,1.5959999561309814,0,0,0
-0.5461359620094299,-0.21939826011657715,1.430999994277954,-0.5396479964256287,-0.24199450016021729,1.4140000343322754,0,0,0,-0.36343875527381897,-0.06847129762172699,1.3799999952316284,-0.36991140246391296,-0.18586106598377228,1.5794999599456787,-0.3555545508861542,0.17805391550064087,1.5394999980926514,0,0,0,-0.39863473176956177,0.3956505358219147,1.5920000076293945,0,0,0
-0.5675987005233765,-0.22891272604465485,1.4325000047683716,-0.5636364221572876,-0.25497379899024963,1.4225000143051147,0,0,0,-0.3813273310661316,-0.07294341176748276,1.3799999952316284,-0.3891502618789673,-0.18782392144203186,1.5744999647140503,-0.3705216646194458,0.16558142006397247,1.5394999980926514,0,0,0,-0.39605513215065,0.3879118263721466,1.5920000076293945,0,0,0
-0.606636643409729,-0.2412739098072052,1.437000036239624,-0.6015707850456238,-0.2669667601585388,1.4249999523162842,0,0,0,-0.4215766191482544,-0.08859582245349884,1.3799999952316284,-0.42297855019569397,-0.2073078453540802,1.5674999952316284,-0.3888653516769409,0.13345561921596527,1.5429999828338623,0,0,0,-0.40121427178382874,0.3414795994758606,1.5920000076293945,0,0,0
-0.6185222268104553,-0.24695761501789093,1.443000078201294,-0.6144065260887146,-0.2721564769744873,1.4279999732971191,0,0,0,-0.4372291564941406,-0.10648428648710251,1.3799999952316284,-0.43120384216308594,-0.21396766602993011,1.5605000257492065,-0.41032424569129944,0.10884048789739609,1.5485000610351562,0,0,0,-0.4089530408382416,0.3182634711265564,1.5920000076293945,0,0,0
-0.6281376481056213,-0.25737589597702026,1.4490000009536743,-0.6266332864761353,-0.2793911397457123,1.4294999837875366,0,0,0,-0.4595898389816284,-0.11990063637495041,1.3799999952316284,-0.4434199035167694,-0.2263924777507782,1.559000015258789,-0.435282438993454,0.09430079162120819,1.5570000410079956,0,0,0,-0.4310738146305084,0.30383211374282837,1.597499966621399,0,0,0
-0.6459073424339294,-0.27437782287597656,1.4520000219345093,-0.6418752074241638,-0.2985464930534363,1.4325000047683716,0,0,0,-0.478845477104187,-0.1286114603281021,1.377500057220459,-0.4535243809223175,-0.23649686574935913,1.559000015258789,-0.4499104917049408,0.0845879465341568,1.5640000104904175,0,0,0,-0.45333725214004517,0.2840990424156189,1.6029999256134033,0,0,0
-0.650269091129303,-0.2799482047557831,1.4565000534057617,-0.6468945145606995,-0.30678945779800415,1.438499927520752,0,0,0,-0.4931309223175049,-0.14226120710372925,1.3799999952316284,-0.4636288583278656,-0.2415490597486496,1.559000015258789,-0.47332292795181274,0.08469611406326294,1.565999984741211,0,0,0,-0.476334810256958,0.28803783655166626,1.6105000972747803,0,0,0
-0.6644651293754578,-0.29385149478912354,1.4670000076293945,-0.6593418717384338,-0.31874990463256836,1.4505000114440918,0,0,0,-0.49760305881500244,-0.1489693820476532,1.3799999952316284,-0.47924619913101196,-0.25189560651779175,1.5605000257492065,-0.48601019382476807,0.07962123304605484,1.565999984741211,0,0,0,-0.5041577219963074,0.2841239273548126,1.6330000162124634,0,0,0
-0.6654729247093201,-0.2953537702560425,1.4744999408721924,-0.6634329557418823,-0.320727676153183,1.4594999551773071,0,0,0,-0.5001271963119507,-0.154219850897789,1.3870000839233398,-0.47671765089035034,-0.2544240951538086,1.5605000257492065,-0.5031290054321289,0.0845879465341568,1.5640000104904175,0,0,0,-0.5434579253196716,0.28544238209724426,1.6559998989105225,0,0,0
-0.6677295565605164,-0.29875263571739197,1.4795000553131104,-0.6671663522720337,-0.3237566351890564,1.462499976158142,0,0,0,-0.5026512145996094,-0.15725690126419067,1.3940000534057617,-0.48331835865974426,-0.2552393078804016,1.565500020980835,-0.5107316970825195,0.08712214976549149,1.5640000104904175,0,0,0,-0.5683355927467346,0.2817671298980713,1.6659998893737793,0,0,0
-0.6747969388961792,-0.3045729994773865,1.4844999313354492,-0.6739732623100281,-0.32712987065315247,1.4670000076293945,0,0,0,-0.4941473603248596,-0.16194845736026764,1.3954999446868896,-0.4777868688106537,-0.25752896070480347,1.5640000104904175,-0.5259369015693665,0.07445114850997925,1.5640000104904175,0,0,0,-0.592056155204773,0.2800726890563965,1.6719999313354492,0,0,0
-0.6726940870285034,-0.3058040142059326,1.4904999732971191,-0.6759453415870667,-0.3292482793331146,1.4765000343322754,0,0,0,-0.489624947309494,-0.16420963406562805,1.3954999446868896,-0.48285526037216187,-0.26006317138671875,1.5640000104904175,-0.5386080145835876,0.07445114850997925,1.5640000104904175,0,0,0,-0.6174005270004272,0.27357161045074463,1.6820000410079956,0,0,0
-0.6738765835762024,-0.31230151653289795,1.4984999895095825,-0.6747969388961792,-0.33584296703338623,1.4844999313354492,0,0,0,-0.4892846345901489,-0.16712690889835358,1.4010000228881836,-0.48032107949256897,-0.2701999545097351,1.5640000104904175,-0.5429812073707581,0.07688690721988678,1.562000036239624,0,0,0,-0.6446546912193298,0.26267001032829285,1.6820000410079956,0,0,0
-0.6712527275085449,-0.31821590662002563,1.503499984741211,-0.6720170974731445,-0.3440990447998047,1.4889999628067017,0,0,0,-0.486647367477417,-0.1677830070257187,1.406499981880188,-0.47931429743766785,-0.2786906659603119,1.569000005722046,-0.5429812073707581,0.06423211097717285,1.562000036239624,0,0,0,-0.669627845287323,0.24748916923999786,1.690000057220459,0,0,0
