0.004374555312097073,0.013091529719531536,1.0950000286102295,0.023498838767409325,-0.02028052695095539,1.0770000219345093,-0.03160884603857994,-0.00617598369717598,1.0525000095367432,0.1946951150894165,-0.0031421957537531853,1.1959999799728394,-0.07415761053562164,-0.02489425614476204,0.9835000038146973,0.24473847448825836,0.18579281866550446,1.343000054359436,-0.1660231500864029,0.1185804083943367,1.3215000629425049,0.1585974544286728,0.2483135163784027,1.1319999694824219,-0.04159267246723175,0.16683465242385864,1.1920000314712524
0.004366565030068159,0.013067618012428284,1.093000054359436,0.02524394541978836,-0.0185354296118021,1.0770000219345093,-0.03150373324751854,-0.006155446171760559,1.0490000247955322,0.19663302600383759,-0.0031421957537531853,1.1959999799728394,-0.07559716701507568,-0.02802434377372265,0.9815000295639038,0.24473847448825836,0.19014503061771393,1.343000054359436,-0.16784629225730896,0.11621885746717453,1.319000005722046,0.1567632257938385,0.24647928774356842,1.1319999694824219,-0.043487608432769775,0.17441396415233612,1.190999984741211
0.004366565030068159,0.013067618012428284,1.093000054359436,0.023498838767409325,-0.0185354296118021,1.0770000219345093,-0.029789790511131287,-0.004453594330698252,1.0485000610351562,0.19081924855709076,-0.005080113187432289,1.1959999799728394,-0.07385600358247757,-0.027967238798737526,0.9794999957084656,0.24256233870983124,0.19014503061771393,1.343000054359436,-0.1739276945590973,0.11599857360124588,1.316499948501587,0.1543131321668625,0.24549949169158936,1.127500057220459,-0.04152288660407066,0.1684829443693161,1.190000057220459
0.006137599237263203,0.014838640578091145,1.093000054359436,0.025220505893230438,-0.018518218770623207,1.0759999752044678,-0.028077462688088417,-0.004451470449566841,1.0479999780654907,0.1946951150894165,0.0007336382986977696,1.1959999799728394,-0.07699092477560043,-0.029539266601204872,0.9789999723434448,0.23821011185646057,0.187968909740448,1.343000054359436,-0.17159879207611084,0.12225861847400665,1.315000057220459,0.152486190199852,0.24001872539520264,1.127500057220459,-0.04148799180984497,0.17412108182907104,1.1890000104904175
0.00613479083403945,0.014831852167844772,1.0924999713897705,0.026963993906974792,-0.018518218770623207,1.0759999752044678,-0.02805066853761673,-0.00444722268730402,1.0469999313354492,0.19275718927383423,-0.001204278669320047,1.1959999799728394,-0.07540460675954819,-0.029539266601204872,0.9789999723434448,0.23821011185646057,0.18579281866550446,1.343000054359436,-0.16701914370059967,0.12840624153614044,1.3125,0.14731428027153015,0.241187185049057,1.1159999370574951,-0.0433780662715435,0.17782452702522278,1.187999963760376
0.007886925712227821,0.016564074903726578,1.090000033378601,0.026963993906974792,-0.018518218770623207,1.0759999752044678,-0.0279970895498991,-0.004438728094100952,1.0450000762939453,0.1887233853340149,-0.001203271676786244,1.1949999332427979,-0.0769122838973999,-0.02950909361243248,0.9779999852180481,0.2338578701019287,0.18579281866550446,1.343000054359436,-0.17114205658435822,0.13043347001075745,1.3114999532699585,0.1489221602678299,0.23725131154060364,1.1145000457763672,-0.04518863186240196,0.18121565878391266,1.184999942779541
0.009635386988520622,0.016533682122826576,1.0880000591278076,0.03039436973631382,-0.018483798950910568,1.0740000009536743,-0.0262786615639925,-0.004434480331838131,1.0440000295639038,0.1885654628276825,-0.0031369412317872047,1.194000005722046,-0.07208441942930222,-0.032645050436258316,0.9769999980926514,0.23585821688175201,0.18130548298358917,1.3420000076293945,-0.17094631493091583,0.12816165387630463,1.309999942779541,0.1543397754430771,0.23363959789276123,1.1145000457763672,-0.04694971814751625,0.18443121016025543,1.180999994277954
0.011393081396818161,0.016526084393262863,1.0875000953674316,0.03213461861014366,-0.018483798950910568,1.0740000009536743,-0.022895386442542076,-0.004434480331838131,1.0440000295639038,0.18469609320163727,-0.007006294094026089,1.194000005722046,-0.0767943263053894,-0.03421059623360634,0.9765000343322754,0.2335095852613449,0.18117038905620575,1.340999960899353,-0.17306895554065704,0.12816165387630463,1.309999942779541,0.14625827968120575,0.23945826292037964,1.1080000400543213,-0.05073397234082222,0.18427503108978271,1.1799999475479126
0.01311891246587038,0.018237745389342308,1.0845000743865967,0.035648275166749954,-0.011533583514392376,1.0750000476837158,-0.019315868616104126,-0.002715266775339842,1.0334999561309814,0.18469609320163727,-0.007006294094026089,1.194000005722046,-0.07671567797660828,-0.031014295294880867,0.9754999876022339,0.23568245768547058,0.1768246591091156,1.340999960899353,-0.17731425166130066,0.13028429448604584,1.309999942779541,0.14984895288944244,0.22868631780147552,1.1080000400543213,-0.05460421368479729,0.18251758813858032,1.180999994277954
0.020147958770394325,0.018237745389342308,1.0845000743865967,0.040911901742219925,-0.009800833649933338,1.0759999752044678,-0.014146796427667141,-0.0026876807678490877,1.0230000019073486,0.18082672357559204,-0.00894097052514553,1.194000005722046,-0.08145761489868164,-0.02785302698612213,0.9754999876022339,0.22916382551193237,0.17030605673789978,1.340999960899353,-0.17751729488372803,0.13468360900878906,1.3114999532699585,0.1507280319929123,0.23183374106884003,1.1145000457763672,-0.06220599263906479,0.18236303329467773,1.1799999475479126
0.023607932031154633,0.018195701763033867,1.0820000171661377,0.04618524760007858,-0.006319747772067785,1.0770000219345093,-0.009093256667256355,-0.0026640354190021753,1.0139999389648438,0.1730879545211792,-0.012810323387384415,1.194000005722046,-0.08619954437017441,-0.0341755636036396,0.9754999876022339,0.2274141162633896,0.1706235557794571,1.3434998989105225,-0.17964236438274384,0.13680866360664368,1.3114999532699585,0.15045879781246185,0.23422589898109436,1.125999927520752,-0.07176601141691208,0.18236303329467773,1.1799999475479126
0.027114352211356163,0.016442501917481422,1.0820000171661377,0.04967546463012695,-0.006319747772067785,1.0770000219345093,-0.005741342902183533,-0.0026338223833590746,1.002500057220459,0.1750226467847824,-0.0166796762496233,1.194000005722046,-0.08619954437017441,-0.035756196826696396,0.9754999876022339,0.2252371907234192,0.1684466451406479,1.3434998989105225,-0.17943689227104187,0.1387748271226883,1.309999942779541,0.15192866325378418,0.24019870162010193,1.1369999647140503,-0.07750202715396881,0.1861870139837265,1.1799999475479126
0.035963308066129684,0.016480494290590286,1.0845000743865967,0.058428116142749786,-0.009814496152102947,1.0774999856948853,-0.0008621018496342003,-0.004228471778333187,0.9954999685287476,0.17695733904838562,-0.014744999818503857,1.194000005722046,-0.08479238301515579,-0.03582950681447983,0.9774999618530273,0.2252371907234192,0.1640928089618683,1.3434998989105225,-0.17929993569850922,0.13442687690258026,1.309000015258789,0.15008632838726044,0.24756798148155212,1.1369999647140503,-0.0870620384812355,0.19192299246788025,1.1799999475479126
0.041159044951200485,0.01294208224862814,1.0824999809265137,0.0673135295510292,-0.013337184675037861,1.0799999237060547,0.0071922969073057175,-0.004222100600600243,0.9939999580383301,0.17710553109645844,-0.01669364422559738,1.1949999332427979,-0.08903948217630386,-0.03834032267332077,1.0460000038146973,0.2252371907234192,0.15973897278308868,1.3434998989105225,-0.18340177834033966,0.13856296241283417,1.3079999685287476,0.15745563805103302,0.24204102158546448,1.1369999647140503,-0.08897404372692108,0.1957469880580902,1.1799999475479126
0.04828638583421707,0.011213910765945911,1.0850000381469727,0.07520791888237,-0.01881079189479351,1.0929999351501465,0.011987866833806038,-0.010632353834807873,0.9909999966621399,0.17904183268547058,-0.01669364422559738,1.1949999332427979,-0.0934821143746376,-0.041034407913684845,1.1195000410079956,0.22565633058547974,0.16003622114658356,1.3459999561309814,-0.17902597784996033,0.14269256591796875,1.306999921798706,0.16006852686405182,0.23950938880443573,1.1424999237060547,-0.07003160566091537,0.21349631249904633,1.1829999685287476
0.0658670961856842,0.005939730443060398,1.0850000381469727,0.09227301180362701,-0.024421824142336845,1.1064999103546143,0.029591374099254608,-0.015418419614434242,0.9889999628067017,0.18337365984916687,-0.01867671124637127,1.1979999542236328,-0.09109824150800705,-0.04160254821181297,1.1349999904632568,0.2348155826330185,0.16470350325107574,1.3485000133514404,-0.1660011261701584,0.15721569955348969,1.3044999837875366,0.16384270787239075,0.2266499400138855,1.1430000066757202,-0.035528041422367096,0.23649854958057404,1.1829999685287476
0.07130523771047592,0.0041913059540092945,1.0875000953674316,0.10007376223802567,-0.026380563154816628,1.1134999990463257,0.03439892828464508,-0.017020927742123604,0.9889999628067017,0.18756863474845886,-0.018707891926169395,1.2000000476837158,-0.09165773540735245,-0.040831997990608215,1.1654999256134033,0.23936301469802856,0.16482563316822052,1.3494999408721924,-0.1590479612350464,0.15871873497962952,1.2994999885559082,0.16377101838588715,0.2284020185470581,1.1424999237060547,-0.024189332500100136,0.24002768099308014,1.190999984741211
0.08217912167310715,0.0006695369957014918,1.0915000438690186,0.11007475852966309,-0.030258364975452423,1.1234999895095825,0.044014040380716324,-0.018623435869812965,0.9889999628067017,0.19340187311172485,-0.016763493418693542,1.2000000476837158,-0.0836612805724144,-0.03770677000284195,1.1859999895095825,0.23936301469802856,0.16482563316822052,1.3494999408721924,-0.15220217406749725,0.16236579418182373,1.2950000762939453,0.1731029599905014,0.21368567645549774,1.1430000066757202,-0.014564614742994308,0.24816298484802246,1.193000078201294
0.08962150663137436,-0.001103586400859058,1.0959999561309814,0.12158981710672379,-0.030406489968299866,1.128999948501587,0.05362914875149727,-0.021828453987836838,0.9889999628067017,0.1994010955095291,-0.020669499412178993,1.2009999752044678,-0.08208415657281876,-0.03400610387325287,1.190999984741211,0.2411021888256073,0.15578995645046234,1.347000002861023,-0.14380881190299988,0.17075909674167633,1.2950000762939453,0.178398996591568,0.21600356698036194,1.1654999256134033,-0.004878739360719919,0.24904784560203552,1.187999963760376
0.10123756527900696,-0.0029070565942674875,1.1065000295639038,0.13091035187244415,-0.030446888878941536,1.1304999589920044,0.0633721575140953,-0.02508409507572651,0.9909999966621399,0.20541009306907654,-0.022634349763393402,1.2020000219345093,-0.08022163063287735,-0.035966094583272934,1.1920000314712524,0.2481096088886261,0.15389245748519897,1.3494999408721924,-0.13934259116649628,0.1662408858537674,1.2925000190734863,0.1879337728023529,0.21668781340122223,1.190000057220459,0.0047460924834012985,0.25097277760505676,1.187999963760376
