0.060327474027872086,0.048602696508169174,1.0209999084472656,0.09648431092500687,0.028830578550696373,1.1570000648498535,0.029254132881760597,0.017100375145673752,0.9275000095367432,0.11964956670999527,0.04595985263586044,1.1635000705718994,-0.15084409713745117,0.022794131189584732,1.0515000820159912,0.15388421714305878,0.2503059506416321,1.2419999837875366,-0.20648963749408722,0.26689088344573975,1.0399999618530273,0.1430191844701767,0.35534340143203735,1.0575000047683716,0,0,0
0.043612249195575714,0.05335592105984688,1.0169999599456787,0.08235245943069458,0.030333759263157845,1.1430000066757202,0.0186532661318779,0.020019380375742912,0.9235000014305115,0.10941798239946365,0.041881121695041656,1.1549999713897705,-0.1676424890756607,0.02956700511276722,1.0499999523162842,0.14095309376716614,0.24279353022575378,1.2344999313354492,-0.22535090148448944,0.2672758400440216,1.0414999723434448,0.13059096038341522,0.355875164270401,1.0540000200271606,0,0,0
0.032061267644166946,0.05497675761580467,1.0164999961853027,0.06493693590164185,0.03181973099708557,1.1299999952316284,0.0051268320530653,0.024229852482676506,0.9129999876022339,0.08844698965549469,0.051016733050346375,1.1500000953674316,-0.1843923032283783,0.029524769634008408,1.0485000610351562,0.12869007885456085,0.25028684735298157,1.2319999933242798,-0.2487141638994217,0.2569345235824585,1.0475000143051147,0.11637354642152786,0.3524872362613678,1.0490000247955322,-0.11216258257627487,0.3651577830314636,0.9954999685287476
0.018856780603528023,0.058184914290905,1.0150001049041748,0.048286519944667816,0.035356082022190094,1.125999927520752,-0.008124745450913906,0.026980124413967133,0.906000018119812,0.07484590262174606,0.046940430998802185,1.1414999961853027,-0.19279494881629944,0.0329069048166275,1.0479999780654907,0.1143437847495079,0.24549467861652374,1.2279999256134033,-0.2715222239494324,0.25755202770233154,1.0570000410079956,0.10427618026733398,0.3518151640892029,1.0469999313354492,-0.14013373851776123,0.3447969853878021,0.9880000352859497
0.010649256408214569,0.06156503036618233,1.0164999961853027,0.0371902696788311,0.03884918987751007,1.121500015258789,-0.016932925209403038,0.02991616539657116,0.906000018119812,0.06516680121421814,0.044794559478759766,1.1339999437332153,-0.20768092572689056,0.03792870417237282,1.0460000038146973,0.10232172906398773,0.247282937169075,1.2269999980926514,-0.28829383850097656,0.25188717246055603,1.062000036239624,0.09409718960523605,0.3552080988883972,1.0469999313354492,-0.15134002268314362,0.3447969853878021,0.9880000352859497
-0.002519906498491764,0.06630995124578476,1.0134999752044678,0.028066610917448997,0.04061199724674225,1.1200000047683716,-0.027104021981358528,0.034187644720077515,0.9025000333786011,0.05593009665608406,0.044755056500434875,1.1329998970031738,-0.22758349776268005,0.04800594598054886,1.0440000295639038,0.08808038383722305,0.2483568638563156,1.222499966621399,-0.3011879026889801,0.2474217563867569,1.065000057220459,0.08561470359563828,0.35351163148880005,1.0469999313354492,-0.1561427116394043,0.34159520268440247,0.9880000352859497
-0.012318270280957222,0.06601553410291672,1.0090000629425049,0.013481814414262772,0.04221842810511589,1.1145000457763672,-0.03571915626525879,0.03694785386323929,0.8984999656677246,0.03935529664158821,0.04102899506688118,1.131500005722046,-0.2367085963487625,0.04948335886001587,1.0394999980926514,0.07986185699701309,0.2454691082239151,1.2179999351501465,-0.3166502118110657,0.248349130153656,1.0764999389648438,0.07882870733737946,0.35351163148880005,1.0469999313354492,-0.15934452414512634,0.3383934199810028,0.9880000352859497
-0.01885797269642353,0.06928536295890808,1.0090000629425049,0.008006313815712929,0.041915375739336014,1.1064999103546143,-0.041450195014476776,0.03977086767554283,0.8964999914169312,0.03747214004397392,0.028157781809568405,1.1299999952316284,-0.24539004266262054,0.05422157794237137,1.0334999561309814,0.06987904757261276,0.2391550987958908,1.2160000801086426,-0.3317624628543854,0.24878109991550446,1.0859999656677246,0.07373921573162079,0.3552080988883972,1.0469999313354492,-0.16414721310138702,0.3383934199810028,0.9880000352859497
-0.02535991184413433,0.07244732230901718,1.0074999332427979,-0.0027399477548897266,0.04710173234343529,1.1019999980926514,-0.04555262252688408,0.04388263449072838,0.8914999961853027,0.022672755643725395,0.03706500306725502,1.122499942779541,-0.25327208638191223,0.05913076922297478,1.031499981880188,0.06184474751353264,0.23856507241725922,1.2130000591278076,-0.3395811915397644,0.2528812885284424,1.0885000228881836,0.06864972412586212,0.3552080988883972,1.0469999313354492,-0.1698904186487198,0.34027719497680664,0.9934999942779541
-0.03015228360891342,0.07707609236240387,1.003999948501587,-0.006328362971544266,0.054391827434301376,1.1050000190734863,-0.05253850668668747,0.04943792149424553,0.8875000476837158,0.017116565257310867,0.03865867108106613,1.1160000562667847,-0.2595795691013336,0.06738948822021484,1.0299999713897705,0.057770561426877975,0.24189624190330505,1.2100000381469727,-0.34405431151390076,0.2535782754421234,1.0915000438690186,0.0618637278676033,0.35690462589263916,1.0469999313354492,-0.17398123443126678,0.3419896960258484,0.9984999895095825
-0.03015228360891342,0.08032970875501633,1.003999948501587,-0.011668032966554165,0.05602975934743881,1.1019999980926514,-0.05532095581293106,0.052225593477487564,0.8860000371932983,0.013469717465341091,0.03857206553220749,1.1134999990463257,-0.2638157904148102,0.07551360875368118,1.0269999504089355,0.05580994859337807,0.23797504603862762,1.2100000381469727,-0.3462981879711151,0.25392675399780273,1.093000054359436,0.058610349893569946,0.356056272983551,1.0494999885559082,-0.1754479855298996,0.353071004152298,1.0260000228881836
-0.031889889389276505,0.0806097462773323,1.0074999332427979,-0.011609799228608608,0.05575012043118477,1.096500039100647,-0.0551336370408535,0.05204875394701958,0.8830000162124634,0.011628798209130764,0.036652252078056335,1.1099998950958252,-0.26636359095573425,0.0769522413611412,1.0239999294281006,0.05982990562915802,0.24229606986045837,1.2120000123977661,-0.3462981879711151,0.25392675399780273,1.093000054359436,0.05373813584446907,0.3575829863548279,1.0540000200271606,-0.1778268963098526,0.3664887547492981,1.059999942779541
-0.02871013805270195,0.0808497741818428,1.0104999542236328,-0.008026998490095139,0.05554674193263054,1.0924999713897705,-0.05215371400117874,0.05193086341023445,0.8809999823570251,0.01160784624516964,0.040176872164011,1.1080000400543213,-0.2655832767486572,0.08003552258014679,1.0210000276565552,0.05982990562915802,0.23836839199066162,1.2120000123977661,-0.34275609254837036,0.2610108256340027,1.093000054359436,0.05046568810939789,0.3603134751319885,1.0570000410079956,-0.17511773109436035,0.3699330687522888,1.0750000476837158
-0.02404535561800003,0.07838116586208344,1.0210000276565552,-0.0027163273189216852,0.0520063154399395,1.0924999713897705,-0.04641726613044739,0.05047468841075897,0.8804999589920044,0.011592131108045578,0.03653668239712715,1.1064999103546143,-0.2578244209289551,0.07803570479154587,1.0164999961853027,0.06184474751353264,0.234634131193161,1.2130000591278076,-0.3387485146522522,0.260652631521225,1.0915000438690186,0.05046568810939789,0.3603134751319885,1.0570000410079956,-0.16749197244644165,0.3705887496471405,1.0820000171661377
-0.014174453914165497,0.0753665566444397,1.024999976158142,0.006131983362138271,0.04667431116104126,1.0920000076293945,-0.03770652040839195,0.044589925557374954,0.8769999742507935,0.013470172882080078,0.04197268560528755,0.9819999933242798,-0.2535286843776703,0.07772863656282425,1.0125000476837158,0.06964917480945587,0.2403322160243988,1.2120000123977661,-0.33567196130752563,0.268094927072525,1.093000054359436,0.04875298589468002,0.3603134751319885,1.0570000410079956,-0.16159150004386902,0.3731575012207031,1.0894999504089355
-0.0042832703329622746,0.0699300467967987,1.0429999828338623,0.013511324301362038,0.03571680188179016,0.9850000143051147,-0.02906382456421852,0.038750533014535904,0.8734999895095825,0.0182437002658844,0.03879035264253616,0.9819999933242798,-0.24447765946388245,0.07419010996818542,1.0090000629425049,0.07357688248157501,0.23836839199066162,1.2120000123977661,-0.3306611478328705,0.27011287212371826,1.0940001010894775,0.047107040882110596,0.3625399172306061,1.058500051498413,-0.15060371160507202,0.376582533121109,1.0994999408721924
0.0110892653465271,0.06582391262054443,1.058500051498413,0.02468358352780342,0.02933269552886486,0.9850000143051147,-0.017690101638436317,0.034405700862407684,0.8710000514984131,0.02619958110153675,0.04038151726126671,0.9819999933242798,-0.23560044169425964,0.0739695206284523,1.00600004196167,0.07756854593753815,0.234634131193161,1.2130000591278076,-0.3220919668674469,0.2756825387477875,1.0950000286102295,0.05581421032547951,0.36167699098587036,1.0609999895095825,-0.14439091086387634,0.3807729184627533,1.1064999103546143
0.02348792739212513,0.058221813291311264,1.0764999389648438,0.03425980359315872,0.02294858731329441,0.9850000143051147,-0.003576921299099922,0.027349157258868217,0.8710000514984131,0.03098887763917446,0.03562615066766739,0.9824999570846558,-0.22885246574878693,0.07552441954612732,1.0049999952316284,0.08543045073747635,0.2326686829328537,1.2130000591278076,-0.31450778245925903,0.2821601331233978,1.0994999408721924,0.06117289885878563,0.35942041873931885,1.064500093460083,-0.1270904242992401,0.38807106018066406,1.1119999885559082
0.04516224190592766,0.04855462163686752,1.0945000648498535,0.05341224744915962,0.011776398867368698,0.9850000143051147,0.011947577819228172,0.020292609930038452,0.8710000514984131,0.03894880786538124,0.03881010040640831,0.9824999570846558,-0.21745334565639496,0.07552441954612732,1.0049999952316284,0.0933692529797554,0.226959228515625,1.2139999866485596,-0.29847368597984314,0.28750479221343994,1.0994999408721924,0.06999386847019196,0.3517848253250122,1.0674999952316284,-0.1162794977426529,0.3898729085922241,1.1119999885559082
0.06702052801847458,0.036454133689403534,1.1039999723434448,0.06509663164615631,0.002018186030909419,0.9035000205039978,0.027472076937556267,0.013236063532531261,0.8710000514984131,0.04497082531452179,0.04167349264025688,0.9750000238418579,-0.19781355559825897,0.08036971092224121,1.004499912261963,0.10345976054668427,0.21371647715568542,1.2170000076293945,-0.2830830216407776,0.29537975788116455,1.1089999675750732,0.08056037873029709,0.3387385904788971,1.0699999332427979,-0.10019809007644653,0.39400726556777954,1.1134999990463257
