-0.017786337062716484,0.03440689295530319,1.0420000553131104,0.005823137704282999,0.0073572429828345776,1.0369999408721924,-0.045750103890895844,0.01183019857853651,0.9894999861717224,0.16971983015537262,-0.008866087533533573,1.184000015258789,-0.09067821502685547,-0.0055158426985144615,0.9399999976158142,0.2544545531272888,0.23232059180736542,1.2319999933242798,-0.18645477294921875,0.18810108304023743,1.2044999599456787,0.10382866114377975,0.19779539108276367,1.0959999561309814,-0.0948113352060318,0.17672444880008698,1.034999966621399
-0.012733354233205318,0.032749906182289124,1.0429999828338623,0.014252047054469585,0.005687907803803682,1.0390000343322754,-0.04104355722665787,0.01186008844524622,0.9919999837875366,0.17900937795639038,-0.008851111866533756,1.1820000410079956,-0.08440575003623962,-0.010063720867037773,0.937999963760376,0.26201358437538147,0.2359294891357422,1.2300000190734863,-0.1839911937713623,0.18761757016181946,1.2139999866485596,0.10521914809942245,0.20238173007965088,1.0920000076293945,-0.09362918883562088,0.17597761750221252,1.0404999256134033
-0.007674325257539749,0.03279700502753258,1.0444999933242798,0.019330518320202827,0.004010163713246584,1.0404999256134033,-0.03622141852974892,0.008645349182188511,0.9919999837875366,0.18635448813438416,-0.010748126544058323,1.1800000667572021,-0.07680634409189224,-0.010063720867037773,0.937999963760376,0.2693271338939667,0.2313777357339859,1.2269999980926514,-0.17655803263187408,0.18808120489120483,1.2170000076293945,0.10865838080644608,0.2021964192390442,1.0910000801086426,-0.09047412872314453,0.17471042275428772,1.0429999828338623
-0.0009058347786776721,0.03284410759806633,1.0460000038146973,0.022702449932694435,0.0023242083843797445,1.0404999256134033,-0.031399279832839966,0.01025271788239479,0.9919999837875366,0.19160214066505432,-0.00881366990506649,1.1770000457763672,-0.07528647035360336,-0.011583592742681503,0.937999963760376,0.2730807065963745,0.23516222834587097,1.2259999513626099,-0.17303963005542755,0.18063761293888092,1.2200000286102295,0.11183404177427292,0.1962614208459854,1.0875000953674316,-0.0892522931098938,0.17563173174858093,1.0485000610351562
0.0007897972827777267,0.029482526704669,1.0469999313354492,0.02438841387629509,0.0023242083843797445,1.0404999256134033,-0.026603931561112404,0.008654064498841763,0.9929999709129333,0.19698825478553772,-0.01260647363960743,1.1749999523162842,-0.07224670052528381,-0.011583592742681503,0.937999963760376,0.27207836508750916,0.23034058511257172,1.2214999198913574,-0.16342300176620483,0.17895370721817017,1.222000002861023,0.11822662502527237,0.19517859816551208,1.0815000534057617,-0.08075764775276184,0.17563173174858093,1.0485000610351562
0.0024862955324351788,0.029482526704669,1.0469999313354492,0.026074381545186043,0.0006382529973052442,1.0404999256134033,-0.026603931561112404,0.0070450748316943645,0.9929999709129333,0.20045429468154907,-0.012585017830133438,1.1730000972747803,-0.06464730203151703,-0.010063720867037773,0.937999963760376,0.2772195041179657,0.2356012761592865,1.2179999351501465,-0.16263197362422943,0.18426093459129333,1.2309999465942383,0.114191435277462,0.19427622854709625,1.0764999389648438,-0.07813449949026108,0.1739586889743805,1.059000015258789
0.004188786260783672,0.026126934215426445,1.0485000610351562,0.031147241592407227,-0.0027349714655429125,1.0410000085830688,-0.026603931561112404,0.0038270954973995686,0.9929999709129333,0.2058047503232956,-0.016358375549316406,1.1710000038146973,-0.0678313821554184,-0.016177626326680183,0.9399999976158142,0.27699193358421326,0.22752009332180023,1.2170000076293945,-0.157793328166008,0.1795804649591446,1.2400000095367432,0.1229129284620285,0.19427622854709625,1.0764999389648438,-0.07861407846212387,0.17502643167972565,1.065500020980835
0.005887715145945549,0.026126934215426445,1.0485000610351562,0.031132278963923454,-0.004419613163918257,1.0404999256134033,-0.024994932115077972,0.0022181058302521706,0.9929999709129333,0.2035590559244156,-0.012542099691927433,1.1689999103546143,-0.06648462265729904,-0.011639164760708809,0.9424999952316284,0.2789638936519623,0.23343592882156372,1.2170000076293945,-0.1601891666650772,0.18404307961463928,1.2430000305175781,0.11925792694091797,0.19574740529060364,1.0750000476837158,-0.07530220597982407,0.1753549575805664,1.0674999952316284
0.0041907839477062225,0.022739935666322708,1.0490000247955322,0.02944631315767765,-0.004419613163918257,1.0404999256134033,-0.026603931561112404,0.0006091161048971117,0.9929999709129333,0.20338493585586548,-0.012531371787190437,1.1679999828338623,-0.0650608241558075,-0.013187281787395477,0.9440000057220459,0.2787346839904785,0.2332441210746765,1.2160000801086426,-0.1584295928478241,0.18433919548988342,1.2450000047683716,0.11724276840686798,0.1935543566942215,1.0724999904632568,-0.07540801912546158,0.17560136318206787,1.069000005722046
0.0041907839477062225,0.022739935666322708,1.0490000247955322,0.029432164505124092,-0.007787779439240694,1.0399999618530273,-0.024994932115077972,-0.0009998735040426254,0.9929999709129333,0.20510175824165344,-0.016302498057484627,1.1670000553131104,-0.06393501907587051,-0.014810414053499699,0.949999988079071,0.27630913257598877,0.226959228515625,1.2139999866485596,-0.156412273645401,0.18030458688735962,1.2450000047683716,0.11925792694091797,0.19226369261741638,1.0750000476837158,-0.07572545856237411,0.17460113763809204,1.0735000371932983
0.002491045044735074,0.019340477883815765,1.0490000247955322,0.027720332145690918,-0.00946381688117981,1.0390000343322754,-0.026577139273285866,-0.0042136055417358875,0.9919999837875366,0.20321083068847656,-0.012520643882453442,1.1670000553131104,-0.05978533998131752,-0.008721467107534409,0.9574999809265137,0.27850544452667236,0.22911489009857178,1.215000033378601,-0.16057579219341278,0.17439261078834534,1.246000051498413,0.11914698779582977,0.19382505118846893,1.0740000009536743,-0.07771745324134827,0.1751703917980194,1.0770000219345093
0.002491045044735074,0.019340477883815765,1.0490000247955322,0.027720332145690918,-0.00946381688117981,1.0390000343322754,-0.024994932115077972,-0.005826842505484819,0.9929999709129333,0.20338493585586548,-0.014423918910324574,1.1679999828338623,-0.06457436829805374,-0.013403809629380703,0.9594999551773071,0.2765367329120636,0.2330522984266281,1.215000033378601,-0.16057579219341278,0.17641155421733856,1.246000051498413,0.11740674078464508,0.19556529819965363,1.0740000009536743,-0.07957323640584946,0.173666849732399,1.0785000324249268
0.0041907839477062225,0.017640748992562294,1.0490000247955322,0.027720332145690918,-0.01114734262228012,1.0390000343322754,-0.02338593266904354,-0.00743583170697093,0.9929999709129333,0.2035590559244156,-0.0144362673163414,1.1689999103546143,-0.06460802257061005,-0.014966312795877457,0.9599999785423279,0.2765367329120636,0.2330522984266281,1.215000033378601,-0.15912947058677673,0.17704865336418152,1.250499963760376,0.11740674078464508,0.19556529819965363,1.0740000009536743,-0.0780421793460846,0.17414993047714233,1.0815000534057617
0.002491045044735074,0.015941021963953972,1.0490000247955322,0.027747008949518204,-0.014528360217809677,1.0399999618530273,-0.025083031505346298,-0.010691363364458084,0.9965000152587891,0.2035590559244156,-0.0144362673163414,1.1689999103546143,-0.06464166939258575,-0.013417779467999935,0.9605000019073486,0.2765367329120636,0.23108358681201935,1.215000033378601,-0.1619289517402649,0.17789815366268158,1.256500005722046,0.11724276840686798,0.1935543566942215,1.0724999904632568,-0.07833081483840942,0.1747940331697464,1.0855000019073486
0.004184791352599859,0.012523631565272808,1.0475000143051147,0.031132278963923454,-0.0162212997674942,1.0404999256134033,-0.025171130895614624,-0.012349246069788933,1.0,0.20545323193073273,-0.016330435872077942,1.1689999103546143,-0.06619801372289658,-0.013417779467999935,0.9605000019073486,0.27434200048446655,0.226959228515625,1.2139999866485596,-0.1603383719921112,0.17839369177818298,1.2599999904632568,0.11724276840686798,0.1900787353515625,1.0724999904632568,-0.07851122319698334,0.17343367636203766,1.0880000591278076
0.004168810788542032,0.010784991085529327,1.0434999465942383,0.029488766565918922,-0.0179330725222826,1.0420000553131104,-0.026791471987962723,-0.013969577848911285,1.0,0.2039073407649994,-0.016358375549316406,1.1710000038146973,-0.06619801372289658,-0.013417779467999935,0.9605000019073486,0.27434200048446655,0.226959228515625,1.2139999866485596,-0.16250889003276825,0.17649203538894653,1.2610000371932983,0.11898057907819748,0.1900787353515625,1.0724999904632568,-0.08042172342538834,0.17375248670578003,1.090000033378601
0.00415283115580678,0.009059315547347069,1.0394999980926514,0.029559515416622162,-0.0213609728962183,1.0444999933242798,-0.026791471987962723,-0.01721024140715599,1.0,0.20235496759414673,-0.014485666528344154,1.1730000972747803,-0.06800124794244766,-0.016590671613812447,0.9639999866485596,0.27630913257598877,0.226959228515625,1.2139999866485596,-0.16046564280986786,0.18057852983474731,1.2610000371932983,0.11707880347967148,0.19154830276966095,1.071000099182129,-0.07879986613988876,0.1740712970495224,1.0920000076293945
0.00415283115580678,0.007374980021268129,1.0394999980926514,0.0296302642673254,-0.02141209878027439,1.0469999313354492,-0.026791471987962723,-0.018830573186278343,1.0,0.2044297307729721,-0.016400285065174103,1.1740000247955322,-0.06357793509960175,-0.016659513115882874,0.9679999947547913,0.27366405725479126,0.22639837861061096,1.2109999656677246,-0.16046564280986786,0.18057852983474731,1.2610000371932983,0.12245621532201767,0.1900787353515625,1.0724999904632568,-0.07879986613988876,0.1740712970495224,1.0920000076293945
0.0024684853851795197,0.004006309900432825,1.0394999980926514,0.029658565297722816,-0.02482876554131508,1.0479999780654907,-0.026791471987962723,-0.02369157038629055,1.0,0.2063320130109787,-0.014498014934360981,1.1740000247955322,-0.06364361196756363,-0.015106622129678726,0.968999981880188,0.271701842546463,0.22639837861061096,1.2109999656677246,-0.16046564280986786,0.18057852983474731,1.2610000371932983,0.11903604120016098,0.1901673525571823,1.0729999542236328,-0.07883594185113907,0.17238077521324158,1.0924999713897705
0.0024684853851795197,0.002321974840015173,1.0394999980926514,0.029658565297722816,-0.02652687206864357,1.0479999780654907,-0.026791471987962723,-0.025311902165412903,1.0,0.20304499566555023,-0.014535062946379185,1.1770000457763672,-0.07304491102695465,-0.017821205779910088,1.0355000495910645,0.27389004826545715,0.22854916751384735,1.2120000123977661,-0.16046564280986786,0.17853528261184692,1.2610000371932983,0.11724276840686798,0.1918165534734726,1.0724999904632568,-0.07706572860479355,0.17238077521324158,1.0924999713897705
