-0.2280070036649704,-0.020781366154551506,1.2074999809265137,-0.2055993527173996,-0.05939573049545288,1.2374999523162842,-0.22312597930431366,-0.042179469019174576,1.0160000324249268,-0.14732195436954498,-0.0486469566822052,1.2709999084472656,-0.4024982154369354,0.019028129056096077,1.131500005722046,-0.08694026619195938,0.13753648102283478,1.4294999837875366,-0.4394387900829315,0.22798526287078857,1.2409999370574951,-0.11266469955444336,0.22390180826187134,1.274999976158142,-0.25988665223121643,0.2476929873228073,1.0515000820159912
-0.24561607837677002,-0.020781366154551506,1.2074999809265137,-0.22283264994621277,-0.059179749339818954,1.2330000400543213,-0.24006028473377228,-0.040612999349832535,1.0180000066757202,-0.16173814237117767,-0.046587519347667694,1.2709999084472656,-0.41441234946250916,0.019070172682404518,1.1340000629425049,-0.09841828048229218,0.13739216327667236,1.4279999732971191,-0.45461103320121765,0.2245049923658371,1.24399995803833,-0.12119314819574356,0.226185604929924,1.2999999523162842,-0.2735169529914856,0.2476929873228073,1.0515000820159912
-0.26353463530540466,-0.024541089311242104,1.2000000476837158,-0.24461081624031067,-0.06112799793481827,1.2319999933242798,-0.25705939531326294,-0.04069278761744499,1.0199999809265137,-0.17217078804969788,-0.04662417620420456,1.2719999551773071,-0.4269377887248993,0.019137438386678696,1.1380000114440918,-0.10778678208589554,0.1352202147245407,1.4294999837875366,-0.4650631546974182,0.22468547523021698,1.2450000047683716,-0.13390392065048218,0.23206764459609985,1.3215000629425049,-0.2863936126232147,0.2502269148826599,1.0550000667572021
-0.28103432059288025,-0.0225966889411211,1.2000000476837158,-0.2605808973312378,-0.06112799793481827,1.2319999933242798,-0.2719341218471527,-0.042345527559518814,1.0199999809265137,-0.180415078997612,-0.04250204935669899,1.2719999551773071,-0.44061845541000366,0.021018249914050102,1.1399999856948853,-0.11729754507541656,0.14014624059200287,1.4325000047683716,-0.4735124707221985,0.2268848866224289,1.246000051498413,-0.14928722381591797,0.2326822727918625,1.3250000476837158,-0.29577961564064026,0.24750982224941254,1.058000087738037
-0.3002280294895172,-0.020635079592466354,1.1990000009536743,-0.2792910933494568,-0.05886777117848396,1.2265000343322754,-0.2866683006286621,-0.04067284241318703,1.0195000171661377,-0.1948426067829132,-0.03837992250919342,1.2719999551773071,-0.45414555072784424,0.022895514965057373,1.1414999961853027,-0.12671466171741486,0.13796943426132202,1.434000015258789,-0.48632410168647766,0.22612923383712769,1.253000020980835,-0.16098815202713013,0.2384069561958313,1.3329999446868896,-0.3162727952003479,0.24535004794597626,1.0635000467300415
-0.3114718794822693,-0.018551994115114212,1.190000057220459,-0.2916486859321594,-0.05855579301714897,1.2200000286102295,-0.3015357553958893,-0.04067284241318703,1.0195000171661377,-0.20927013456821442,-0.03837992250919342,1.2719999551773071,-0.4640026092529297,0.024777641519904137,1.1430000066757202,-0.13368536531925201,0.14261655509471893,1.434000015258789,-0.4979966878890991,0.2297983318567276,1.2619999647140503,-0.17544834315776825,0.24264226853847504,1.3445000648498535,-0.32017022371292114,0.2474217563867569,1.065000057220459
-0.32385188341140747,-0.02017040178179741,1.1719999313354492,-0.3079181909561157,-0.056300725787878036,1.2139999866485596,-0.3152143061161041,-0.037423960864543915,1.0209999084472656,-0.2096814215183258,-0.036390241235494614,1.2744998931884766,-0.4736769199371338,0.024799320846796036,1.1440000534057617,-0.14124459028244019,0.14321328699588776,1.440000057220459,-0.5087832808494568,0.2330373078584671,1.2684999704360962,-0.1868261694908142,0.24108971655368805,1.3480000495910645,-0.335857093334198,0.24708031117916107,1.071000099182129
-0.3322426676750183,-0.01998969539999962,1.1614999771118164,-0.3166921138763428,-0.057715851813554764,1.2024999856948853,-0.3275951147079468,-0.03751559928059578,1.0234999656677246,-0.22268204391002655,-0.04891488328576088,1.277999997138977,-0.4767776429653168,0.026722874492406845,1.1470000743865967,-0.1460631638765335,0.1386910378932953,1.441499948501587,-0.522538423538208,0.2283913642168045,1.2769999504089355,-0.19337883591651917,0.24327391386032104,1.3480000495910645,-0.349359393119812,0.2523004710674286,1.0859999656677246
-0.3433869481086731,-0.018099885433912277,1.1610000133514404,-0.32633474469184875,-0.05541957542300224,1.1949999332427979,-0.33588719367980957,-0.0358571894466877,1.0234999656677246,-0.22519248723983765,-0.049010567367076874,1.2804999351501465,-0.4857174754142761,0.0287807397544384,1.1549999713897705,-0.14727909862995148,0.13749045133590698,1.4535000324249268,-0.536842405796051,0.2267993539571762,1.2914999723434448,-0.20121608674526215,0.24219109117984772,1.3420000076293945,-0.36356309056282043,0.25307852029800415,1.097000002861023
-0.3472268283367157,-0.01613486185669899,1.1549999713897705,-0.3335208594799042,-0.055326830595731735,1.193000078201294,-0.34252089262008667,-0.03419877961277962,1.0234999656677246,-0.22934217751026154,-0.05108540505170822,1.2804999351501465,-0.48971256613731384,0.025243712589144707,1.1644999980926514,-0.14819104969501495,0.1359720379114151,1.462499976158142,-0.5460547208786011,0.22257034480571747,1.3034999370574951,-0.2042999416589737,0.24108971655368805,1.3480000495910645,-0.3600080907344818,0.25485602021217346,1.097000002861023
-0.3505668342113495,-0.012247055768966675,1.1414999961853027,-0.3406810164451599,-0.051374442875385284,1.190999984741211,-0.35017797350883484,-0.030972478911280632,1.0264999866485596,-0.2296108454465866,-0.051145248115062714,1.281999945640564,-0.4947655498981476,0.02540629357099533,1.1719999313354492,-0.1507152020931244,0.13136716187000275,1.4639999866485596,-0.5511106252670288,0.22376559674739838,1.3105000257492065,-0.20648415386676788,0.23672129213809967,1.3480000495910645,-0.36534062027931213,0.25130099058151245,1.097000002861023
-0.3514728844165802,-0.010315467603504658,1.1324999332427979,-0.3460601568222046,-0.04527880251407623,1.183000087738037,-0.3562058210372925,-0.027726735919713974,1.0295000076293945,-0.23168811202049255,-0.055299777537584305,1.281999945640564,-0.4949692487716675,0.02551468461751938,1.1770000457763672,-0.1483430415391922,0.12899500131607056,1.4639999866485596,-0.550872266292572,0.2202725112438202,1.315000057220459,-0.21007052063941956,0.23366715013980865,1.343000054359436,-0.36711814999580383,0.25307852029800415,1.097000002861023
-0.3583378195762634,-0.006636615376919508,1.13100004196167,-0.34560519456863403,-0.042830463498830795,1.1684999465942383,-0.3595421314239502,-0.02439047209918499,1.0295000076293945,-0.2296108454465866,-0.055299777537584305,1.281999945640564,-0.4987540543079376,0.016101215034723282,1.1859999895095825,-0.14597085118293762,0.12899500131607056,1.4639999866485596,-0.5433803796768188,0.2121521532535553,1.317500114440918,-0.21007052063941956,0.229314923286438,1.343000054359436,-0.3813382685184479,0.23708096146583557,1.097000002861023
-0.35770413279533386,-0.004795524757355452,1.128999948501587,-0.34259167313575745,-0.03849242255091667,1.1519999504089355,-0.36121025681495667,-0.02439047209918499,1.0295000076293945,-0.2272673398256302,-0.05938474461436272,1.2804999351501465,-0.4947935938835144,0.02203228697180748,1.1949999332427979,-0.13885430991649628,0.12187850475311279,1.4639999866485596,-0.5400327444076538,0.20477207005023956,1.3250000476837158,-0.20479919016361237,0.22395767271518707,1.3370000123977661,-0.3786441683769226,0.23583969473838806,1.0994999408721924
-0.3512800931930542,-0.006607275456190109,1.125999927520752,-0.33547571301460266,-0.03810817003250122,1.1405000686645508,-0.35557085275650024,-0.024461546912789345,1.0325000286102295,-0.21689309179782867,-0.06560924649238586,1.2804999351501465,-0.48164212703704834,0.012361139990389347,1.1959999799728394,-0.11513250321149826,0.11238984018564224,1.4639999866485596,-0.5230639576911926,0.19355589151382446,1.3365000486373901,-0.19613361358642578,0.21529214084148407,1.3370000123977661,-0.3766946494579315,0.22360260784626007,1.1094999313354492
-0.3421575427055359,-0.008431768976151943,1.125999927520752,-0.32451942563056946,-0.04158421978354454,1.1345000267028809,-0.3477102220058441,-0.024497084319591522,1.034000039100647,-0.20651885867118835,-0.07183375954627991,1.2804999351501465,-0.47158658504486084,0.006569287274032831,1.2000000476837158,-0.10089941322803497,0.11238984018564224,1.4639999866485596,-0.5190201997756958,0.19310875236988068,1.3485000133514404,-0.18495512008666992,0.21056488156318665,1.3344999551773071,-0.3713013529777527,0.21101829409599304,1.1094999313354492
-0.33668404817581177,-0.012080756947398186,1.125999927520752,-0.3161878287792206,-0.045121122151613235,1.13100004196167,-0.34284961223602295,-0.026185162365436554,1.034500002861023,-0.18969760835170746,-0.07174961268901825,1.2790000438690186,-0.465934693813324,-0.0012138445163145661,1.2055000066757202,-0.09141069650650024,0.11476200073957443,1.4639999866485596,-0.5045153498649597,0.18546243011951447,1.3564999103546143,-0.17375193536281586,0.20577660202980042,1.3315000534057617,-0.36590802669525146,0.21101829409599304,1.1094999313354492
-0.3244878947734833,-0.015757683664560318,1.128000020980835,-0.3051922023296356,-0.048786312341690063,1.13100004196167,-0.3332747220993042,-0.03125912323594093,1.0360000133514404,-0.1771245002746582,-0.07376429438591003,1.277999997138977,-0.4453698396682739,0.0007409991812892258,1.2079999446868896,-0.07280431687831879,0.1153499186038971,1.4714999198913574,-0.48705610632896423,0.1885596364736557,1.3629999160766602,-0.16481195390224457,0.20539024472236633,1.3289999961853027,-0.35691919922828674,0.2092205286026001,1.1094999313354492
-0.3085843324661255,-0.02127854712307453,1.1299999952316284,-0.29053133726119995,-0.05245150253176689,1.13100004196167,-0.3178626596927643,-0.03476680815219879,1.0404999256134033,-0.1626289337873459,-0.07376429438591003,1.277999997138977,-0.43470248579978943,-0.009068270213901997,1.2109999656677246,-0.090424083173275,0.16423742473125458,2.185499906539917,-0.4733264446258545,0.18260151147842407,1.3680000305175781,-0.15177704393863678,0.20523568987846375,1.3279999494552612,-0.3501881957054138,0.20803432166576385,1.122499942779541
-0.2975984215736389,-0.028602449223399162,1.1299999952316284,-0.27770310640335083,-0.059781886637210846,1.13100004196167,-0.3090778589248657,-0.045076657086610794,1.0450000762939453,-0.15446650981903076,-0.08003922551870346,1.2790000438690186,-0.41482362151145935,-0.013046360574662685,1.2160000801086426,-0.06563527137041092,0.16069619357585907,2.185499906539917,-0.4560280740261078,0.17475102841854095,1.375999927520752,-0.13456253707408905,0.2009320855140686,1.3279999494552612,-0.3376066982746124,0.18083252012729645,1.1230000257492065
