-0.3555178940296173,-0.22547931969165802,1.317500114440918,-0.32957708835601807,-0.24244265258312225,1.2829999923706055,0,0,0,-0.18416254222393036,-0.0645313635468483,1.3445000648498535,-0.2519421875476837,-0.1622810661792755,1.4594999551773071,-0.1814669370651245,0.19095218181610107,1.5230000019073486,-0.2516351640224457,0.005318622104823589,1.3799999952316284,-0.23200097680091858,0.3904784917831421,1.5815000534057617,-0.387190580368042,0.09160540252923965,1.5980000495910645
-0.34697869420051575,-0.2297488898038864,1.317500114440918,-0.3191826045513153,-0.2466004192829132,1.2829999923706055,0,0,0,-0.17960482835769653,-0.05793105065822601,1.343000054359436,-0.23775285482406616,-0.1646459400653839,1.4594999551773071,-0.18806420266628265,0.1876799762248993,1.5164999961853027,-0.2404547929763794,0.003082564100623131,1.3799999952316284,-0.25226205587387085,0.38498789072036743,1.5800000429153442,-0.38460126519203186,0.09160540252923965,1.5980000495910645
-0.3384394943714142,-0.2318836897611618,1.317500114440918,-0.3108670115470886,-0.25075820088386536,1.2829999923706055,0,0,0,-0.17007321119308472,-0.057650670409202576,1.3365000486373901,-0.22119863331317902,-0.1693756878376007,1.4594999551773071,-0.19278781116008759,0.19240394234657288,1.5149999856948853,-0.22662706673145294,-0.0036190424580127,1.377500057220459,-0.2723979353904724,0.3819437026977539,1.5780000686645508,-0.36828240752220154,0.09847157448530197,1.5835000276565552
-0.329900324344635,-0.2340184599161148,1.317500114440918,-0.3031409680843353,-0.2512468099594116,1.2855000495910645,0,0,0,-0.16247493028640747,-0.05726245045661926,1.3275001049041748,-0.21905863285064697,-0.16718246042728424,1.4609999656677246,-0.1961967796087265,0.19337962567806244,1.503499984741211,-0.22621574997901917,0.005299351643770933,1.375,-0.287101149559021,0.36834046244621277,1.5745000839233398,-0.33916231989860535,0.09493672847747803,1.5674999952316284
-0.32233676314353943,-0.23687022924423218,1.3215000629425049,-0.3000216484069824,-0.2563067674636841,1.2899999618530273,0,0,0,-0.15387091040611267,-0.06156443431973457,1.3275001049041748,-0.21260951459407806,-0.16769739985466003,1.465499997138977,-0.19892938435077667,0.18650123476982117,1.4874999523162842,-0.22398778796195984,0.043174613267183304,1.375,-0.3216906487941742,0.3721383810043335,1.569000005722046,-0.32427605986595154,0.10439220815896988,1.556999921798706
-0.3196185529232025,-0.2423388808965683,1.3279999494552612,-0.2945479154586792,-0.259098082780838,1.2934999465942383,0,0,0,-0.14741791784763336,-0.06156443431973457,1.3275001049041748,-0.2106652855873108,-0.16328178346157074,1.468500018119812,-0.2026541382074356,0.1854982078075409,1.4795000553131104,-0.22398778796195984,0.043174613267183304,1.375,-0.3303793668746948,0.3527613878250122,1.562000036239624,0,0,0
-0.314931720495224,-0.24587148427963257,1.3355000019073486,-0.28904014825820923,-0.26190072298049927,1.2969999313354492,0,0,0,-0.14311589300632477,-0.05941344425082207,1.3275001049041748,-0.2039426565170288,-0.1659996658563614,1.471500039100647,-0.20238016545772552,0.1756712645292282,1.4774999618530273,-0.21507591009140015,0.040946654975414276,1.375,-0.33613309264183044,0.333221435546875,1.5534999370574951,0,0,0
-0.3101719915866852,-0.2494283765554428,1.343000054359436,-0.28538602590560913,-0.2645111680030823,1.2994999885559082,0,0,0,-0.14096489548683167,-0.06156443431973457,1.3275001049041748,-0.19221673905849457,-0.17810262739658356,1.4730000495910645,-0.20238016545772552,0.1756712645292282,1.4774999618530273,0,0,0,-0.34793347120285034,0.3249361515045166,1.5499999523162842,0,0,0
-0.30764150619506836,-0.25310325622558594,1.3510000705718994,-0.2799281179904938,-0.2674374580383301,1.3034999370574951,0,0,0,-0.13451188802719116,-0.05941344425082207,1.3275001049041748,-0.18046648800373077,-0.183062344789505,1.4744999408721924,-0.19998611509799957,0.16848914325237274,1.4774999618530273,0,0,0,-0.3499928116798401,0.3195003569126129,1.5479999780654907,0,0,0
-0.3044978976249695,-0.25633159279823303,1.3564999103546143,-0.27718445658683777,-0.2688736617565155,1.3105000257492065,0,0,0,-0.13290925323963165,-0.06829920411109924,1.3329999446868896,-0.17604555189609528,-0.17864671349525452,1.4774999618530273,-0.19519799947738647,0.16130702197551727,1.4774999618530273,0,0,0,-0.3474845290184021,0.30946725606918335,1.5479999780654907,0,0,0
-0.30065497756004333,-0.2590060532093048,1.3589999675750732,-0.2741871774196625,-0.2743709683418274,1.316499948501587,0,0,0,-0.13330808281898499,-0.07067053765058517,1.3370000123977661,-0.1720108538866043,-0.17943264544010162,1.4839999675750732,-0.19280394911766052,0.16130702197551727,1.4774999618530273,0,0,0,-0.33745136857032776,0.2994341552257538,1.5479999780654907,0,0,0
-0.29712286591529846,-0.2619768977165222,1.3629999160766602,-0.27074089646339417,-0.275204598903656,1.3204998970031738,0,0,0,-0.12520185112953186,-0.0753398984670639,1.343000054359436,-0.16518577933311462,-0.17503534257411957,1.4874999523162842,-0.18624994158744812,0.15945075452327728,1.4824999570846558,0,0,0,-0.3324347734451294,0.3019424378871918,1.5479999780654907,0,0,0
-0.292202353477478,-0.26351457834243774,1.371000051498413,-0.267167866230011,-0.27807939052581787,1.3240000009536743,0,0,0,-0.1236211508512497,-0.07789117097854614,1.3494999408721924,-0.15811428427696228,-0.17762452363967896,1.4889999628067017,-0.17723706364631653,0.15516804158687592,1.4874999523162842,0,0,0,-0.3148767650127411,0.2994341552257538,1.5479999780654907,0,0,0
-0.28912365436553955,-0.2647639214992523,1.377500057220459,-0.2643663287162781,-0.2818121016025543,1.3315000534057617,0,0,0,-0.12813672423362732,-0.07359960675239563,1.3509999513626099,-0.15328890085220337,-0.17279918491840363,1.4889999628067017,-0.17276427149772644,0.16031120717525482,1.4904999732971191,0,0,0,-0.3087417483329773,0.30330780148506165,1.5550000667572021,0,0,0
-0.2885577976703644,-0.26854652166366577,1.3854999542236328,-0.26041179895401,-0.2845635712146759,1.3445000648498535,0,0,0,-0.1303258091211319,-0.0779777467250824,1.3509999513626099,-0.14136771857738495,-0.17297326028347015,1.4904999732971191,-0.16810303926467896,0.15321993827819824,1.4919999837875366,0,0,0,-0.2962675094604492,0.3136654496192932,1.569000005722046,0,0,0
-0.2832467257976532,-0.2744159400463104,1.3925000429153442,-0.26024994254112244,-0.291176974773407,1.3550000190734863,0,0,0,-0.13290724158287048,-0.08259972184896469,1.3550000190734863,-0.11975204199552536,-0.18039993941783905,1.4919999837875366,-0.16624075174331665,0.14888213574886322,1.496999979019165,0,0,0,-0.278391033411026,0.3190292418003082,1.5829999446868896,0,0,0
-0.2796348035335541,-0.2798299491405487,1.3970000743865967,-0.2551608681678772,-0.29952162504196167,1.3629999160766602,0,0,0,-0.1421077698469162,-0.09825777262449265,1.3589999675750732,-0.10524673759937286,-0.1876525580883026,1.4919999837875366,-0.16225190460681915,0.13748475909233093,1.5049999952316284,0,0,0,-0.2544972896575928,0.32382893562316895,1.5940001010894775,0,0,0
-0.2770768702030182,-0.29095226526260376,1.4070000648498535,-0.2541586458683014,-0.30760714411735535,1.369499921798706,0,0,0,-0.14473456144332886,-0.10296400636434555,1.3629999160766602,-0.09347117692232132,-0.193132683634758,1.496999979019165,-0.16050352156162262,0.11848549544811249,1.5115000009536743,0,0,0,-0.22974495589733124,0.32016268372535706,1.6015000343322754,0,0,0
-0.27493828535079956,-0.30273735523223877,1.4194999933242798,-0.2521821856498718,-0.3196030855178833,1.3830000162124634,0,0,0,-0.14515931904315948,-0.10991116613149643,1.3669999837875366,-0.08413229882717133,-0.20615211129188538,1.503499984741211,-0.1584203541278839,0.11630506068468094,1.5149999856948853,0,0,0,-0.21087728440761566,0.31782451272010803,1.6159999370574951,0,0,0
-0.26676762104034424,-0.30852827429771423,1.4249999523162842,-0.247944176197052,-0.32962924242019653,1.3970000743865967,0,0,0,-0.14336258172988892,-0.11911868304014206,1.371000051498413,-0.07453598827123642,-0.2090044915676117,1.506500005722046,-0.14874820411205292,0.10659128427505493,1.5164999961853027,-0.03683827444911003,0.009755264967679977,1.375,-0.1948118358850479,0.3189120590686798,1.6349999904632568,0,0,0
