-0.05666692554950714,-0.30728858709335327,1.4859999418258667,-0.02855795808136463,-0.3506358861923218,1.527999997138977,-0.0869327262043953,-0.3346027135848999,1.468500018119812,0.08145929127931595,-0.2273768037557602,1.5485000610351562,-0.1504545956850052,-0.2726030647754669,1.6719999313354492,0.09562395513057709,0.019894342869520187,1.6640000343322754,-0.17052341997623444,-0.05245558172464371,1.7384999990463257,-0.042803507298231125,0.18014246225357056,1.7005000114440918,-0.1792040765285492,0.13433629274368286,1.8270000219345093
-0.018159985542297363,-0.31241923570632935,1.4874999523162842,0.01105616707354784,-0.35311171412467957,1.527999997138977,-0.04876134544610977,-0.3386683464050293,1.465499997138977,0.1100454032421112,-0.23702780902385712,1.5625,-0.13756361603736877,-0.27662956714630127,1.6800000667572021,0.13130342960357666,0.003734816564247012,1.6719999313354492,-0.15989680588245392,-0.05832337588071823,1.745500087738037,-0.01543791126459837,0.16563066840171814,1.7214999198913574,-0.1547124832868576,0.13363777101039886,1.8174999952316284
0.0011232170509174466,-0.3175596296787262,1.4889999628067017,0.028387347236275673,-0.3580634891986847,1.527999997138977,-0.029764456674456596,-0.34341755509376526,1.465499997138977,0.12579715251922607,-0.2406328171491623,1.5694999694824219,-0.13001325726509094,-0.2779468297958374,1.687999963760376,0.15044766664505005,-0.004398023243993521,1.6740000247955322,-0.15197570621967316,-0.0642182007431984,1.7519999742507935,-0.0015016419347375631,0.16121402382850647,1.7339999675750732,-0.13983358442783356,0.13643242418766022,1.815500020980835
0.02286042831838131,-0.32029464840888977,1.4904999732971191,0.05067029222846031,-0.36301520466804504,1.527999997138977,-0.010767566971480846,-0.34816673398017883,1.465499997138977,0.14660774171352386,-0.24139940738677979,1.5744999647140503,-0.11935488879680634,-0.27860549092292786,1.6920000314712524,0.1696372777223587,-0.01526598259806633,1.6759999990463257,-0.14094142615795135,-0.05867421627044678,1.75600004196167,0.021133000031113625,0.159591943025589,1.746999979019165,-0.1247803196310997,0.13312307000160217,1.810499906539917
0.04232288524508476,-0.3262155055999756,1.4954999685287476,0.0729532316327095,-0.3679669201374054,1.527999997138977,0.010582228191196918,-0.3521934747695923,1.462499976158142,0.1629948914051056,-0.24557746946811676,1.5850000381469727,-0.10592776536941528,-0.28209537267684937,1.6965000629425049,0.1863751858472824,-0.015302417799830437,1.6800000667572021,-0.1382533758878708,-0.05304395407438278,1.7580000162124634,0.04126458987593651,0.15797260403633118,1.7604999542236328,-0.10953440517187119,0.13826100528240204,1.8009999990463257
0.061914972960948944,-0.3321687877178192,1.500499963760376,0.09285135567188263,-0.3708064556121826,1.5295000076293945,0.031844522804021835,-0.3562007546424866,1.4594999551773071,0.1796424835920334,-0.24986782670021057,1.5959999561309814,-0.09507201611995697,-0.28251105546951294,1.6990000009536743,0.20294955372810364,-0.020771432667970657,1.6820000410079956,-0.13274475932121277,-0.05026679113507271,1.7604999542236328,0.06163286790251732,0.15326206386089325,1.7720000743865967,-0.10038799047470093,0.14063048362731934,1.7940000295639038
0.08152823895215988,-0.3352690637111664,1.503499984741211,0.11267786473035812,-0.3732847571372986,1.5295000076293945,0.05076363682746887,-0.35856565833091736,1.4594999551773071,0.19323644042015076,-0.25591883063316345,1.6015000343322754,-0.07855424284934998,-0.28251105546951294,1.6990000009536743,0.2220274657011032,-0.03439842537045479,1.6820000410079956,-0.12482178956270218,-0.05339094251394272,1.7695000171661377,0.09416346997022629,0.1432173252105713,1.7899999618530273,-0.08618851751089096,0.14993387460708618,1.8009999990463257
0.10366032272577286,-0.3408201038837433,1.506500005722046,0.13250437378883362,-0.37576305866241455,1.5295000076293945,0.06968274712562561,-0.36093053221702576,1.4594999551773071,0.21473118662834167,-0.256797730922699,1.6069999933242798,-0.05928351357579231,-0.28251105546951294,1.6990000009536743,0.23348306119441986,-0.031748346984386444,1.686000108718872,-0.11160971224308014,-0.05393405631184578,1.787500023841858,0.12087187170982361,0.1322775036096573,1.7990000247955322,-0.06576085835695267,0.15577030181884766,1.8009999990463257
0.12098809331655502,-0.3439447283744812,1.5095000267028809,0.15233087539672852,-0.3782413601875305,1.5295000076293945,0.08860186487436295,-0.36566027998924255,1.4594999551773071,0.22959305346012115,-0.2615000605583191,1.6200000047683716,-0.04562588036060333,-0.2831762135028839,1.7030000686645508,0.24714255332946777,-0.039943989366292953,1.686000108718872,-0.10091958194971085,-0.05441682040691376,1.8034999370574951,0.16253560781478882,0.135906383395195,1.808500051498413,-0.0482514426112175,0.1674431711435318,1.8009999990463257
0.1433328241109848,-0.34474220871925354,1.5130000114440918,0.1721573770046234,-0.3807196319103241,1.5295000076293945,0.10752098262310028,-0.36802512407302856,1.4594999551773071,0.2511056065559387,-0.26480919122695923,1.6405000686645508,-0.034506864845752716,-0.28251105546951294,1.6990000009536743,0.2641591727733612,-0.045515477657318115,1.690000057220459,-0.08088742196559906,-0.03707749396562576,1.812999963760376,0.18741841614246368,0.13991153240203857,1.8224999904632568,-0.021987317129969597,0.1849524825811386,1.8009999990463257
0.16086514294147491,-0.34799692034721375,1.5164999961853027,0.18702726066112518,-0.38319796323776245,1.5295000076293945,0.1266999989748001,-0.3687816262245178,1.462499976158142,0.26121214032173157,-0.2696683704853058,1.6540000438690186,-0.015236139297485352,-0.2852639853954315,1.6990000009536743,0.27891969680786133,-0.04569053649902344,1.6965000629425049,-0.05738598108291626,-0.04001515358686447,1.812999963760376,0.22340556979179382,0.1372966319322586,1.8270000219345093,0.004276808351278305,0.1761978268623352,1.8009999990463257
0.17676660418510437,-0.3527650833129883,1.5264999866485596,0.20800331234931946,-0.3853275179862976,1.5379999876022339,0.1446598917245865,-0.3770967125892639,1.4765000343322754,0.2732475697994232,-0.2763586640357971,1.6619999408721924,0.004034590441733599,-0.29076990485191345,1.6990000009536743,0.2979380488395691,-0.05439821258187294,1.7109999656677246,-0.04269757866859436,-0.04001515358686447,1.812999963760376,0.25892993807792664,0.14617767930030823,1.8270000219345093,0.030659636482596397,0.17102354764938354,1.8079999685287476
0.193050816655159,-0.3604068160057068,1.5379999876022339,0.22447797656059265,-0.3929763734340668,1.5485000610351562,0.16019916534423828,-0.3823162913322449,1.4874999523162842,0.28504493832588196,-0.2827617824077606,1.6679999828338623,0.017773205414414406,-0.28759315609931946,1.6965000629425049,0.31282052397727966,-0.05787229165434837,1.7319999933242798,-0.02213381789624691,-0.04589047655463219,1.812999963760376,0.3016081154346466,0.14677776396274567,1.8345000743865967,0.06288500130176544,0.1563757359981537,1.8079999685287476
0.20915287733078003,-0.3649044930934906,1.5464999675750732,0.2352716028690338,-0.3942452371120453,1.5534999370574951,0.17483684420585632,-0.3827018439769745,1.4889999628067017,0.29656535387039185,-0.28343984484672546,1.6719999313354492,0.037015579640865326,-0.2958398461341858,1.6965000629425049,0.33544084429740906,-0.06122172623872757,1.747499942779541,0.0013676242670044303,-0.04589047655463219,1.812999963760376,0.34201282262802124,0.15052573382854462,1.843999981880188,0.09537339210510254,0.13036923110485077,1.812999963760376
0.22144392132759094,-0.37121155858039856,1.5625,0.25150299072265625,-0.4010787010192871,1.560499906539917,0.18566465377807617,-0.3899996876716614,1.4984999895095825,0.3057864010334015,-0.2926137447357178,1.6779999732971191,0.05336711183190346,-0.3005383014678955,1.6920000314712524,0.3497415781021118,-0.07089322060346603,1.7769999504089355,0.02152009680867195,-0.06232529506087303,1.7790000438690186,0.380839079618454,0.14869798719882965,1.8585000038146973,0.11625688523054123,0.10421690344810486,1.8179999589920044
0.23590072989463806,-0.3791648745536804,1.5744999647140503,0.26626157760620117,-0.40938904881477356,1.5729999542236328,0.19746311008930206,-0.3990718424320221,1.5145000219345093,0.31977590918540955,-0.2982367277145386,1.6944999694824219,0.06425753980875015,-0.30839815735816956,1.690000057220459,0.37300723791122437,-0.08375544846057892,1.805999994277954,0.04616942256689072,-0.07464607805013657,1.7304999828338623,0.4123317301273346,0.15334196388721466,1.878499984741211,0.14331865310668945,0.06026159226894379,1.8250000476837158
0.24743427336215973,-0.38634178042411804,1.5829999446868896,0.2783021628856659,-0.41725340485572815,1.5835000276565552,0.2144988477230072,-0.40838104486465454,1.531000018119812,0.33319854736328125,-0.30320265889167786,1.7070000171661377,0.075033038854599,-0.31313198804855347,1.686000108718872,0.38527432084083557,-0.08747371286153793,1.8224999904632568,0.06497996300458908,-0.09864098578691483,1.7089999914169312,0.44391095638275146,0.15385861694812775,1.9230000972747803,0.15219002962112427,0.02773342654109001,1.8250000476837158
0.2620677947998047,-0.391609251499176,1.5940001010894775,0.2892032265663147,-0.4207471013069153,1.5870000123977661,0.22339072823524475,-0.4135453701019287,1.5410000085830688,0.3399210274219513,-0.31259527802467346,1.7130000591278076,0.08837688714265823,-0.31473979353904724,1.6800000667572021,0.40231576561927795,-0.10358534008264542,1.8464999198913574,0.08436411619186401,-0.1180250272154808,1.7089999914169312,0.47785910964012146,0.1377638727426529,1.9600000381469727,0.1792450100183487,0.004086630884557962,1.8294999599456787
0.2733389437198639,-0.39814385771751404,1.5994999408721924,0.30052709579467773,-0.4273659884929657,1.5924999713897705,0.23368142545223236,-0.4190824329853058,1.5429999828338623,0.34439709782600403,-0.31414636969566345,1.7214999198913574,0.0986747145652771,-0.3209841847419739,1.6699999570846558,0.40547505021095276,-0.11042965203523636,1.8610000610351562,0.09953147172927856,-0.1354391723871231,1.684499979019165,0.6511805653572083,0.15656232833862305,2.5850000381469727,0.18813826143741608,-0.022592945024371147,1.8294999599456787
0.2817292809486389,-0.4016124904155731,1.6029999256134033,0.309332937002182,-0.4314313232898712,1.5980000495910645,0.24399802088737488,-0.4221290349960327,1.5449999570846558,0.3560711443424225,-0.3146025836467743,1.7239999771118164,0.10884292423725128,-0.3217518925666809,1.659999966621399,0.4106855094432831,-0.11405467242002487,1.871000051498413,0.1077282652258873,-0.15073786675930023,1.6429998874664307,0.781859815120697,0.1548190712928772,3.0450000762939453,0.1940671056509018,-0.04630812257528305,1.8294999599456787
