0.10233548283576965,0.020621852949261665,1.118499994277954,0.08917611837387085,-0.011429227888584137,0.9255000352859497,0.06257621198892593,-0.0008946501766331494,0.8884999752044678,0.06100049987435341,0.04021073505282402,1.061500072479248,-0.16526088118553162,0.08525258302688599,1.004499912261963,0.12429269403219223,0.19575048983097076,1.2279999256134033,-0.23625721037387848,0.31379979848861694,1.1170001029968262,0.10880672931671143,0.32290297746658325,1.0750000476837158,-0.05906933918595314,0.40193095803260803,1.120500087738037
0.1246938705444336,0.007974485866725445,1.124000072479248,0,0,0,0.08625547587871552,-0.00976867601275444,0.9104999899864197,0.06788047403097153,0.03849074989557266,1.061500072479248,-0.140846386551857,0.09013545513153076,1.004499912261963,0.13095153868198395,0.18678513169288635,1.2344999313354492,-0.20948277413845062,0.31798791885375977,1.11899995803833,0.12769314646720886,0.32137131690979004,1.0875000953674316,-0.015529670752584934,0.4137455224990845,1.1230000257492065
0.17464888095855713,-0.008544092997908592,1.1410000324249268,0,0,0,0.12652991712093353,-0.024898849427700043,0.9244999885559082,0.09330318123102188,0.03381749987602234,1.0770000219345093,-0.08717785030603409,0.08692345768213272,1.0049999952316284,0.1497386246919632,0.1576061248779297,1.2409999370574951,-0.14803342521190643,0.3293077051639557,1.120500087738037,0.1612733155488968,0.2836936414241791,1.1124999523162842,0.04997752234339714,0.4137455224990845,1.1230000257492065
0.3875791132450104,-0.03903282806277275,2.2680001258850098,0,0,0,0.14965589344501495,-0.03286179155111313,0.937999963760376,0.10594180226325989,0.034523990005254745,1.0994999408721924,-0.061122749000787735,0.08692345768213272,1.0049999952316284,0.16178865730762482,0.1473589539527893,1.256500005722046,-0.11732517182826996,0.3279304802417755,1.121999979019165,0.17908982932567596,0.2818264663219452,1.1340000629425049,0.07572128623723984,0.41339311003685,1.1269999742507935
0.6615171432495117,-0.08029072731733322,3.3889999389648438,0,0,0,0.17511998116970062,-0.04108661413192749,0.9524999856948853,0.11663119494915009,0.03096087835729122,1.0994999408721924,-0.036787375807762146,0.08550719916820526,1.0074999332427979,0.15975269675254822,0.13514326512813568,1.256500005722046,-0.08482695370912552,0.32333868741989136,1.125,0.1996852606534958,0.2714669406414032,1.1684999465942383,0.10155666619539261,0.4108315706253052,1.1299999952316284
0.7443351745605469,-0.1176491528749466,3.5209999084472656,0,0,0,0.19567346572875977,-0.050875384360551834,0.9624999761581421,0.12692992389202118,0.019930465146899223,1.0810000896453857,-0.010699225589632988,0.07921243458986282,1.0104999542236328,0.1717582643032074,0.14071090519428253,1.2699999809265137,-0.05240802466869354,0.3239450454711914,1.1334999799728394,0.3406839668750763,0.41009023785591125,1.8695000410079956,0.13688838481903076,0.41062939167022705,1.1345000267028809
0.8586031198501587,-0.15333648025989532,3.69350004196167,0,0,0,0.22873660922050476,-0.06214791163802147,1.0195000171661377,0.13337871432304382,0.007637484930455685,1.0764999389648438,0.012314478866755962,0.07650135457515717,1.0180000066757202,0.17381611466407776,0.15511564910411835,1.2699999809265137,-0.01398471463471651,0.33665502071380615,1.1454999446868896,0.4902523159980774,0.5229959487915039,2.553999900817871,0.17472541332244873,0.4150125980377197,1.1414999961853027
0.9401183128356934,-0.17912311851978302,3.7319998741149902,0,0,0,0.2618023455142975,-0.07290322333574295,1.0810000896453857,0.14384450018405914,-0.004572526551783085,1.0764999389648438,0.047438450157642365,0.07229088246822357,1.028499960899353,0.18204744160175323,0.14482654631137848,1.2699999809265137,0.01580207608640194,0.34043192863464355,1.1519999504089355,0.5049704313278198,0.4962191581726074,2.5869998931884766,0.20993201434612274,0.4169634282588959,1.1519999504089355
1.0120311975479126,-0.2104804962873459,3.752000093460083,0,0,0,0.28791379928588867,-0.08211436867713928,1.0870000123977661,0.15256600081920624,-0.004572526551783085,1.0764999389648438,0.07613766938447952,0.05924541875720024,1.0334999561309814,0.18822094798088074,0.14894218742847443,1.2699999809265137,0.04566821828484535,0.32549893856048584,1.1519999504089355,0.5391377806663513,0.47908034920692444,2.63100004196167,0.26295730471611023,0.45776331424713135,1.253499984741211
1.0876764059066772,-0.2305781990289688,3.7825000286102295,0,0,0,0.3073539137840271,-0.08969272673130035,1.093500018119812,0.1711563766002655,-0.004651106894016266,1.0950000286102295,0.09660559892654419,0.05275033414363861,1.0374999046325684,0.1964522749185562,0.14894218742847443,1.2699999809265137,0.06455794721841812,0.30602502822875977,1.156000018119812,0.5748990774154663,0.4643499255180359,2.7195000648498535,0.2926640510559082,0.5151755213737488,1.4170000553131104
1.1551928520202637,-0.25031423568725586,3.802999973297119,0,0,0,0.33252274990081787,-0.09434482455253601,1.1065000295639038,0.1875510811805725,-0.017273619771003723,1.1080000400543213,0.12276154011487961,0.04468680918216705,1.0455000400543213,0,0,0,0.09297528862953186,0.2995655834674835,1.1600000858306885,0,0,0,0.34219998121261597,0.5441879630088806,1.503499984741211
1.2291388511657715,-0.2688005864620209,3.802999973297119,0,0,0,0.3529856204986572,-0.10225037485361099,1.1145000457763672,0.18788959085941315,-0.03169334679841995,1.1099998950958252,0.1456153243780136,0.034720584750175476,1.0515000820159912,0.19304916262626648,0.1686059832572937,1.247999906539917,0.11177126318216324,0.28264933824539185,1.1600000858306885,0,0,0,0.4297923445701599,0.6908039450645447,1.875
1.2899315357208252,-0.27960944175720215,3.7825000286102295,0,0,0,0.374656081199646,-0.10405623912811279,1.1145000457763672,0.18776750564575195,-0.04468227177858353,1.119999885559082,0.1729581654071808,0.033032506704330444,1.0520000457763672,0,0,0,0.13760945200920105,0.2779284715652466,1.156000018119812,0,0,0,0.5289958715438843,0.8248395323753357,2.2290000915527344
1.3501728773117065,-0.29032400250434875,3.7624998092651367,0,0,0,0.39452067017555237,-0.1076679602265358,1.1145000457763672,0.20775389671325684,-0.05240512639284134,1.1299999952316284,0.19747740030288696,0.026301361620426178,1.0555000305175781,0,0,0,0.16886606812477112,0.2583005428314209,1.1519999504089355,0,0,0,0.5398311018943787,0.8284512162208557,2.2290000915527344
1.4172346591949463,-0.29032400250434875,3.7624998092651367,0,0,0,0.41438522934913635,-0.1076679602265358,1.1145000457763672,0.22240178287029266,-0.056067075580358505,1.1299999952316284,0.21559658646583557,0.02470759116113186,1.0605000257492065,0,0,0,0.18550461530685425,0.25807633996009827,1.1510000228881836,0,0,0,0.5824082493782043,0.8377429842948914,2.254000186920166
1.4842966794967651,-0.29032400250434875,3.7624998092651367,0,0,0,0.4342498481273651,-0.1058621034026146,1.1145000457763672,0.2320690006017685,-0.06720127165317535,1.1324999332427979,0.24584771692752838,0.02481243386864662,1.065000057220459,0,0,0,0.2172098457813263,0.2562113404273987,1.1510000228881836,0,0,0,0.5958443880081177,0.8458602428436279,2.305999994277954
1.0033421516418457,-0.18454957008361816,2.442999839782715,0,0,0,0.4569666385650635,-0.10652700066566467,1.121500015258789,0.250972181558609,-0.06367146968841553,1.1349999904632568,0.2649571895599365,0.024987168610095978,1.0724999904632568,0,0,0,0.2397981584072113,0.2583005428314209,1.1519999504089355,0,0,0,0.6182634830474854,0.8645427227020264,2.305999994277954
0.49777042865753174,-0.08430358022451401,1.1660000085830688,0,0,0,0.47486767172813416,-0.103626549243927,1.129499912261963,0.26406440138816833,-0.06835838407278061,1.1519999504089355,0.28701022267341614,0.02683710679411888,1.0770000219345093,0,0,0,0.2535231113433838,0.2627161741256714,1.1549999713897705,0,0,0,0.6369460821151733,0.8645427227020264,2.305999994277954
0.5166636109352112,-0.07863566279411316,1.1660000085830688,0,0,0,0.5001288056373596,-0.1006300151348114,1.1369999647140503,0.2771308422088623,-0.07209162414073944,1.1519999504089355,0.30795150995254517,0.03207239881157875,1.0770000219345093,0,0,0,0.27881482243537903,0.25987011194229126,1.159000039100647,0,0,0,0.6631015539169312,0.8608061671257019,2.305999994277954
0.5355567932128906,-0.07485704869031906,1.1660000085830688,0,0,0,0.5215165615081787,-0.09749959409236908,1.1434999704360962,0.2920638918876648,-0.06462513655424118,1.1519999504089355,0.3288927972316742,0.03905278816819191,1.0770000219345093,0,0,0,0.29597175121307373,0.2657330632209778,1.1600000858306885,0,0,0,0.5377993583679199,0.6849088668823242,1.819000005722046
