-0.24735121428966522,-0.22019994258880615,1.406499981880188,-0.21850864589214325,-0.2556907832622528,1.4265000820159912,-0.27568352222442627,-0.24887952208518982,1.3884999752044678,-0.12998607754707336,-0.11077190190553665,1.4984999895095825,-0.3930698037147522,-0.10143580287694931,1.5800000429153442,-0.003107926109805703,-0.04379236698150635,1.25,-0.3882274329662323,0.11414721608161926,1.624000072479248,0.06346984952688217,-0.04175521433353424,0.9679999947547913,-0.46206945180892944,0.33996865153312683,1.787500023841858
-0.2458563894033432,-0.21660396456718445,1.3980000019073486,-0.21490898728370667,-0.2518695592880249,1.4179999828338623,-0.27379730343818665,-0.24717670679092407,1.378999948501587,-0.12487659603357315,-0.10368932038545609,1.4670000076293945,-0.39074715971946716,-0.09765536338090897,1.5605000257492065,0.0029161134734749794,-0.03506254777312279,1.2279999256134033,-0.38622140884399414,0.1172041967511177,1.5940001010894775,0.06519625335931778,-0.03933567553758621,0.9474999904632568,-0.45742231607437134,0.33730244636535645,1.758500099182129
-0.2394270896911621,-0.2126522660255432,1.3870000839233398,-0.2099124640226364,-0.24640391767024994,1.4000000953674316,-0.2690028250217438,-0.24041979014873505,1.3659999370574951,-0.12347204983234406,-0.09782249480485916,1.4505000114440918,-0.38262107968330383,-0.09375526010990143,1.5379999876022339,0.0009123781928792596,-0.028654955327510834,1.2095000743865967,-0.38746267557144165,0.11937367916107178,1.5885000228881836,0.059599243104457855,-0.02963128872215748,0.9319999814033508,-0.4511794149875641,0.33550938963890076,1.7345000505447388
-0.23528413474559784,-0.20455557107925415,1.3629999160766602,-0.20251493155956268,-0.2407349795103073,1.380500078201294,-0.2626879811286926,-0.23454439640045166,1.3450000286102295,-0.11778883635997772,-0.0923515111207962,1.438499927520752,-0.37604090571403503,-0.08591441065073013,1.531499981880188,0.002823500894010067,-0.02046297676861286,1.1890000104904175,-0.38026905059814453,0.12897540628910065,1.5799999237060547,0.06127579137682915,-0.023084454238414764,0.9120000004768372,-0.45176512002944946,0.34505200386047363,1.7260000705718994
-0.22404512763023376,-0.19610054790973663,1.3355000019073486,-0.19737648963928223,-0.2306339293718338,1.3604999780654907,-0.2553522288799286,-0.22537876665592194,1.3294999599456787,-0.11206544190645218,-0.08455789089202881,1.4249999523162842,-0.37518152594566345,-0.08076632767915726,1.527999997138977,0.0027807566802948713,-0.014460966922342777,1.1710000038146973,-0.3706567585468292,0.13159197568893433,1.5504999160766602,0.0581260584294796,-0.013820454478263855,0.8865000009536743,-0.44571685791015625,0.34810593724250793,1.7135000228881836
-0.21913984417915344,-0.18726608157157898,1.319000005722046,-0.18816910684108734,-0.22097432613372803,1.3420000076293945,-0.2472672313451767,-0.21986649930477142,1.309499979019165,-0.10887070745229721,-0.07929482311010361,1.4135000705718994,-0.36462509632110596,-0.07516957074403763,1.5149999856948853,0.002724951598793268,-0.00487410556524992,1.1475000381469727,-0.355508416891098,0.13621267676353455,1.5180000066757202,0.06063941866159439,-0.013422911986708641,0.8610000014305115,-0.4445672035217285,0.35606715083122253,1.6984999179840088
-0.2136436104774475,-0.1819511353969574,1.3114999532699585,-0.1831352263689041,-0.2179846316576004,1.3370000123977661,-0.23959022760391235,-0.21257664263248444,1.2910000085830688,-0.10325706005096436,-0.06717117130756378,1.3995000123977661,-0.351129412651062,-0.07146686315536499,1.4889999628067017,0.006303251720964909,0.0006885526818223298,1.122499942779541,-0.34549203515052795,0.14982694387435913,1.506500005722046,0.06362012028694153,-0.010435113683342934,0.8450000286102295,-0.4407719671726227,0.3693992793560028,1.684000015258789
-0.1997442990541458,-0.17457187175750732,1.303999900817871,-0.17101448774337769,-0.21205386519432068,1.3269999027252197,-0.22907355427742004,-0.2043835073709488,1.2790000438690186,-0.09511010348796844,-0.06623523682355881,1.3799999952316284,-0.3286287784576416,-0.06789477914571762,1.4639999866485596,0.011665466241538525,0.007899991236627102,1.1134999990463257,-0.32941827178001404,0.16133297979831696,1.5,0.05835047736763954,-0.0021766801364719868,0.8285000324249268,-0.42628374695777893,0.3852699398994446,1.6700000762939453
-0.19221900403499603,-0.1735008955001831,1.2960000038146973,-0.16464117169380188,-0.20729371905326843,1.310499906539917,-0.2210267335176468,-0.20065021514892578,1.2684999704360962,-0.08286541700363159,-0.0653952956199646,1.3624999523162842,-0.3205659091472626,-0.06250341981649399,1.4490000009536743,0.020686721429228783,0.0060957507230341434,1.1134999990463257,-0.32589781284332275,0.16321760416030884,1.4950000047683716,0.059488315135240555,0.0018037466797977686,0.8075000047683716,-0.41885560750961304,0.3941962718963623,1.6619999408721924
-0.18391072750091553,-0.1695493906736374,1.2820000648498535,-0.15694232285022736,-0.20555377006530762,1.2994999885559082,-0.21299731731414795,-0.19687268137931824,1.2574999332427979,-0.07551481574773788,-0.06258470565080643,1.3494999408721924,-0.30552685260772705,-0.06230930611491203,1.4444999694824219,0.025911958888173103,0.009634509682655334,1.1054999828338623,-0.3145160675048828,0.15752533078193665,1.4869999885559082,0.06464032828807831,-0.0007959718350321054,0.7904999852180481,-0.40575096011161804,0.3919430375099182,1.6524999141693115
-0.17730239033699036,-0.16518603265285492,1.2644999027252197,-0.1463482677936554,-0.20047353208065033,1.2804999351501465,-0.20523937046527863,-0.19530709087848663,1.247499942779541,-0.06410300731658936,-0.05560963973402977,1.3394999504089355,-0.30022087693214417,-0.05750848352909088,1.441499948501587,0.03445837274193764,0.011291425675153732,1.0924999713897705,-0.3023153841495514,0.15620113909244537,1.4744999408721924,0.06639447808265686,-0.000786406104452908,0.781000018119812,-0.3976093530654907,0.3945333957672119,1.6410000324249268
-0.17121842503547668,-0.16329185664653778,1.25,-0.14047731459140778,-0.19599714875221252,1.2649999856948853,-0.20101885497570038,-0.18919457495212555,1.2339999675750732,-0.057312190532684326,-0.05317988619208336,1.3329999446868896,-0.2926035225391388,-0.05505795031785965,1.4385000467300415,0.03554879128932953,0.01281654741615057,1.0720000267028809,-0.29893240332603455,0.16626542806625366,1.4579999446868896,0.06755753606557846,0.0029502937104552984,0.765500009059906,-0.3838152289390564,0.3965008556842804,1.6165000200271606
-0.16723036766052246,-0.1593957543373108,1.2355000972747803,-0.13793514668941498,-0.19325751066207886,1.2604999542236328,-0.19510392844676971,-0.18735475838184357,1.222000002861023,-0.05257494002580643,-0.05061810091137886,1.3224999904632568,-0.2896672785282135,-0.047965168952941895,1.4355000257492065,0.030922837555408478,0.014030863530933857,1.0334999561309814,-0.2894430160522461,0.16958299279212952,1.4459999799728394,0.06493104249238968,0.0053175063803792,0.749500036239624,-0.3742440342903137,0.39455240964889526,1.5980000495910645
-0.16435915231704712,-0.1545744091272354,1.2290000915527344,-0.13519194722175598,-0.18819713592529297,1.253999948501587,-0.19264976680278778,-0.1829444169998169,1.218999981880188,-0.053973108530044556,-0.049929164350032806,1.3045001029968262,-0.28815385699272156,-0.04077306389808655,1.4279999732971191,0.016713237389922142,0.006842337548732758,0.5040000081062317,-0.28680220246315,0.16706649959087372,1.4444999694824219,0.06530708819627762,0.008847243152558804,0.7400000095367432,-0.3695615530014038,0.3949049711227417,1.5889999866485596
-0.16422541439533234,-0.1504690796136856,1.2280000448226929,-0.13486851751804352,-0.18571987748146057,1.250999927520752,-0.19382666051387787,-0.17825987935066223,1.2139999866485596,-0.05563539266586304,-0.04743057116866112,1.2940000295639038,-0.288128525018692,-0.035854313522577286,1.4165000915527344,0.0,0.0,0.0,-0.2916881740093231,0.17049922049045563,1.434000015258789,0.06201635301113129,0.007539676036685705,0.7295000553131104,-0.3620212972164154,0.39210155606269836,1.5674999952316284
-0.1677255630493164,-0.14805610477924347,1.2244999408721924,-0.1386450082063675,-0.18332575261592865,1.2484999895095825,-0.19514864683151245,-0.17767253518104553,1.2100000381469727,-0.055570900440216064,-0.03899846971035004,1.2925000190734863,-0.28929606080055237,-0.03342880681157112,1.4110000133514404,0.0,0.0,0.0,-0.2938555181026459,0.17368066310882568,1.4219999313354492,0.06037565693259239,0.006309710443019867,0.7239999771118164,-0.3587879240512848,0.40118542313575745,1.5534999370574951
-0.1705019474029541,-0.1430877149105072,1.215999960899353,-0.14217668771743774,-0.17863360047340393,1.24399995803833,-0.19816498458385468,-0.1729615479707718,1.2044999599456787,-0.05957454442977905,-0.03678998351097107,1.2885000705718994,-0.2886809706687927,-0.028794877231121063,1.4079999923706055,0.0,0.0,0.0,-0.299604594707489,0.17989452183246613,1.4165000915527344,0.0567384772002697,0.0062966374680399895,0.7224999666213989,-0.36719468235969543,0.4119069576263428,1.5464999675750732
-0.17517979443073273,-0.1381744146347046,1.2074999809265137,-0.14573797583580017,-0.17203158140182495,1.2400000095367432,-0.20308850705623627,-0.16828620433807373,1.1990000009536743,-0.06571023166179657,-0.032551106065511703,1.2860000133514404,-0.3031364679336548,-0.017301294952630997,1.4010000228881836,0.0,0.0,0.0,-0.3098727762699127,0.18605488538742065,1.4110000133514404,0.05439707636833191,0.007467327173799276,0.7224999666213989,-0.37551072239875793,0.42002052068710327,1.5394999980926514
-0.1821725070476532,-0.13559742271900177,1.2020000219345093,-0.1546534150838852,-0.17277757823467255,1.2309999465942383,-0.21050794422626495,-0.16800549626350403,1.1970000267028809,-0.07384374737739563,-0.03038443997502327,1.2825000286102295,-0.3120177686214447,-0.02166997455060482,1.3899999856948853,0.0,0.0,0.0,-0.32221460342407227,0.19436998665332794,1.4049999713897705,0.04971429333090782,0.009808707050979137,0.7224999666213989,-0.3854887783527374,0.42500951886177063,1.5394999980926514
-0.19159142673015594,-0.13342741131782532,1.2000000476837158,-0.16355673968791962,-0.16570976376533508,1.2230000495910645,-0.22177405655384064,-0.16385218501091003,1.1949999332427979,-0.08594212681055069,-0.03025413490831852,1.2769999504089355,-0.32295525074005127,-0.01702960953116417,1.378999948501587,0.0,0.0,0.0,-0.3303776681423187,0.19154654443264008,1.4010000228881836,0.0415194109082222,0.010979397222399712,0.7224999666213989,-0.40255776047706604,0.43456369638442993,1.5379999876022339
