0.22285303473472595,-0.2375292330980301,1.471500039100647,0.25888165831565857,-0.2592521011829376,1.4730000495910645,0.19434380531311035,-0.269214928150177,1.437000036239624,0.3075803220272064,-0.10112852603197098,1.6159999370574951,0.05855420604348183,-0.1562599539756775,1.5399999618530273,0.33045002818107605,0.09031683206558228,1.7214999198913574,-0.04461093246936798,-0.11108185350894928,1.278499960899353,0.4856543242931366,0.35475096106529236,2.369999885559082,-0.0707523375749588,-0.15865366160869598,1.003000020980835
0.2176397442817688,-0.23466549813747406,1.468500018119812,0.2535906136035919,-0.25634220242500305,1.4700000286102295,0.18889494240283966,-0.26577213406562805,1.430999994277954,0.29572755098342896,-0.10065918415784836,1.6085000038146973,0.05836409702897072,-0.15575261414051056,1.534999966621399,0.3169625699520111,0.08206763863563538,1.7239999771118164,-0.04668254032731056,-0.11108185350894928,1.278499960899353,0.47383391857147217,0.35256221890449524,2.4075000286102295,-0.07291873544454575,-0.16147734224796295,1.0104999542236328
0.21244588494300842,-0.2318114936351776,1.465499997138977,0.2488267868757248,-0.2539603114128113,1.4700000286102295,0.18367809057235718,-0.26262497901916504,1.4264999628067017,0.2876400947570801,-0.10056531429290771,1.6069999933242798,0.05067029222846031,-0.15256647765636444,1.527999997138977,0.2980983257293701,0.07665818184614182,1.7279999256134033,-0.050825752317905426,-0.11522503942251205,1.278499960899353,0.4543290138244629,0.3369584083557129,2.4075000286102295,-0.07856251299381256,-0.1663009226322174,1.0199999809265137
0.20253199338912964,-0.23133695125579834,1.462499976158142,0.2416810691356659,-0.2539603114128113,1.4700000286102295,0.1765579730272293,-0.26234883069992065,1.4249999523162842,0.2772245407104492,-0.10056531429290771,1.6069999933242798,0.04304454103112221,-0.1518675535917282,1.5210000276565552,0.2830078899860382,0.06867314130067825,1.7384999990463257,-0.05677288770675659,-0.11468429863452911,1.2725000381469727,0.3493935465812683,0.27824434638023376,1.9879999160766602,-0.08517351746559143,-0.17125913500785828,1.0199999809265137
0.1926569938659668,-0.22849754989147186,1.4594999551773071,0.22953711450099945,-0.24894225597381592,1.468500018119812,0.16501304507255554,-0.2600398361682892,1.4249999523162842,0.2609500288963318,-0.10031498968601227,1.6029999256134033,0.03312092274427414,-0.14910835027694702,1.5180000066757202,0.2703152298927307,0.0718601867556572,1.747499942779541,-0.06278537958860397,-0.11025646328926086,1.2690000534057617,0.32906994223594666,0.2741931080818176,1.9819999933242798,-0.09013175964355469,-0.1729118824005127,1.0199999809265137
0.18244433403015137,-0.22520305216312408,1.4535000324249268,0.21956972777843475,-0.2484336793422699,1.465499997138977,0.15346810221672058,-0.2577308714389801,1.4249999523162842,0.24796299636363983,-0.09512021392583847,1.6029999256134033,0.01828421838581562,-0.1435716152191162,1.5115000009536743,0.2561575174331665,0.09168089926242828,1.747499942779541,-0.07095427811145782,-0.11016957461833954,1.2680000066757202,0.31301236152648926,0.28382760286331177,1.9819999933242798,-0.09509000927209854,-0.1729118824005127,1.0199999809265137
0.1701400876045227,-0.22215798497200012,1.4490000009536743,0.20748409628868103,-0.2458072304725647,1.4639999866485596,0.1417737901210785,-0.2551530599594116,1.4235000610351562,0.2323785424232483,-0.09512021392583847,1.6029999256134033,0.006024501286447048,-0.14323915541172028,1.5080000162124634,0.2397841215133667,0.09191698580980301,1.7519999742507935,-0.08714980632066727,-0.10781656205654144,1.2645000219345093,0.2869578003883362,0.29629939794540405,1.9795000553131104,-0.10170099884271622,-0.17125913500785828,1.0199999809265137
0.15370497107505798,-0.2198101133108139,1.4490000009536743,0.1902921348810196,-0.24268682301044464,1.4595000743865967,0.1277996301651001,-0.25258007645606995,1.4220000505447388,0.21419668197631836,-0.08992543071508408,1.6029999256134033,-0.008636354468762875,-0.13835223019123077,1.5080000162124634,0.21423456072807312,0.10043345391750336,1.7519999742507935,-0.09489309787750244,-0.0991482362151146,1.258500099182129,0.2648395895957947,0.3063080906867981,1.9819999933242798,-0.10624133050441742,-0.1615004986524582,1.000499963760376
0.13492195308208466,-0.21746224164962769,1.4490000009536743,0.17284509539604187,-0.23908698558807373,1.4520000219345093,0.10917434841394424,-0.24983596801757812,1.4195001125335693,0.19601483643054962,-0.08473064005374908,1.6029999256134033,-0.02560412883758545,-0.1327572762966156,1.5,0.19436267018318176,0.11178873479366302,1.7519999742507935,-0.10886388272047043,-0.09480545669794083,1.2549999952316284,0.24526073038578033,0.3251664340496063,1.9795000553131104,-0.11301252990961075,-0.15422464907169342,0.9750000238418579
0.12058453261852264,-0.21466901898384094,1.4459999799728394,0.15370497107505798,-0.23624512553215027,1.4490000009536743,0.09290990233421326,-0.24480392038822174,1.4170000553131104,0.17827673256397247,-0.08233820647001266,1.6069999933242798,-0.042390428483486176,-0.13204923272132874,1.4919999837875366,0.17991140484809875,0.12863785028457642,1.749500036239624,-0.12043803185224533,-0.09026845544576645,1.2484999895095825,0.22280846536159515,0.3540334701538086,1.9795000553131104,-0.12029296904802322,-0.14525063335895538,0.9574999809265137
0.10630542784929276,-0.2118854969739914,1.4429999589920044,0.13947318494319916,-0.23600056767463684,1.4474999904632568,0.07675638049840927,-0.24454477429389954,1.4155000448226929,0.16004949808120728,-0.07973432540893555,1.6069999933242798,-0.061544645577669144,-0.12442022562026978,1.4874999523162842,0.1679459512233734,0.13663263618946075,1.7430000305175781,-0.1307177096605301,-0.07903003692626953,1.2309999465942383,0.21345528960227966,0.3801725506782532,1.9819999933242798,-0.12570619583129883,-0.13971522450447083,0.9514999985694885
0.09218058735132217,-0.2093295305967331,1.441499948501587,0.12514060735702515,-0.23317088186740875,1.4444999694824219,0.06272779405117035,-0.23894049227237701,1.409500002861023,0.15223783254623413,-0.0745265781879425,1.6069999933242798,-0.073125921189785,-0.1188359260559082,1.4780000448226929,0.15906144678592682,0.14473071694374084,1.7384999990463257,-0.14129462838172913,-0.07430926710367203,1.218999981880188,0.19799527525901794,0.4070931673049927,1.9879999160766602,-0.1338929682970047,-0.13402515649795532,0.9440000057220459
0.07808490842580795,-0.20677845180034637,1.440000057220459,0.11075101047754288,-0.230111226439476,1.440000057220459,0.05114462226629257,-0.23590105772018433,1.4049999713897705,0.1361469328403473,-0.07167655229568481,1.6015000343322754,-0.0871991217136383,-0.11366040259599686,1.4730000495910645,0.15061055123806,0.16163240373134613,1.7384999990463257,-0.15055057406425476,-0.06220197677612305,1.2139999866485596,0.1915528029203415,0.43608415126800537,1.9879999160766602,-0.14041642844676971,-0.1299254596233368,0.9364999532699585
0.06381813436746597,-0.20359331369400024,1.434000015258789,0.09877490997314453,-0.2247401624917984,1.4355000257492065,0.03744512423872948,-0.23337508738040924,1.403499960899353,0.12290285527706146,-0.06375203281641006,1.5980000495910645,-0.10607674717903137,-0.10628324747085571,1.4700000286102295,0.13914230465888977,0.1754644513130188,1.7359999418258667,-0.16155071556568146,-0.057979829609394073,1.2079999446868896,0.18511030077934265,0.4586326777935028,1.9879999160766602,-0.14760859310626984,-0.12049828469753265,0.9340000152587891
0.054238684475421906,-0.20021706819534302,1.4264999628067017,0.08668959140777588,-0.2235659509897232,1.4279999732971191,0.025972193107008934,-0.23246054351329803,1.3980000019073486,0.11226392537355423,-0.06359245628118515,1.5940001010894775,-0.11218265444040298,-0.1029471680521965,1.4565000534057617,0.13351649045944214,0.18109023571014404,1.7359999418258667,-0.17098301649093628,-0.05199991166591644,1.2055000066757202,0.18590177595615387,0.48000362515449524,1.996500015258789,-0.1547602415084839,-0.11413838714361191,0.9314999580383301
0.04472491890192032,-0.19672642648220062,1.4179999828338623,0.0764310285449028,-0.2183857560157776,1.409500002861023,0.016826562583446503,-0.2312965840101242,1.3910000324249268,0.10672872513532639,-0.06337303668260574,1.5885000228881836,-0.12308899313211441,-0.09517601132392883,1.4459999799728394,0.1274486482143402,0.18607071042060852,1.7300000190734863,-0.17753560841083527,-0.043875109404325485,1.1970000267028809,0.1920938491821289,0.519390881061554,2.062999963760376,-0.16170597076416016,-0.10819832235574722,0.9194999933242798
0.03518350422382355,-0.19478414952754974,1.4040000438690186,0.06881426274776459,-0.21598422527313232,1.3940000534057617,0.007780094165354967,-0.2258920669555664,1.3854999542236328,0.09634200483560562,-0.06588465720415115,1.5870000123977661,-0.1324610561132431,-0.09517601132392883,1.4459999799728394,0.11845419555902481,0.19073528051376343,1.7214999198913574,-0.1839006096124649,-0.03969531133770943,1.187999963760376,0.21332380175590515,0.5879298448562622,2.2909998893737793,-0.16465692222118378,-0.09747779369354248,0.902999997138977
0.028156636282801628,-0.1888793259859085,1.3940000534057617,0.05941472202539444,-0.21242226660251617,1.3854999542236328,0.0010379762388765812,-0.21988403797149658,1.375999927520752,0.09323874861001968,-0.06551102548837662,1.5780000686645508,-0.13577181100845337,-0.08958259969949722,1.43149995803833,0.1235647052526474,0.1955728381872177,1.7149999141693115,-0.18569603562355042,-0.02974148467183113,1.1749999523162842,0.23771962523460388,0.6758493781089783,2.552999973297119,-0.16801680624485016,-0.09106709063053131,0.8975000381469727
0.02131134830415249,-0.18601813912391663,1.3895000219345093,0.054706722497940063,-0.20710690319538116,1.3799999952316284,-0.00559535576030612,-0.21772675216197968,1.3624999523162842,0.08762233704328537,-0.06513738632202148,1.569000005722046,-0.13884148001670837,-0.08399417996406555,1.4155000448226929,0.11482492089271545,0.194888636469841,1.7089999914169312,-0.18790540099143982,-0.023590123280882835,1.1535000801086426,0.2535560429096222,0.7172167897224426,2.676499843597412,-0.17209146916866302,-0.08655943721532822,0.8960000276565552
0.016760028898715973,-0.18323764204978943,1.3854999542236328,0.0499979667365551,-0.20613139867782593,1.3734999895095825,-0.009955682791769505,-0.214332714676857,1.3550000190734863,0.0822746753692627,-0.0623956099152565,1.5640000104904175,-0.14226341247558594,-0.07876189053058624,1.4040000438690186,0.11291005462408066,0.19163858890533447,1.6805000305175781,-0.18931755423545837,-0.01591833494603634,1.1395000219345093,0.2683473527431488,0.7598292231559753,2.7849998474121094,-0.17343266308307648,-0.08147001266479492,0.8880000114440918
