0.1377331018447876,-0.3811967372894287,2.5399999618530273,0.17890235781669617,-0.43601280450820923,2.7284998893737793,0.10813008248806,-0.40702003240585327,2.5215001106262207,0.23942989110946655,-0.2576974928379059,2.7129998207092285,-0.040878258645534515,-0.2427586168050766,2.6459999084472656,0.4933220148086548,-0.3588281273841858,3.0920000076293945,-0.09771019965410233,-0.01570254936814308,2.6760001182556152,0.42505329847335815,-0.5280115604400635,2.868000030517578,-0.11731156706809998,0.200622096657753,2.7284998893737793
0.13900740444660187,-0.38472357392311096,2.563499927520752,0.17926299571990967,-0.43689170479774475,2.7339999675750732,0.10832305252552032,-0.40774640440940857,2.5260000228881836,0.2419385313987732,-0.26442664861679077,2.691999912261963,-0.04167388752102852,-0.25622522830963135,2.697499990463257,0.4712558686733246,-0.3535451889038086,2.9240000247955322,-0.09354861825704575,-0.020075997337698936,2.680999994277954,0.35911157727241516,-0.474407434463501,2.7204999923706055,-0.11776300519704819,0.20139414072036743,2.738999843597412
0.14369168877601624,-0.3861493170261383,2.572999954223633,0.18369299173355103,-0.43689170479774475,2.7339999675750732,0.11241604387760162,-0.40774640440940857,2.5260000228881836,0.2419385313987732,-0.26442664861679077,2.691999912261963,-0.038022108376026154,-0.26116448640823364,2.749500036239624,0.4593892991542816,-0.35492998361587524,2.822000026702881,-0.08938748389482498,-0.02447020448744297,2.686500072479248,0.2958076000213623,-0.42890340089797974,2.554500102996826,-0.11797798424959183,0.19731560349464417,2.74399995803833
0.14394299685955048,-0.3868246376514435,2.5774998664855957,0.18439848721027374,-0.43412262201309204,2.744500160217285,0.11263857036828995,-0.40855351090431213,2.5310001373291016,0.2419385313987732,-0.26878857612609863,2.691999912261963,-0.03817422315478325,-0.26220932602882385,2.760499954223633,0.4440990090370178,-0.35996055603027344,2.755499839782715,-0.08957048505544662,-0.03324417024850845,2.691999912261963,0.2709726393222809,-0.4082077145576477,2.554500102996826,-0.11821446567773819,0.1888008862733841,2.749500036239624
0.1540093868970871,-0.39540034532546997,2.6065001487731934,0.1932925581932068,-0.44746363162994385,2.744500160217285,0.1210794523358345,-0.41757890582084656,2.5360000133514404,0.25502440333366394,-0.2731505036354065,2.691999912261963,-0.02934478595852852,-0.2677449584007263,2.7715001106262207,0.4313667118549347,-0.36265096068382263,2.676499843597412,-0.08520852774381638,-0.03760610148310661,2.691999912261963,0.258555144071579,-0.40406858921051025,2.554500102996826,-0.11868740618228912,0.1850832998752594,2.760499954223633
0.15575243532657623,-0.40414664149284363,2.636000156402588,0.1932925581932068,-0.44746363162994385,2.744500160217285,0.12172399461269379,-0.42393288016319275,2.549499988555908,0.2593863904476166,-0.2818743884563446,2.691999912261963,-0.024854008108377457,-0.2722357213497162,2.7715001106262207,0.43488961458206177,-0.3663021922111511,2.6714999675750732,-0.08099672198295593,-0.04204598814249039,2.697000026702881,0.24613764882087708,-0.39579030871391296,2.554500102996826,-0.12365113198757172,0.167857825756073,2.7715001106262207
0.16032718122005463,-0.40063390135765076,2.6410000324249268,0.19773957133293152,-0.44746363162994385,2.744500160217285,0.12652148306369781,-0.42617765069007874,2.562999963760376,0.25986817479133606,-0.27802789211273193,2.697000026702881,-0.020363228395581245,-0.2722357213497162,2.7715001106262207,0.42645108699798584,-0.36709317564964294,2.6459999084472656,-0.08114688098430634,-0.042123936116695404,2.7019999027252197,0.2647280991077423,-0.42739999294281006,2.702000141143799,-0.1283961981534958,0.15919160842895508,2.7769999504089355
0.15604786574840546,-0.4091924726963043,2.6410000324249268,0.19255304336547852,-0.4546116888523102,2.7339999675750732,0.12236854434013367,-0.42617765069007874,2.562999963760376,0.25549811124801636,-0.28239795565605164,2.697000026702881,-0.015872450545430183,-0.27672645449638367,2.7715001106262207,0.4393133223056793,-0.3585183918476105,2.6459999084472656,-0.08114688098430634,-0.05088020861148834,2.7019999027252197,0.29091060161590576,-0.45857933163642883,2.7849998474121094,-0.13289588689804077,0.15469194948673248,2.7769999504089355
0.1578500121831894,-0.40958940982818604,2.6714999675750732,0.19216567277908325,-0.4448549449443817,2.7284998893737793,0.1269904524087906,-0.4277573227882385,2.572499990463257,0.26034992933273315,-0.2829214632511139,2.7019999027252197,-0.01584095135331154,-0.28065910935401917,2.7660000324249268,0.4350259006023407,-0.36709317564964294,2.6459999084472656,-0.08114688098430634,-0.05088020861148834,2.7019999027252197,0.3270118236541748,-0.4856550991535187,2.7849998474121094,-0.13739557564258575,0.15469194948673248,2.7769999504089355
0.1640302985906601,-0.4186437129974365,2.7019999027252197,0.19216567277908325,-0.4536971151828766,2.7284998893737793,0.12327568978071213,-0.4293369948863983,2.5820000171661377,0.2647280693054199,-0.28729960322380066,2.7019999027252197,-0.01596694625914097,-0.28740888833999634,2.7880001068115234,0.44360077381134033,-0.3628057837486267,2.6459999084472656,-0.08114688098430634,-0.05088020861148834,2.7019999027252197,0.3584444224834442,-0.4821695387363434,2.61899995803833,-0.1421763002872467,0.15048974752426147,2.7825000286102295
0.16433383524417877,-0.4238046407699585,2.7069997787475586,0.19216567277908325,-0.4536971151828766,2.7284998893737793,0.12327568978071213,-0.4293369948863983,2.5820000171661377,0.2647280693054199,-0.28729960322380066,2.7019999027252197,-0.01596694625914097,-0.2828914225101471,2.7880001068115234,0.4383140802383423,-0.36986789107322693,2.6659998893737793,-0.07676871865987778,-0.05088020861148834,2.7019999027252197,0.4220995604991913,-0.5033877491950989,2.61899995803833,-0.14245733618736267,0.15078721940517426,2.7880001068115234
0.15994757413864136,-0.4238046407699585,2.7069997787475586,0.19216567277908325,-0.4536971151828766,2.7284998893737793,0.12327568978071213,-0.4293369948863983,2.5820000171661377,0.26034992933273315,-0.2916777431964874,2.7019999027252197,-0.01596694625914097,-0.28740888833999634,2.7880001068115234,0.43814539909362793,-0.3734056353569031,2.691499948501587,-0.07676871865987778,-0.05088020861148834,2.7019999027252197,0.46029260754585266,-0.5203623175621033,2.61899995803833,-0.1469748467206955,0.14626973867416382,2.7880001068115234
0.15994757413864136,-0.4238046407699585,2.7069997787475586,0.19290518760681152,-0.4554431140422821,2.739000082015991,0.12327568978071213,-0.4293369948863983,2.5820000171661377,0.2647280693054199,-0.2960558831691742,2.7019999027252197,-0.01596694625914097,-0.28740888833999634,2.7880001068115234,0.4398546516895294,-0.3792404532432556,2.7019999027252197,-0.07676871865987778,-0.05525834858417511,2.7019999027252197,0.5143463015556335,-0.5443971157073975,2.5920000076293945,-0.1469748467206955,0.14626973867416382,2.7880001068115234
0.16024300456047058,-0.4245874285697937,2.7119998931884766,0.18922396004199982,-0.45727217197418213,2.75,0.1239679753780365,-0.4359552264213562,2.5964999198913574,0.2647280693054199,-0.30043402314186096,2.7019999027252197,-0.016032807528972626,-0.28859439492225647,2.799499988555908,0.44327324628829956,-0.38218793272972107,2.7230000495910645,-0.07799042761325836,-0.05613773688673973,2.744999885559082,0.5237405300140381,-0.5163342952728271,2.4774999618530273,-0.15198294818401337,0.151253804564476,2.882999897003174
0.14678877592086792,-0.42819082736968994,2.7069997787475586,0.19004230201244354,-0.4749082922935486,2.8285000324249268,0.11642137169837952,-0.4434681534767151,2.616000175476074,0.2647280693054199,-0.2960558831691742,2.7019999027252197,-0.020818764343857765,-0.29669058322906494,2.8334999084472656,0.47849270701408386,-0.40660610795021057,2.799999952316284,-0.08372965455055237,-0.06605210155248642,2.7880001068115234,0.6241005063056946,-0.5364062190055847,2.4774999618530273,-0.16216963529586792,0.14690715074539185,2.984499931335449
0.1424025148153305,-0.42819082736968994,2.7069997787475586,0.18378564715385437,-0.4825478196144104,2.874000072479248,0.11282579600811005,-0.446010947227478,2.63100004196167,0.2647280693054199,-0.30043402314186096,2.7019999027252197,-0.02561626397073269,-0.2944704294204712,2.8565001487731934,0.49731796979904175,-0.4147382080554962,2.8559999465942383,-0.08372965455055237,-0.06605210155248642,2.7880001068115234,0.6401580572128296,-0.5042911767959595,2.4774999618530273,-0.1677050143480301,0.142666295170784,2.996999979019165
0.13776132464408875,-0.43177810311317444,2.7019999027252197,0.18493671715259552,-0.49025607109069824,2.892000198364258,0.1087689995765686,-0.44685858488082886,2.636000156402588,0.255971759557724,-0.30043402314186096,2.7019999027252197,-0.02561626397073269,-0.2990989089012146,2.8565001487731934,0.507637619972229,-0.41097214818000793,2.861999988555908,-0.08824717253446579,-0.06605210155248642,2.7880001068115234,0.6602301001548767,-0.49626246094703674,2.4774999618530273,-0.17328090965747833,0.14326134324073792,3.009500026702881
0.13362997770309448,-0.42819082736968994,2.7069997787475586,0.17629313468933105,-0.49229028820991516,2.9040000438690186,0.10022655874490738,-0.4511297941207886,2.636000156402588,0.255971759557724,-0.30043402314186096,2.7019999027252197,-0.02561626397073269,-0.303727388381958,2.8565001487731934,0.5122750401496887,-0.4063347578048706,2.861999988555908,-0.08842125535011292,-0.07070879638195038,2.7934999465942383,0.6682588458061218,-0.47619059681892395,2.4774999618530273,-0.17443247139453888,0.14421340823173523,3.0295000076293945
0.12485744804143906,-0.43257710337638855,2.7069997787475586,0.16688218712806702,-0.49229028820991516,2.9040000438690186,0.09203191846609116,-0.45712852478027344,2.6459999084472656,0.255971759557724,-0.2960558831691742,2.7019999027252197,-0.030244771391153336,-0.2990989089012146,2.8565001487731934,0.5122750401496887,-0.4016973376274109,2.861999988555908,-0.0974740982055664,-0.07070879638195038,2.7934999465942383,0.6992728114128113,-0.4869639575481415,2.577000141143799,-0.18014048039913177,0.1448560357093811,3.0429999828338623
0.12047118693590164,-0.43257710337638855,2.7069997787475586,0.162176713347435,-0.49229028820991516,2.9040000438690186,0.08774449676275253,-0.4528411626815796,2.6459999084472656,0.24721543490886688,-0.2960558831691742,2.7019999027252197,-0.03487327694892883,-0.2990989089012146,2.8565001487731934,0.5201634764671326,-0.404223769903183,2.880000114440918,-0.10652695596218109,-0.07070879638195038,2.7934999465942383,0.7448312640190125,-0.5081735849380493,2.7125000953674316,-0.1850711703300476,0.15471738576889038,3.0429999828338623
