0.4358021020889282,-0.30902302265167236,2.4570000171661377,0.5256721377372742,-0.4132205843925476,2.9105000495910645,0.26863470673561096,-0.23874464631080627,1.7009999752044678,0.31052568554878235,-0.08804967254400253,1.8345000743865967,0.09237489104270935,-0.041602399200201035,1.75600004196167,0.31810957193374634,0.11168313771486282,1.843999981880188,0.032423242926597595,0.21493999660015106,1.9119999408721924,0.39658620953559875,0.3105466663837433,1.8905000686645508,0.017096610739827156,0.448495477437973,1.9305000305175781
0.5204970836639404,-0.3690793812274933,2.934499979019165,0.5256721377372742,-0.4132205843925476,2.9105000495910645,0.26926642656326294,-0.23930606245994568,1.7049999237060547,0.3113720118999481,-0.08828965574502945,1.8394999504089355,0.09216446429491043,-0.04150763154029846,1.7519999742507935,0.3277701437473297,0.11507482081651688,1.899999976158142,0.032296061515808105,0.21409687399864197,1.9045000076293945,0.517103910446167,0.40491801500320435,2.4649999141693115,0.017096610739827156,0.448495477437973,1.9305000305175781
0.5643413662910461,-0.3777196705341339,2.9649999141693115,0.562057375907898,-0.42403942346572876,2.953000068664551,0.2923932373523712,-0.24292059242725372,1.7109999656677246,0.32196810841560364,-0.09174161404371262,1.8489999771118164,0.1119084507226944,-0.035789087414741516,1.75,0.3322106599807739,0.09569023549556732,1.944000005722046,0.056983593851327896,0.20792503654956818,1.9045000076293945,0.6285977363586426,0.4358372092247009,3.0434999465942383,0.042121175676584244,0.4453674256801605,1.9305000305175781
0.6308140158653259,-0.3946453630924225,2.9839999675750732,0.6207345128059387,-0.43928468227386475,2.9590001106262207,0.3323683738708496,-0.2521187961101532,1.7170000076293945,0.34609323740005493,-0.11072633415460587,1.8659999370574951,0.1544424295425415,-0.0556381493806839,1.75,0.33630943298339844,0.06753142923116684,1.9495000839233398,0.1154647096991539,0.20148834586143494,1.9019999504089355,0.6138032078742981,0.30268722772598267,3.0434999465942383,0.12066573649644852,0.43095144629478455,1.9359999895095825
0.6591600775718689,-0.406889945268631,3.003000020980835,0.6495020985603333,-0.4488738179206848,2.9590001106262207,0.3521105945110321,-0.2599341571331024,1.7319999933242798,0.35695257782936096,-0.12756375968456268,1.8914999961853027,0.1714560091495514,-0.0556381493806839,1.75,0.3426271378993988,0.02962537854909897,1.9495000839233398,0.1395304948091507,0.20370978116989136,1.8940000534057617,0.6088716983795166,0.21885205805301666,3.0434999465942383,0.16144651174545288,0.43095144629478455,1.9359999895095825
0.678623616695404,-0.4166216552257538,3.003000020980835,0.6673245429992676,-0.46231815218925476,2.953000068664551,0.3660634458065033,-0.2675401568412781,1.7450000047683716,0.3654419779777527,-0.13570789992809296,1.9199999570846558,0.19414080679416656,-0.06130931153893471,1.75,0.3552625775337219,0.02330770529806614,1.9495000839233398,0.1702197641134262,0.19757196307182312,1.8940000534057617,0.6315507888793945,0.18458740413188934,3.131500005722046,0.19939880073070526,0.4253356158733368,1.9390000104904175
0.7029531002044678,-0.4263533353805542,3.003000020980835,0.691248893737793,-0.4718877971172333,2.953000068664551,0.38950368762016296,-0.277813583612442,1.7745000123977661,0.37105682492256165,-0.15358717739582062,1.9494999647140503,0.2083188146352768,-0.06698047369718552,1.75,0.3552625775337219,0.00119584274943918,1.9495000839233398,0.19139862060546875,0.18500283360481262,1.8910000324249268,0.6366248726844788,0.13892076909542084,3.131500005722046,0.24401222169399261,0.4012330174446106,1.944000005722046
0.7175507545471191,-0.4458167850971222,3.003000020980835,0.701183021068573,-0.48319610953330994,2.934499979019165,0.40788933634757996,-0.29640695452690125,1.818000078201294,0.3752441704273224,-0.16170936822891235,1.9714999198913574,0.23530901968479156,-0.08737532049417496,1.7609999179840088,0.34894487261772156,0.00119584274943918,1.9495000839233398,0.21839621663093567,0.16617798805236816,1.8860000371932983,0.6187347173690796,0.10049651563167572,3.0434999465942383,0.28929707407951355,0.38390684127807617,1.9520000219345093
0.7370142936706543,-0.4604143798351288,3.003000020980835,0.7094744443893433,-0.4933073818683624,2.9099998474121094,0.4245201349258423,-0.30877014994621277,1.8389999866485596,0.3725035488605499,-0.1665349155664444,1.9910000562667847,0.25781986117362976,-0.09977066516876221,1.778499960899353,0.3268328607082367,0.045419566333293915,1.9495000839233398,0.23673202097415924,0.15395419299602509,1.8860000371932983,0.6192928552627563,0.0967322364449501,2.929500102996826,0.327754944562912,0.3654903769493103,1.9550000429153442
0.7548657059669495,-0.4819551706314087,3.0160000324249268,0.7236199975013733,-0.5121680498123169,2.9099998474121094,0.43504437804222107,-0.32408979535102844,1.8585000038146973,0.3783716559410095,-0.18070100247859955,2.005000114440918,0.2761160135269165,-0.10881217569112778,1.784999966621399,0.32906073331832886,0.035841647535562515,1.944000005722046,0.2581237852573395,0.1417304128408432,1.8860000371932983,0.6177462339401245,0.07580786198377609,2.8565001487731934,0.3704456388950348,0.3542631268501282,1.9630000591278076
0.7695265412330627,-0.5015028715133667,3.0160000324249268,0.7424808144569397,-0.5357438921928406,2.9099998474121094,0.4470899999141693,-0.3391467034816742,1.8585000038146973,0.3692774176597595,-0.18589140474796295,1.9910000562667847,0.29420971870422363,-0.12938359379768372,1.7894999980926514,0.3353606164455414,0.029541797935962677,1.944000005722046,0.27719250321388245,0.12984997034072876,1.8910000324249268,0.6290888786315918,0.04323375225067139,2.8450000286102295,0.40354472398757935,0.3325025737285614,1.9849998950958252
0.7890743613243103,-0.5210505127906799,3.0160000324249268,0.7613416314125061,-0.5498893857002258,2.9099998474121094,0.4610327482223511,-0.3519277572631836,1.878499984741211,0.3628252446651459,-0.20202180743217468,1.9910000562667847,0.3165280520915985,-0.1448061466217041,1.8009999990463257,0,0,0,0.30377915501594543,0.12148730456829071,1.9040000438690186,0,0,0,0.4472169578075409,0.319121390581131,2.0225000381469727
0.7939612865447998,-0.5405982136726379,3.0160000324249268,0.7660567760467529,-0.5687500238418579,2.9099998474121094,0.47358572483062744,-0.36605653166770935,1.9045000076293945,0.3499208092689514,-0.22460438311100006,1.9910000562667847,0.332406222820282,-0.1600167602300644,1.8079999685287476,0,0,0,0.32499822974205017,0.0976199060678482,1.9199999570846558,0.635235071182251,0.01994330808520317,2.810999870300293,0.4902641773223877,0.31808316707611084,2.0799999237060547
0.8041456341743469,-0.5638604164123535,3.0360000133514404,0.7707719802856445,-0.5876107215881348,2.9099998474121094,0.48392999172210693,-0.38416212797164917,1.933500051498413,0.33701643347740173,-0.24396087229251862,1.9910000562667847,0.34935757517814636,-0.1846708506345749,1.8199999332427979,0.3155656158924103,-0.014515971764922142,1.938499927520752,0.3590763807296753,0.09215947985649109,1.9359999895095825,0.607138454914093,0.015142207033932209,2.7660000324249268,0.5284484028816223,0.32661041617393494,2.182000160217285
0.8143948316574097,-0.597285270690918,3.055999994277954,0.7738882303237915,-0.6099263429641724,2.9039998054504395,0.5010437369346619,-0.4145263135433197,1.9889999628067017,0.324214369058609,-0.26080453395843506,1.9720001220703125,0.3605664372444153,-0.19479382038116455,1.8320000171661377,0.2969987094402313,-0.026821589097380638,1.9199999570846558,0.36789801716804504,0.07069025933742523,1.9495000839233398,0,0,0,0.6735137104988098,0.3790869414806366,2.7084999084472656
0.8143948316574097,-0.6121404767036438,3.055999994277954,0.7738882303237915,-0.6334535479545593,2.9039998054504395,0.5010437369346619,-0.4241948425769806,1.9889999628067017,0.30504247546195984,-0.27678099274635315,1.9720001220703125,0.3838436007499695,-0.20204554498195648,1.843999981880188,0,0,0,0.38526681065559387,0.0487777478992939,1.9574999809265137,0,0,0,0.8032066822052002,0.4204365611076355,3.188499927520752
0.8143948316574097,-0.6319474577903748,3.055999994277954,0.7738882303237915,-0.6475698947906494,2.9039998054504395,0.5161581635475159,-0.45359131693840027,2.048999786376953,0.300014853477478,-0.2908836901187897,1.9809999465942383,0.3909221887588501,-0.2132406085729599,1.8634999990463257,0,0,0,0.39211058616638184,0.039312493056058884,1.9600000381469727,0,0,0,0.8083730340003967,0.4101037085056305,3.188499927520752
0.8041456341743469,-0.6425696611404419,3.0360000133514404,0.7691827416419983,-0.6663916707038879,2.9039998054504395,0.5189701318740845,-0.46909424662590027,2.073499917984009,0.2935950458049774,-0.30372321605682373,1.9809999465942383,0.4012216031551361,-0.22773680090904236,1.883500099182129,0,0,0,0.3970007002353668,0.0235348641872406,1.968500018119812,0,0,0,0.8083730340003967,0.3946044147014618,3.188499927520752
0.8041456341743469,-0.6671662926673889,3.0360000133514404,0.7775080800056458,-0.692107617855072,2.9534997940063477,0.5156103372573853,-0.4825332760810852,2.073499917984009,0.2903851568698883,-0.31014296412467957,1.9809999465942383,0.4137544631958008,-0.24191895127296448,1.8989999294281006,0,0,0,0.40303653478622437,0.023702243342995644,1.9825000762939453,0,0,0,0.813823938369751,0.38686269521713257,3.2100000381469727
0.783015251159668,-0.6849565505981445,3.049499988555908,0.7679942846298218,-0.7154343724250793,2.990999937057495,0.5021712183952332,-0.4926125705242157,2.073499917984009,0.27112576365470886,-0.32619234919548035,1.9809999465942383,0.40004754066467285,-0.26147791743278503,1.906999945640564,0,0,0,0.398812472820282,-0.005237430799752474,1.993499994277954,0,0,0,0.7878174781799316,0.35045385360717773,3.2100000381469727
