0.20063401758670807,-0.2569693922996521,1.5015000104904175,0.23602385818958282,-0.28289109468460083,1.5099999904632568,0.17115037143230438,-0.28647544980049133,1.4779999256134033,0.29045042395591736,-0.13411252200603485,1.6679999828338623,0.03194384649395943,-0.17584620416164398,1.5815000534057617,0.12821055948734283,0.0441826730966568,0.7294999957084656,-0.0777682438492775,0.05281433090567589,1.6820000410079956,0.1217375323176384,0.1743517369031906,0.9574999809265137,-0.03584733232855797,0.30137068033218384,1.7649999856948853
0.1917256861925125,-0.25483015179634094,1.4890000820159912,0.22792647778987885,-0.2819543778896332,1.5049999952316284,0.16529135406017303,-0.2846341133117676,1.468500018119812,0.28705766797065735,-0.13379091024398804,1.6640000343322754,0.026733912527561188,-0.17529024183750153,1.5764999389648438,0.12500622868537903,0.044303808361291885,0.7315000295639038,-0.08020652085542679,0.05534160137176514,1.6759999990463257,0.11702196300029755,0.17115938663482666,0.9570000171661377,-0.06437334418296814,0.3038858473300934,1.7630000114440918
0.18109667301177979,-0.25106126070022583,1.4809999465942383,0.21817199885845184,-0.2819543778896332,1.5049999952316284,0.15545523166656494,-0.28405264019966125,1.465499997138977,0.2816651463508606,-0.13379091024398804,1.6640000343322754,0.01904631219804287,-0.17251665890216827,1.5744999647140503,0.11552399396896362,0.04311853274703026,0.7315000295639038,-0.08512693643569946,0.04151403531432152,1.6659998893737793,0.10926862806081772,0.16495674848556519,0.9570000171661377,-0.10421863198280334,0.2920445501804352,1.7604999542236328
0.15928374230861664,-0.2579116225242615,1.4789999723434448,0.19826708734035492,-0.28869354724884033,1.5019999742507935,0.13143949210643768,-0.2882106304168701,1.462499976158142,0.26786157488822937,-0.1417090743780136,1.6619999408721924,0.006284177768975496,-0.17235229909420013,1.5729999542236328,0.1001153513789177,0.039562713354825974,0.7315000295639038,-0.09030856937170029,0.025256412103772163,1.6619999408721924,0.09959901869297028,0.14890359342098236,0.953499972820282,-0.18625415861606598,0.21991471946239471,1.753999948501587
0.14700253307819366,-0.2597801387310028,1.4760000705718994,0.1830531656742096,-0.2901581823825836,1.496999979019165,0.12183540314435959,-0.29028230905532837,1.4609999656677246,0.26247555017471313,-0.1417090743780136,1.6619999408721924,-0.0039110141806304455,-0.174901083111763,1.5729999542236328,0.11243302375078201,0.04176810011267662,0.8215000033378601,-0.09569458663463593,0.009098461829125881,1.6619999408721924,0.09496403485536575,0.14426863193511963,0.953499972820282,-0.21259430050849915,0.1671219766139984,1.7369999885559082
0.13238316774368286,-0.26402559876441956,1.4730000495910645,0.16810528934001923,-0.2943197190761566,1.493499994277954,0.10763148963451385,-0.29264962673187256,1.4609999656677246,0.25170350074768066,-0.14709505438804626,1.6619999408721924,-0.011542714200913906,-0.1695876121520996,1.5709999799728394,0.1260891556739807,0.04186725616455078,0.9104999899864197,-0.10339897871017456,0.009065615944564342,1.6559998989105225,0.09650903195142746,0.1411786526441574,0.953499972820282,-0.2532443702220917,0.12418938428163528,1.6890000104904175
0.11782212555408478,-0.26586973667144775,1.4700000286102295,0.15327689051628113,-0.2961435914039612,1.4904999732971191,0.09352348744869232,-0.2953198254108429,1.462499976158142,0.2409314662218094,-0.1497880518436432,1.6619999408721924,-0.021724943071603775,-0.1721331626176834,1.5709999799728394,0.12206405401229858,0.039044857025146484,0.9135000109672546,-0.1354425847530365,0.011507664807140827,1.621999979019165,0.09681268036365509,0.14627239108085632,0.9564999938011169,-0.3134530484676361,0.047560643404722214,1.6890000104904175
0.10094238072633743,-0.26770418882369995,1.4670000076293945,0.13864649832248688,-0.30067092180252075,1.4889999628067017,0.07441253215074539,-0.299443781375885,1.4594999551773071,0.23043641448020935,-0.14996831119060516,1.6640000343322754,-0.03695118799805641,-0.17445632815361023,1.569000005722046,0.12097988277673721,0.043628182262182236,0.9164999723434448,-0.15140366554260254,0.018764523789286613,1.5694999694824219,0.11696082353591919,0.14782224595546722,0.9564999938011169,-0.30524277687072754,-0.0071741733700037,1.6890000104904175
0.08668012917041779,-0.2724582254886627,1.4670000076293945,0.12175768613815308,-0.303083598613739,1.4889999628067017,0.06034698337316513,-0.3000592887401581,1.462499976158142,0.21695518493652344,-0.15536077320575714,1.6640000343322754,-0.054817188531160355,-0.17976978421211243,1.5709999799728394,0.12060308456420898,0.044032808393239975,0.9249999523162842,-0.17634938657283783,0.005946835968643427,1.5429999828338623,0.1185106709599495,0.14937210083007812,0.9564999938011169,-0.307979553937912,-0.08106617629528046,1.6890000104904175
0.06996921449899673,-0.27217963337898254,1.465499997138977,0.10486886650323868,-0.3054962754249573,1.4889999628067017,0.046175796538591385,-0.3051113784313202,1.4639999866485596,0.20617017149925232,-0.15266452729701996,1.6640000343322754,-0.06253337115049362,-0.18764498829841614,1.5729999542236328,0.17444071173667908,0.06718994677066803,1.3214999437332153,-0.2002420872449875,-0.011490719392895699,1.534500002861023,0.1340092420578003,0.15092194080352783,0.9564999938011169,-0.29155901074409485,-0.14127446711063385,1.6890000104904175
0.05329233407974243,-0.27664539217948914,1.4639999866485596,0.08798003196716309,-0.30790895223617554,1.4889999628067017,0.027198348194360733,-0.3051113784313202,1.4639999866485596,0.18999268114566803,-0.15266452729701996,1.6640000343322754,-0.07790037244558334,-0.1929263472557068,1.5744999647140503,0.22928756475448608,0.08268647640943527,1.7369999885559082,-0.2103932499885559,-0.03311789408326149,1.500499963760376,0.13682226836681366,0.14751315116882324,0.9544999599456787,-0.2636539936065674,-0.18520520627498627,1.618499994277954
0.03668707236647606,-0.27664539217948914,1.4639999866485596,0.07116281986236572,-0.31063422560691833,1.4904999732971191,0.010625642724335194,-0.30842870473861694,1.468500018119812,0.17339734733104706,-0.15498730540275574,1.659999966621399,-0.09840386360883713,-0.19055649638175964,1.5759999752044678,0.23103640973567963,0.0786101296544075,1.7720000743865967,-0.23374153673648834,-0.06315045058727264,1.4639999866485596,0.1333787739276886,0.150211900472641,0.9520000219345093,-0.2231459766626358,-0.21832293272018433,1.5555000305175781
0.017709624022245407,-0.27664539217948914,1.4639999866485596,0.051894038915634155,-0.31094685196876526,1.4919999837875366,-0.008418727666139603,-0.30874374508857727,1.4700000286102295,0.15438275039196014,-0.15748707950115204,1.6579999923706055,-0.10861849784851074,-0.18800285458564758,1.5759999752044678,0.21632999181747437,0.06331120431423187,1.746000051498413,-0.258983850479126,-0.08814701437950134,1.446000099182129,0.13029365241527557,0.150211900472641,0.9520000219345093,-0.17097777128219604,-0.21724383533000946,1.496000051498413
-0.008392955176532269,-0.2793034315109253,1.465499997138977,0.02046588435769081,-0.31578192114830017,1.4919999837875366,-0.04176536947488785,-0.3063618540763855,1.4700000286102295,0.11648966372013092,-0.15174707770347595,1.6540000438690186,-0.14692339301109314,-0.18800285458564758,1.5759999752044678,0.19321826100349426,0.06695474684238434,1.7674999237060547,-0.30150818824768066,-0.13078323006629944,1.4255000352859497,0.1286158263683319,0.1454312950372696,0.9509999752044678,-0.14431340992450714,-0.2220918834209442,1.496000051498413
-0.029764456674456596,-0.2911764085292816,1.465499997138977,0.0011243486078456044,-0.32029464840888977,1.4904999732971191,-0.05843868851661682,-0.3158894181251526,1.4700000286102295,0.09761115908622742,-0.1515635848045349,1.6519999504089355,-0.1596916764974594,-0.20077107846736908,1.5759999752044678,0.17980943620204926,0.07593124359846115,1.7764999866485596,-0.32039347290992737,-0.1404849886894226,1.4070000648498535,0.1270080804824829,0.14535485208034515,0.9505000114440918,-0.1380940079689026,-0.21010145545005798,1.3849999904632568
-0.05113595724105835,-0.28642722964286804,1.465499997138977,-0.020611729472875595,-0.32029464840888977,1.4904999732971191,-0.07987581938505173,-0.3158894181251526,1.4700000286102295,0.07887352257966995,-0.15424036979675293,1.6519999504089355,-0.1877819299697876,-0.1931101530790329,1.5759999752044678,0.16583575308322906,0.10209587961435318,1.781000018119812,-0.3384352922439575,-0.1452825963497162,1.3875000476837158,0.1177053228020668,0.16067154705524445,0.949999988079071,-0.15721970796585083,-0.206579327583313,1.3194999694824219
-0.06796629726886749,-0.2801610827445984,1.4700000286102295,-0.03517310321331024,-0.31367942690849304,1.493499994277954,-0.0965491384267807,-0.30874374508857727,1.4700000286102295,0.0628126934170723,-0.1515635848045349,1.6519999504089355,-0.20055022835731506,-0.1931101530790329,1.5759999752044678,0.15140660107135773,0.09343844652175903,1.781000018119812,-0.35423755645751953,-0.1421581208705902,1.378999948501587,0.10385140031576157,0.1652894914150238,0.949999988079071,-0.1897599846124649,-0.2153758704662323,1.3079999685287476
-0.08250952512025833,-0.2786295413970947,1.4744999408721924,-0.05223509296774864,-0.311988890171051,1.496999979019165,-0.1108405590057373,-0.3063618540763855,1.4700000286102295,0.04675186052918434,-0.1488867998123169,1.6519999504089355,-0.22402958571910858,-0.18586106598377228,1.5794999599456787,0.12223867326974869,0.09032383561134338,1.7764999866485596,-0.37434762716293335,-0.133220374584198,1.378999948501587,0.09297814965248108,0.16511550545692444,0.9490000009536743,-0.2402578443288803,-0.24467270076274872,1.305999994277954
-0.09933482855558395,-0.2741297483444214,1.4759999513626099,-0.06944583356380463,-0.30816346406936646,1.5019999742507935,-0.12551501393318176,-0.3049105107784271,1.4744999408721924,0.02808205597102642,-0.14388076961040497,1.656000018119812,-0.23991601169109344,-0.1888379007577896,1.5829999446868896,0.11360306292772293,0.11047347635030746,1.7764999866485596,-0.38998880982398987,-0.13098593056201935,1.378999948501587,0.08076152205467224,0.16990743577480316,0.949999988079071,-0.29335638880729675,-0.25569456815719604,1.2975000143051147
-0.11380011588335037,-0.2672262191772461,1.4774999618530273,-0.08404836058616638,-0.3032959997653961,1.5019999742507935,-0.14046667516231537,-0.2990554869174957,1.4809999465942383,0.009321512654423714,-0.14153854548931122,1.659999966621399,-0.2570801079273224,-0.18240167200565338,1.593999981880188,0.08173158764839172,0.09009503573179245,1.7719999551773071,-0.40339553356170654,-0.12428262084722519,1.378999948501587,0.066907599568367,0.17144674062728882,0.949999988079071,-0.33670759201049805,-0.26852306723594666,1.2785000801086426
