0.06737817078828812,-0.02076415717601776,1.2065000534057617,0.09321945160627365,-0.03809146210551262,1.1399999856948853,0.03844037279486656,-0.040417931973934174,1.055999994277954,0.17183203995227814,-0.0770253911614418,1.3344999551773071,-0.09673018008470535,-0.09291690587997437,1.2300000190734863,0.21429994702339172,0.10508009791374207,1.4950000047683716,-0.18149153888225555,0.11030671000480652,1.3250000476837158,0.15426066517829895,0.1829352080821991,1.3704999685287476,-0.030859805643558502,0.14775502681732178,1.2259999513626099
0.06751778721809387,-0.018848201259970665,1.2089999914169312,0.09321945160627365,-0.03809146210551262,1.1399999856948853,0.03844037279486656,-0.038706861436367035,1.055999994277954,0.17615674436092377,-0.07053839415311813,1.3344999551773071,-0.09680881351232529,-0.09698168933391571,1.2309999465942383,0.21458663046360016,0.10279502719640732,1.496999979019165,-0.18149153888225555,0.11030671000480652,1.3250000476837158,0.15426066517829895,0.18071453273296356,1.3704999685287476,-0.030859805643558502,0.14775502681732178,1.2259999513626099
0.06737817078828812,-0.02076415717601776,1.2065000534057617,0.09321945160627365,-0.03809146210551262,1.1399999856948853,0.03844037279486656,-0.040417931973934174,1.055999994277954,0.17183203995227814,-0.07918772846460342,1.3344999551773071,-0.09680881351232529,-0.09099780768156052,1.2309999465942383,0.21216098964214325,0.10522066801786423,1.496999979019165,-0.18363848328590393,0.11030671000480652,1.3250000476837158,0.15426066517829895,0.17849387228488922,1.3704999685287476,-0.03082204796373844,0.1475742608308792,1.2244999408721924
0.06933311372995377,-0.02076415717601776,1.2065000534057617,0.09729638695716858,-0.03638735041022301,1.1445000171661377,0.03672929108142853,-0.038706861436367035,1.055999994277954,0.1741899698972702,-0.07711196690797806,1.3359999656677246,-0.09688746184110641,-0.0910717323422432,1.2319999933242798,0.21701228618621826,0.10522066801786423,1.496999979019165,-0.18363848328590393,0.10815976560115814,1.3250000476837158,0.15682388842105865,0.18111012876033783,1.3734999895095825,-0.03078429400920868,0.14739349484443665,1.2230000495910645
0.06933311372995377,-0.02076415717601776,1.2065000534057617,0.09544190764427185,-0.04009629040956497,1.1445000171661377,0.03672929108142853,-0.040417931973934174,1.055999994277954,0.17399439215660095,-0.0770253911614418,1.3344999551773071,-0.09481417387723923,-0.09099780768156052,1.2309999465942383,0.21672235429286957,0.10508009791374207,1.4950000047683716,-0.1838463544845581,0.11043157428503036,1.3264999389648438,0.15459834039211273,0.1855611652135849,1.3734999895095825,-0.03276597335934639,0.14739349484443665,1.2230000495910645
0.06737817078828812,-0.02076415717601776,1.2065000534057617,0.09544190764427185,-0.041950762271881104,1.1445000171661377,0.03672929108142853,-0.04212900251150131,1.055999994277954,0.17399439215660095,-0.0770253911614418,1.3344999551773071,-0.09688746184110641,-0.0910717323422432,1.2319999933242798,0.21672235429286957,0.10265769064426422,1.4950000047683716,-0.184400737285614,0.10860871523618698,1.3304998874664307,0.15951262414455414,0.17717356979846954,1.377500057220459,-0.03276597335934639,0.14541183412075043,1.2230000495910645
0.06901704519987106,-0.022615518420934677,1.2009999752044678,0.09535852074623108,-0.041914112865924835,1.1435000896453857,0.040151458233594894,-0.040417931973934174,1.055999994277954,0.17144577205181122,-0.0768522396683693,1.3315000534057617,-0.09496822208166122,-0.09114565700292587,1.2330000400543213,0.21672235429286957,0.10265769064426422,1.4950000047683716,-0.1827927827835083,0.10893523693084717,1.3344999551773071,0.16427426040172577,0.1752590388059616,1.3799999952316284,-0.03078429400920868,0.14739349484443665,1.2230000495910645
0.06707101315259933,-0.020669499412178993,1.2009999752044678,0.09481647610664368,-0.041675858199596405,1.1370000839233398,0.03845857083797455,-0.042148951441049576,1.05649995803833,0.17327730357646942,-0.07670794427394867,1.3289999961853027,-0.09504523873329163,-0.09321907162666321,1.2339999675750732,0.21429994702339172,0.10750249028205872,1.4950000047683716,-0.1831352263689041,0.11130571365356445,1.3370000123977661,0.16874639689922333,0.16855086386203766,1.3799999952316284,-0.02880261465907097,0.14541183412075043,1.2230000495910645
0.06890211254358292,-0.020635079592466354,1.1990000009536743,0.09665879607200623,-0.039833538234233856,1.1370000839233398,0.040189478546381,-0.04216890037059784,1.0570000410079956,0.17314691841602325,-0.07880202680826187,1.3279999494552612,-0.09312114119529724,-0.09529571235179901,1.2349998950958252,0.21650490164756775,0.104974664747715,1.493499994277954,-0.18110419809818268,0.109220951795578,1.3380000591278076,0.1709824651479721,0.16855086386203766,1.3799999952316284,-0.026820937171578407,0.14343015849590302,1.2230000495910645
0.06890211254358292,-0.020635079592466354,1.1990000009536743,0.09665879607200623,-0.039833538234233856,1.1370000839233398,0.0402275025844574,-0.04049448296427727,1.058000087738037,0.172951340675354,-0.07871301472187042,1.3264999389648438,-0.09512225538492203,-0.09529571235179901,1.2349998950958252,0.21628744900226593,0.10486923158168793,1.4919999837875366,-0.18347765505313873,0.10934338718652725,1.3394999504089355,0.1689298301935196,0.1709725707769394,1.381500005722046,-0.026820937171578407,0.1414484977722168,1.2230000495910645
0.06890211254358292,-0.020635079592466354,1.1990000009536743,0.09665879607200623,-0.039833538234233856,1.1370000839233398,0.03856777772307396,-0.040551893413066864,1.059499979019165,0.17048004269599915,-0.07856467366218567,1.3240000009536743,-0.09512225538492203,-0.09529571235179901,1.2349998950958252,0.2160700112581253,0.10717890411615372,1.4904999732971191,-0.18151023983955383,0.1094658374786377,1.340999960899353,0.17166391015052795,0.1692226231098175,1.3854999542236328,-0.02880261465907097,0.1414484977722168,1.2230000495910645
0.06890211254358292,-0.020635079592466354,1.1990000009536743,0.096651092171669,-0.042482249438762665,1.159000039100647,0.036851026117801666,-0.04226863384246826,1.059499979019165,0.1724950075149536,-0.07850532978773117,1.3229999542236328,-0.09312114119529724,-0.09529571235179901,1.2349998950958252,0.2160700112581253,0.10476379841566086,1.4904999732971191,-0.1836831122636795,0.1094658374786377,1.340999960899353,0.17094744741916656,0.17527981102466583,1.3980000019073486,-0.026799006387591362,0.13935278356075287,1.222000002861023
0.06701517105102539,-0.02065229043364525,1.2000000476837158,0.09649031609296799,-0.043251991271972656,1.1800000667572021,0.038622383028268814,-0.042328476905822754,1.0609999895095825,0.17262539267539978,-0.07856467366218567,1.3240000009536743,-0.09304574131965637,-0.09521855413913727,1.2339999675750732,0.21848514676094055,0.10476379841566086,1.4904999732971191,-0.18151023983955383,0.1094658374786377,1.340999960899353,0.1727205067873001,0.17480908334255219,1.412500023841858,-0.026777073740959167,0.13923874497413635,1.2209999561309814
0.06712686270475388,-0.022634349763393402,1.2020000219345093,0.09640853106975555,-0.04321533069014549,1.178999900817871,0.038658786565065384,-0.04236837476491928,1.062000036239624,0.17048004269599915,-0.07856467366218567,1.3240000009536743,-0.09312114119529724,-0.09529571235179901,1.2349998950958252,0.2160700112581253,0.10476379841566086,1.4904999732971191,-0.18164560198783875,0.10954746603965759,1.3420000076293945,0.17556679248809814,0.17306998372077942,1.4170000553131104,-0.02675514668226242,0.13912472128868103,1.2200000286102295
0.06542322784662247,-0.022719087079167366,1.2065000534057617,0.09657207876443863,-0.043288640677928925,1.180999994277954,0.03354369103908539,-0.04242821782827377,1.0635000467300415,0.17048004269599915,-0.07856467366218567,1.3240000009536743,-0.09720202535390854,-0.09136741608381271,1.2359999418258667,0.2158525586128235,0.10465836524963379,1.4889999628067017,-0.1839570850133896,0.10962910205125809,1.343000054359436,0.17327076196670532,0.17536599934101105,1.4170000553131104,-0.028684858232736588,0.1388966292142868,1.2179999351501465
0.0655587911605835,-0.02276616357266903,1.2089999914169312,0.09730802476406097,-0.04361853003501892,1.190000057220459,0.03354369103908539,-0.04415144398808479,1.0635000467300415,0.17048004269599915,-0.07641934603452682,1.3240000009536743,-0.09720202535390854,-0.09337014704942703,1.2359999418258667,0.2160700112581253,0.1023486852645874,1.4904999732971191,-0.18382009863853455,0.1117219626903534,1.3420000076293945,0.16867871582508087,0.17766202986240387,1.4170000553131104,-0.03257843106985092,0.13866858184337616,1.2160000801086426
0.0655587911605835,-0.02472514659166336,1.2089999914169312,0.09730802476406097,-0.04747492074966431,1.190000057220459,0.03354369103908539,-0.04415144398808479,1.0635000467300415,0.17048004269599915,-0.07856467366218567,1.3240000009536743,-0.09720202535390854,-0.09337014704942703,1.2359999418258667,0.21848514676094055,0.10717890411615372,1.4904999732971191,-0.18164560198783875,0.1117219626903534,1.3420000076293945,0.1526065468788147,0.19603011012077332,1.4170000553131104,-0.03257843106985092,0.14063890278339386,1.2160000801086426
0.0655587911605835,-0.026684127748012543,1.2089999914169312,0.09931962192058563,-0.047514814883470535,1.190999984741211,0.03354369103908539,-0.045874662697315216,1.0635000467300415,0.1683347225189209,-0.07856467366218567,1.3240000009536743,-0.09920477122068405,-0.09337014704942703,1.2359999418258667,0.2160700112581253,0.10717890411615372,1.4904999732971191,-0.1836831122636795,0.1094658374786377,1.340999960899353,0.15490257740020752,0.19143806397914886,1.4170000553131104,-0.03257843106985092,0.14260922372341156,1.2160000801086426
0.06751778721809387,-0.026684127748012543,1.2089999914169312,0.09730802476406097,-0.0494031198322773,1.190000057220459,0.03526692092418671,-0.045874662697315216,1.0635000467300415,0.1682075709104538,-0.07850532978773117,1.3229999542236328,-0.09912450611591339,-0.09129349142313004,1.2349998950958252,0.21365489065647125,0.10717890411615372,1.4904999732971191,-0.18802888691425323,0.1094658374786377,1.340999960899353,0.14754444360733032,0.20227372646331787,1.412500023841858,-0.028637759387493134,0.14457954466342926,1.2160000801086426
0.0655587911605835,-0.026684127748012543,1.2089999914169312,0.09730802476406097,-0.04747492074966431,1.190000057220459,0.038658786565065384,-0.047530755400657654,1.062000036239624,0.17262539267539978,-0.07427403330802917,1.3240000009536743,-0.10120750963687897,-0.09537287801504135,1.2359999418258667,0.2158525586128235,0.10465836524963379,1.4889999628067017,-0.1836831122636795,0.1094658374786377,1.340999960899353,0.1443815976381302,0.1896817535161972,1.4040000438690186,-0.030608097091317177,0.15049052238464355,1.2160000801086426
