-0.13537314534187317,0.06576242297887802,1.3359999656677246,-0.11246643960475922,0.03422540798783302,1.3734999895095825,-0.16924607753753662,0.03529650345444679,1.3300000429153442,-0.02108190767467022,0.20843161642551422,1.5245000123977661,-0.30257266759872437,0.20101426541805267,1.3880000114440918,0.037068989127874374,0.46223002672195435,1.5815000534057617,-0.34903085231781006,0.4534604251384735,1.4700000286102295,0,0,0,0,0,0
-0.16351525485515594,0.09390435367822647,1.3359999656677246,-0.14139845967292786,0.06538277119398117,1.3734999895095825,-0.19689100980758667,0.06534402817487717,1.3275001049041748,-0.04985934868454933,0.24615401029586792,1.4984999895095825,-0.32956111431121826,0.23250055313110352,1.3880000114440918,0.01640079729259014,0.4905298352241516,1.565500020980835,-0.3743717074394226,0.49118542671203613,1.4759999513626099,0,0,0,0,0,0
-0.17630574107170105,0.11325991153717041,1.3344999551773071,-0.1545826941728592,0.08309613168239594,1.371999979019165,-0.20924387872219086,0.08018898218870163,1.3240000009536743,-0.059074752032756805,0.2585475444793701,1.4859999418258667,-0.34755340218544006,0.2459946870803833,1.3880000114440918,0.011226206086575985,0.516310453414917,1.5514999628067017,-0.38872143626213074,0.4983602464199066,1.4759999513626099,0,0,0,0,0,0
-0.19122697412967682,0.12609201669692993,1.3329999446868896,-0.16773776710033417,0.09410860389471054,1.3704999685287476,-0.22341430187225342,0.09270945936441422,1.319000005722046,-0.07320012897253036,0.27419760823249817,1.4795000553131104,-0.36329659819602966,0.2594888210296631,1.3880000114440918,-0.0013392672408372164,0.527175784111023,1.5464999675750732,-0.4102460741996765,0.49118542671203613,1.4759999513626099,0,0,0,0,0,0
-0.20827169716358185,0.13673749566078186,1.3315000534057617,-0.18530017137527466,0.10509677976369858,1.36899995803833,-0.23932692408561707,0.10288602113723755,1.3125,-0.089129738509655,0.2811013460159302,1.465499997138977,-0.38170093297958374,0.2755293846130371,1.3895000219345093,-0.0013319061836227775,0.5467069149017334,1.5379999876022339,-0.4269874095916748,0.5174931287765503,1.4759999513626099,0,0,0,0,0,0
-0.21997055411338806,0.14883920550346375,1.3240000009536743,-0.20046114921569824,0.11818994581699371,1.366499900817871,-0.2512228190898895,0.1152496337890625,1.3079999685287476,-0.10017575323581696,0.2905753552913666,1.4535000324249268,-0.39703214168548584,0.28647705912590027,1.3880000114440918,-0.0062277852557599545,0.546436071395874,1.5164999961853027,-0.4413371682167053,0.5270595550537109,1.4759999513626099,0,0,0,0,0,0
-0.23561082780361176,0.15854139626026154,1.315500020980835,-0.2153283804655075,0.1266748011112213,1.3624999523162842,-0.26725542545318604,0.12541364133358002,1.3034999370574951,-0.11840296536684036,0.2961049973964691,1.4459999799728394,-0.41502439975738525,0.2977221608161926,1.3880000114440918,-0.01573384553194046,0.5330382585525513,1.4860000610351562,-0.4580785632133484,0.5366259813308716,1.4759999513626099,0,0,0,0,0,0
-0.24745604395866394,0.1706794649362564,1.310499906539917,-0.23035892844200134,0.1374606192111969,1.3599998950958252,-0.28117474913597107,0.1355568915605545,1.2994999885559082,-0.1387666016817093,0.30156171321868896,1.438499927520752,-0.43045732378959656,0.3064972758293152,1.3870000839233398,-0.032139070332050323,0.5280594229698181,1.465499997138977,-0.4786284267902374,0.552242636680603,1.4730000495910645,0,0,0,0,0,0
-0.2632330060005188,0.1804666668176651,1.3044999837875366,-0.24397733807563782,0.14738711714744568,1.3499999046325684,-0.29511719942092896,0.14569154381752014,1.2960000038146973,-0.14995035529136658,0.3099125921726227,1.434000015258789,-0.44538500905036926,0.31716156005859375,1.3845000267028809,-0.05312717705965042,0.5077728033065796,1.4549999237060547,-0.49366772174835205,0.550110936164856,1.4609999656677246,0,0,0,0,0,0
-0.27485784888267517,0.18819743394851685,1.2994999885559082,-0.2551024258136749,0.15709295868873596,1.3394999504089355,-0.31047284603118896,0.153377965092659,1.2899999618530273,-0.1648823767900467,0.316646933555603,1.4225000143051147,-0.4565252363681793,0.32448604702949524,1.377500057220459,-0.07388568669557571,0.49526000022888184,1.4459999799728394,-0.5065720081329346,0.5461574196815491,1.4505000114440918,0,0,0,0,0,0
-0.2909172773361206,0.19609035551548004,1.2960000038146973,-0.2697911262512207,0.16329891979694366,1.3370000123977661,-0.32321441173553467,0.1607985496520996,1.2825000286102295,-0.17936265468597412,0.3228885531425476,1.409500002861023,-0.4716263711452484,0.33591580390930176,1.369499921798706,-0.0805789902806282,0.5025380849838257,1.440000057220459,0,0,0,0,0,0,0,0,0
-0.30304867029190063,0.20207788050174713,1.2940000295639038,-0.2847427725791931,0.17183583974838257,1.3359999656677246,-0.33631253242492676,0.1642472743988037,1.2769999504089355,-0.19700266420841217,0.3286873996257782,1.4049999713897705,-0.4840554893016815,0.34416255354881287,1.3669999837875366,-0.0913165882229805,0.49285826086997986,1.4255000352859497,0,0,0,0,0,0,0,0,0
-0.31711190938949585,0.2058727890253067,1.2915000915527344,-0.29955947399139404,0.17596755921840668,1.3344999551773071,-0.3468160033226013,0.1674625724554062,1.2699999809265137,-0.2073473483324051,0.32931503653526306,1.3980000019073486,-0.4990123510360718,0.35042262077331543,1.3654999732971191,-0.0950612798333168,0.5020959377288818,1.412500023841858,0,0,0,0,0,0,0,0,0
-0.32902979850769043,0.20965148508548737,1.2890000343322754,-0.3096735179424286,0.17772947251796722,1.3315000534057617,-0.35774898529052734,0.1688529998064041,1.2649999856948853,-0.2203066349029541,0.3328903019428253,1.3940000534057617,-0.5133700370788574,0.3562758266925812,1.3624999523162842,-0.10825452208518982,0.4904980957508087,1.4054999351501465,0,0,0,0,0,0,0,0,0
-0.33670759201049805,0.20587211847305298,1.2785000801086426,-0.31985923647880554,0.1795491725206375,1.3289999961853027,-0.36916980147361755,0.17049740254878998,1.2619999647140503,-0.23160041868686676,0.33514904975891113,1.3940000534057617,-0.5202845931053162,0.35936760902404785,1.3574999570846558,-0.1137356236577034,0.4779879152774811,1.3889999389648438,0,0,0,0,0,0,0,0,0
-0.34094634652137756,0.20550398528575897,1.2634999752044678,-0.3282257914543152,0.1794140636920929,1.3279999494552612,-0.37570473551750183,0.16975435614585876,1.256500005722046,-0.237863689661026,0.338935524225235,1.3910000324249268,-0.5261598825454712,0.3617570102214813,1.3499999046325684,-0.11581091582775116,0.4703849256038666,1.3605000972747803,0,0,0,0,0,0,0,0,0
-0.34692496061325073,0.204202800989151,1.2554999589920044,-0.33556488156318665,0.1787385642528534,1.3229999542236328,-0.3804451823234558,0.16914640367031097,1.2519999742507935,-0.24590308964252472,0.3353503942489624,1.3854999542236328,-0.5305519700050354,0.36246180534362793,1.3445000648498535,-0.12137960642576218,0.4417201578617096,1.3020000457763672,0,0,0,0,0,0,0,0,0
-0.3487571179866791,0.20290163159370422,1.247499942779541,-0.33728349208831787,0.1773875504732132,1.312999963760376,-0.3817385733127594,0.16591644287109375,1.2430000305175781,-0.24967016279697418,0.3366207182407379,1.381500005722046,-0.53648841381073,0.3620574176311493,1.343000054359436,-0.11704462766647339,0.4279788136482239,1.255500078201294,0,0,0,0,0,0,0,0,0
-0.3512445092201233,0.19999466836452484,1.2420001029968262,-0.3381185233592987,0.1767120510339737,1.3079999685287476,-0.3829807937145233,0.16558273136615753,1.2404999732971191,-0.2511793076992035,0.33341407775878906,1.377500057220459,-0.5307493805885315,0.358943372964859,1.3394999504089355,-0.11670780181884766,0.41746285557746887,1.2304999828338623,0,0,0,0,0,0,0,0,0
-0.3512445092201233,0.19999466836452484,1.2420001029968262,-0.3374722898006439,0.1742589771747589,1.3055000305175781,-0.38236331939697266,0.1633089780807495,1.2384999990463257,-0.2511793076992035,0.331182062625885,1.377500057220459,-0.5319252014160156,0.36043986678123474,1.3370000123977661,-0.11542179435491562,0.4020504951477051,1.1965000629425049,0,0,0,0,0,0,0,0,0
