0.46887731552124023,-0.2740110158920288,3.0959999561309814,0.4569174647331238,-0.3627791404724121,3.0829999446868896,0.13192224502563477,-0.11345422267913818,1.0509999990463257,0.17994078993797302,-0.01483144424855709,1.2009999752044678,-0.0986175686120987,-0.0011891748290508986,1.180999994277954,0.2558756172657013,0.17792968451976776,1.3329999446868896,-0.19690367579460144,0.184214785695076,1.2719999551773071,0.16154947876930237,0.22602447867393494,1.2089999914169312,-0.0639006495475769,0.22747710347175598,1.1759999990463257
0.4789104461669922,-0.2740110158920288,3.0959999561309814,0.46393561363220215,-0.3593503534793854,3.0964999198913574,0.1345152109861374,-0.1124955490231514,1.0579999685287476,0.18009063601493835,-0.014843793585896492,1.2020000219345093,-0.09637641906738281,-0.001185147208161652,1.1770000457763672,0.25645148754119873,0.17833012342453003,1.3359999656677246,-0.19896475970745087,0.18833690881729126,1.2719999551773071,0.16181671619415283,0.22443614900112152,1.2109999656677246,-0.05813460424542427,0.23299533128738403,1.1749999523162842
0.4789104461669922,-0.2740110158920288,3.0959999561309814,0.4720577001571655,-0.3617294132709503,3.117000102996826,0.1366158127784729,-0.1128145381808281,1.0609999895095825,0.1802404671907425,-0.014856143854558468,1.2030000686645508,-0.09596698731184006,-0.0011801124783232808,1.1719999313354492,0.25447705388069153,0.17629721760749817,1.3370000123977661,-0.19896475970745087,0.1903979778289795,1.2719999551773071,0.16431991755962372,0.22517748177051544,1.215000033378601,-0.05599142983555794,0.23389968276023865,1.1700000762939453
0.48392704129219055,-0.2689944803714752,3.0959999561309814,0.4792512357234955,-0.35828083753585815,3.13100004196167,0.13859575986862183,-0.11130478233098984,1.062999963760376,0.18061502277851105,-0.014887016266584396,1.2055000066757202,-0.09555758535861969,0.0007158494554460049,1.1670000553131104,0.2551432251930237,0.1767587512731552,1.3405001163482666,-0.19605229794979095,0.19367901980876923,1.2664999961853027,0.16669923067092896,0.2257334589958191,1.2179999351501465,-0.05570429563522339,0.23458626866340637,1.1640000343322754
0.48894360661506653,-0.26397791504859924,3.0959999561309814,0.4792512357234955,-0.3481343388557434,3.13100004196167,0.14217422902584076,-0.10968545824289322,1.0640000104904175,0.18279552459716797,-0.014905540272593498,1.2070000171661377,-0.09711451083421707,-0.001171050244010985,1.1629999876022339,0.2510797381401062,0.16825859248638153,1.3420000076293945,-0.19147269427776337,0.19520661234855652,1.25,0.1727616935968399,0.22789399325847626,1.218999981880188,-0.05182059481739998,0.23220039904117584,1.1614999771118164
0.48894360661506653,-0.25896137952804565,3.0959999561309814,0.48468509316444397,-0.34695079922676086,3.1665000915527344,0.14045019447803497,-0.10451336205005646,1.0640000104904175,0.18294695019721985,-0.014917888678610325,1.2079999446868896,-0.09698925167322159,0.002594491234049201,1.1614999771118164,0.2489052265882492,0.16390961408615112,1.3420000076293945,-0.18778012692928314,0.1975039690732956,1.2389999628067017,0.17685703933238983,0.22610414028167725,1.2200000286102295,-0.044235289096832275,0.23002095520496368,1.1600000858306885
0.49115464091300964,-0.23493623733520508,3.1100001335144043,0.48797598481178284,-0.33380964398384094,3.187999963760376,0.14217422902584076,-0.09761722385883331,1.0640000104904175,0.18309840559959412,-0.014930238015949726,1.2089999914169312,-0.09694750607013702,0.002593374578282237,1.1610000133514404,0.24437399208545685,0.16378746926784515,1.340999960899353,-0.18175731599330902,0.20754191279411316,1.2389999628067017,0.18308714032173157,0.22449475526809692,1.222000002861023,-0.027295364066958427,0.23357859253883362,1.159000039100647
0.5006611943244934,-0.23705141246318817,3.138000011444092,0.48904746770858765,-0.3241886794567108,3.194999933242798,0.14389826357364655,-0.09416916221380234,1.0640000104904175,0.18113940954208374,-0.012971256859600544,1.2089999914169312,-0.09882871806621552,-0.0030502418521791697,1.1610000133514404,0.2417495846748352,0.16348212957382202,1.3385000228881836,-0.17337638139724731,0.2131337821483612,1.2365000247955322,0.1852186620235443,0.22269681096076965,1.2230000495910645,-0.01978345774114132,0.23545654118061066,1.159000039100647
0.49842754006385803,-0.22586998343467712,3.124000072479248,0.4942244291305542,-0.31901171803474426,3.194999933242798,0.14217422902584076,-0.09244512766599655,1.0640000104904175,0.18113940954208374,-0.014930238015949726,1.2089999914169312,-0.09874359518289566,0.0007115555927157402,1.1600000858306885,0.2369685024023056,0.16101200878620148,1.3359999656677246,-0.16902682185173035,0.21670182049274445,1.2339999675750732,0.18842485547065735,0.2241535186767578,1.2309999465942383,-0.016027504578232765,0.24109044671058655,1.159000039100647
0.4939601719379425,-0.22384552657604218,3.0959999561309814,0.48797598481178284,-0.3131471872329712,3.187999963760376,0.14389826357364655,-0.09072109311819077,1.0640000104904175,0.18128924071788788,-0.014942588284611702,1.2100000381469727,-0.09840309619903564,0.0007091019069775939,1.156000018119812,0.2369685024023056,0.16101200878620148,1.3359999656677246,-0.1607678383588791,0.22034311294555664,1.2319999933242798,0.19281715154647827,0.2229364514350891,1.246500015258789,-0.012218612246215343,0.24005036056041718,1.1540000438690186
0.49842754006385803,-0.22586998343467712,3.124000072479248,0.49314162135124207,-0.3131471872329712,3.187999963760376,0.14184017479419708,-0.09050793945789337,1.061500072479248,0.18113940954208374,-0.014930238015949726,1.2089999914169312,-0.09594545513391495,0.006290092132985592,1.1489999294281006,0.23307427763938904,0.16348212957382202,1.3385000228881836,-0.15864267945289612,0.21816962957382202,1.2309999465942383,0.19629760086536407,0.22696058452129364,1.2690000534057617,-0.00835395697504282,0.2365141063928604,1.1370000839233398
0.5068740248680115,-0.22738830745220184,3.1449999809265137,0.4920588433742523,-0.3124595880508423,3.180999994277954,0.14308682084083557,-0.09020951390266418,1.058000087738037,0.17918041348457336,-0.014930238015949726,1.2089999914169312,-0.09552794694900513,0.002555401064455509,1.1440000534057617,0.23307427763938904,0.16131331026554108,1.3385000228881836,-0.15440216660499573,0.21980658173561096,1.2290000915527344,0.19861790537834167,0.2254822999238968,1.284000039100647,-0.004615912213921547,0.23563115298748016,1.124000072479248
0.5143304467201233,-0.2284366935491562,3.1595001220703125,0.4950248897075653,-0.31621602177619934,3.1670000553131104,0.14288394153118134,-0.0900816097855568,1.05649995803833,0.1852104663848877,-0.016903189942240715,1.2100000381469727,-0.09174033999443054,0.006257245782762766,1.1430000066757202,0.22995662689208984,0.15849055349826813,1.3329999446868896,-0.15265876054763794,0.2201642543077469,1.2309999465942383,0.19653739035129547,0.2254822999238968,1.284000039100647,-0.0009725167183205485,0.23542150855064392,1.1230000257492065
0.5194498896598816,-0.2284366935491562,3.1595001220703125,0.4905701279640198,-0.31337034702301025,3.1384999752044678,0.1461000144481659,-0.0899537205696106,1.0550000667572021,0.1852104663848877,-0.016903189942240715,1.2100000381469727,-0.09355144202709198,0.004403279162943363,1.1424999237060547,0.23159416019916534,0.1581338793039322,1.3300000429153442,-0.14866948127746582,0.22215887904167175,1.2309999465942383,0.20069843530654907,0.2254822999238968,1.284000039100647,0.002663209568709135,0.23692424595355988,1.121500015258789
0.5194498896598816,-0.2284366935491562,3.1595001220703125,0.5001564621925354,-0.31621602177619934,3.1670000553131104,0.14596152305603027,-0.0898684486746788,1.0540000200271606,0.18928800523281097,-0.018879380077123642,1.2109999656677246,-0.09166007488965988,0.004401352256536484,1.1419999599456787,0.23572690784931183,0.1623218059539795,1.3289999961853027,-0.14691315591335297,0.22451771795749664,1.2330000400543213,0.20277895033359528,0.227562814950943,1.284000039100647,0.006269560195505619,0.23767706751823425,1.1165000200271606
0.5296888947486877,-0.2284366935491562,3.1595001220703125,0.5104197263717651,-0.31108441948890686,3.1670000553131104,0.15072669088840485,-0.08965529501438141,1.0515000820159912,0.19321246445178986,-0.016917157918214798,1.2109999656677246,-0.08980964124202728,0.004401352256536484,1.1419999599456787,0.2398531436920166,0.16004787385463715,1.3279999494552612,-0.14491526782512665,0.22451771795749664,1.2330000400543213,0.20710116624832153,0.22982218861579895,1.2850000858306885,0.009847931563854218,0.23852092027664185,1.1119999885559082
0.5285153388977051,-0.23303867876529694,3.1525001525878906,0.5155513882637024,-0.31108441948890686,3.1670000553131104,0.1486685872077942,-0.08944213390350342,1.0490000247955322,0.19713693857192993,-0.016917157918214798,1.2109999656677246,-0.08610878139734268,0.002550933277234435,1.1419999599456787,0.2463085800409317,0.16865506768226624,1.3279999494552612,-0.14057663083076477,0.22795744240283966,1.2300000190734863,0.21110102534294128,0.23796534538269043,1.284000039100647,0.013439474627375603,0.24010659754276276,1.1109999418258667
0.5362536311149597,-0.226882204413414,3.138000011444092,0.5261682271957397,-0.3184557557106018,3.1384999752044678,0.15199558436870575,-0.08939950168132782,1.0485000610351562,0.19893476366996765,-0.016903189942240715,1.2100000381469727,-0.08240791410207748,0.002550933277234435,1.1419999599456787,0.2524785101413727,0.17061394453048706,1.3264999389648438,-0.1363684982061386,0.22360725700855255,1.2280000448226929,0.215988427400589,0.2364826798439026,1.2760000228881836,0.013427377678453922,0.2398904711008072,1.1099998950958252
0.5464228987693787,-0.226882204413414,3.138000011444092,0.5412094593048096,-0.31621602177619934,3.1670000553131104,0.15517112612724304,-0.09096808731555939,1.0469999313354492,0.20677721500396729,-0.012981986626982689,1.2100000381469727,-0.07863814383745193,0.004397498443722725,1.1410000324249268,0.265074759721756,0.17471490800380707,1.3250000476837158,-0.13437871634960175,0.22360725700855255,1.2280000448226929,0.2207980453968048,0.23705461621284485,1.2680000066757202,0.015212241560220718,0.239674374461174,1.1089999675750732
0.5591641068458557,-0.22793057560920715,3.1525001525878906,0.55405592918396,-0.3147682249546051,3.1525001525878906,0.1565679907798767,-0.08910107612609863,1.0450000762939453,0.21008899807929993,-0.012944435700774193,1.2065000534057617,-0.07302764803171158,0.0025464659556746483,1.1399999856948853,0.27397236227989197,0.17276330292224884,1.3264999389648438,-0.12840937077999115,0.2196277230978012,1.2280000448226929,0.22464117407798767,0.23677419126033783,1.2664999961853027,0.016986194998025894,0.23935018479824066,1.1074999570846558
