0.06884642690420151,0.032969702035188675,1.0499999523162842,0.08976923674345016,0.004316562786698341,1.1200000047683716,0.029695702716708183,0.014307407662272453,0.9414999485015869,0.1835046410560608,-0.0011821264633908868,1.1740000247955322,-0.07474992424249649,-0.04029052332043648,0.9704999923706055,0.24247342348098755,0.21498991549015045,1.2960000038146973,-0.13845092058181763,0.16814491152763367,1.0880000591278076,0.23532608151435852,0.29337966442108154,1.05649995803833,0.032597459852695465,0.14799991250038147,1.0334999561309814
0.06352987140417099,0.03285980597138405,1.0464999675750732,0.08571666479110718,0.004295365884900093,1.1145000457763672,0.02691345103085041,0.014451773837208748,0.9509999752044678,0.1816023588180542,-0.0011821264633908868,1.1740000247955322,-0.07734481990337372,-0.03764302656054497,0.9835000038146973,0.24275407195091248,0.21103397011756897,1.2975000143051147,-0.13845092058181763,0.16814491152763367,1.0880000591278076,0.24091292917728424,0.2969612777233124,1.0509999990463257,0.032597459852695465,0.14967451989650726,1.0334999561309814
0.06544370949268341,0.03126835450530052,1.0499999523162842,0.08517828583717346,0.002473869128152728,1.1074999570846558,0.027069101110100746,0.017635049298405647,0.9564999938011169,0.1816023588180542,-0.0011821264633908868,1.1740000247955322,-0.07729165256023407,-0.041660524904727936,1.003499984741211,0.24838940799236298,0.2209482640028,1.2940000295639038,-0.13504905998706818,0.17006400227546692,1.0889999866485596,0.251872718334198,0.30227893590927124,1.0399999618530273,0.032597459852695465,0.15134914219379425,1.0334999561309814
0.07058138400316238,0.029581086710095406,1.0505000352859497,0.08864711970090866,-0.0029057427309453487,1.1059999465942383,0.030421145260334015,0.013094116002321243,0.9645000100135803,0.18191172182559967,-0.001184140215627849,1.1759999990463257,-0.07806187123060226,-0.03879126161336899,1.0134999752044678,0.2500022053718567,0.21633608639240265,1.2915000915527344,-0.13535910844802856,0.16868582367897034,1.0915000438690186,0.2508253753185272,0.2937352657318115,1.0220000743865967,0.030922837555408478,0.15302373468875885,1.0334999561309814
0.06717704236507416,0.029581086710095406,1.0505000352859497,0.08498601615428925,-0.0011126488680019975,1.1050000190734863,0.027507754042744637,0.013195936568081379,0.972000002861023,0.18237577378749847,0.0007232102798298001,1.178999900817871,-0.08045119792222977,-0.03583967313170433,1.0230000019073486,0.25160685181617737,0.21591730415821075,1.2890000343322754,-0.1377558708190918,0.1694585382938385,1.096500039100647,0.2456875741481781,0.2874428331851959,0.9944999814033508,0.031132278963923454,0.15574614703655243,1.0404999256134033
0.06547487527132034,0.029581086710095406,1.0505000352859497,0.08319553732872009,-0.0011126488680019975,1.1050000190734863,0.027620954439044,0.013250241056084633,0.9760000109672546,0.17870646715164185,0.0007238237303681672,1.1799999475479126,-0.08056914806365967,-0.03921227902173996,1.0244998931884766,0.25508958101272583,0.22157984972000122,1.2855000495910645,-0.13832122087478638,0.17015400528907776,1.1010000705718994,0.2525988221168518,0.29023995995521545,0.9714999794960022,0.029601966962218285,0.15826429426670074,1.0460000038146973
0.06386376917362213,0.0279187373816967,1.0520000457763672,0.08125771582126617,-0.0011106348829343915,1.1029999256134033,0.026159560307860374,0.011722597293555737,0.9804999828338623,0.18092459440231323,0.0007250505150295794,1.181999921798706,-0.08056914806365967,-0.037552252411842346,1.0244998931884766,0.2511368989944458,0.2199423462152481,1.2760000228881836,-0.14067783951759338,0.17084944248199463,1.1054999828338623,0.2465028464794159,0.2834659814834595,0.9539999961853027,0.024540768936276436,0.16520151495933533,1.0469999313354492
0.061057962477207184,0.03164059668779373,1.0625,0.07932639122009277,0.0006753643974661827,1.1010000705718994,0.026292959228157997,0.01178237609565258,0.9854999780654907,0.17916081845760345,0.0007256640237756073,1.183000087738037,-0.08222919702529907,-0.03921227902173996,1.0244998931884766,0.24838148057460785,0.21752919256687164,1.2620000839233398,-0.13839738070964813,0.17428044974803925,1.1159999370574951,0.2463241070508957,0.2782262861728668,0.9415000081062317,0.0263124480843544,0.16907759010791779,1.0499999523162842
0.06171882525086403,0.03024282492697239,1.0740000009536743,0.07754239439964294,0.0006753643974661827,1.1010000705718994,0.023169580847024918,0.011818243190646172,0.9884999990463257,0.1794636994600296,0.0007268907502293587,1.184999942779541,-0.08388923108577728,-0.037552252411842346,1.0244998931884766,0.24953335523605347,0.21879108250141144,1.2574999332427979,-0.1413363814353943,0.17386306822299957,1.125,0.2440185397863388,0.27125704288482666,0.9385000467300415,0.02468140423297882,0.17809171974658966,1.0529999732971191
0.06214982643723488,0.028701629489660263,1.0815000534057617,0.07736632227897644,-0.004665973596274853,1.0985000133514404,0.02484646998345852,0.011854111216962337,0.9915000200271606,0.1776934117078781,0.0007275042007677257,1.1859999895095825,-0.08388923108577728,-0.03423219174146652,1.0244998931884766,0.24997049570083618,0.2214483916759491,1.249500036239624,-0.14373189210891724,0.17455850541591644,1.129499912261963,0.2423686385154724,0.26351314783096313,0.9380000233650208,0.02638762630522251,0.1866227686405182,1.0529999732971191
0.06258081644773483,0.028900668025016785,1.0889999866485596,0.07932639122009277,-0.0028926068916916847,1.1010000705718994,0.018448058515787125,0.01509002223610878,0.9929999709129333,0.1779930591583252,0.0007287310436367989,1.187999963760376,-0.08492299914360046,-0.03233371302485466,1.0169999599456787,0.25108757615089417,0.22266817092895508,1.2450000047683716,-0.14417727291584015,0.17142774164676666,1.1329998970031738,0.24084876477718353,0.26351314783096313,0.9380000233650208,0.021208368241786957,0.19119511544704437,1.0499999523162842
0.0555226095020771,0.028900668025016785,1.0889999866485596,0.07219040393829346,0.0006753643974661827,1.1010000705718994,0.016847537830471992,0.011878021992743015,0.9934999942779541,0.18214914202690125,0.002658153185620904,1.190000057220459,-0.08986666798591614,-0.02903795801103115,1.0169999599456787,0.2504825294017792,0.2181067019701004,1.2419999837875366,-0.14455904066562653,0.17004095017910004,1.1359999179840088,0.23148243129253387,0.2526044547557831,0.937000036239624,0.01951630227267742,0.19809480011463165,1.0505000352859497
0.059187278151512146,0.02719842456281185,1.0915000438690186,0.07575839757919312,-0.0028926068916916847,1.1010000705718994,0.01845734938979149,0.010268221609294415,0.9934999942779541,0.18214914202690125,0.002658153185620904,1.190000057220459,-0.08986666798591614,-0.02739008143544197,1.0169999599456787,0.2518851161003113,0.21958746016025543,1.2389999628067017,-0.14678636193275452,0.16864444315433502,1.1389999389648438,0.22844591736793518,0.24197667837142944,0.937000036239624,0.019562745466828346,0.20368485152721405,1.0529999732971191
0.05934995785355568,0.025499727576971054,1.0945000648498535,0.07565517723560333,-0.004670220892876387,1.0994999408721924,0.020077256485819817,0.008662779815495014,0.9940000176429749,0.18022094666957855,0.004586348310112953,1.190000057220459,-0.08986666798591614,-0.02739008143544197,1.0169999599456787,0.2531754970550537,0.21696524322032928,1.2354999780654907,-0.14589519798755646,0.1771857887506485,1.1464999914169312,0.22971872985363007,0.24323508143424988,0.9359999895095825,0.01789044216275215,0.20920008420944214,1.0550000667572021
0.05728716030716896,0.02360704354941845,1.0889999866485596,0.07377283275127411,-0.008222098462283611,1.0980000495910645,0.01845734938979149,0.0054388223215937614,0.9934999942779541,0.18214914202690125,0.004586348310112953,1.190000057220459,-0.08492299914360046,-0.022446447983384132,1.0169999599456787,0.25046202540397644,0.21235811710357666,1.2319999933242798,-0.1468496024608612,0.1820846050977707,1.1540000438690186,0.2279582917690277,0.23388515412807465,0.9350000023841858,0.014444085769355297,0.21562832593917847,1.0529999732971191
0.05733976885676384,0.021862559020519257,1.090000033378601,0.07186255604028702,-0.009983005002140999,1.0959999561309814,0.01523772906512022,0.0054388223215937614,0.9934999942779541,0.18214914202690125,0.006514543201774359,1.190000057220459,-0.09229668974876404,-0.02813071757555008,1.0444999933242798,0.25225335359573364,0.21617498993873596,1.2309999465942383,-0.14335785806179047,0.18427325785160065,1.1559998989105225,0.23502957820892334,0.23489661514759064,0.9329999685287476,0.016150305047631264,0.2173345386981964,1.0529999732971191
0.05733976885676384,0.020096397027373314,1.090000033378601,0.07534553855657578,-0.015296688303351402,1.0950000286102295,0.015245398506522179,0.0038309497758746147,0.9940000176429749,0.1779930591583252,0.004578639753162861,1.187999963760376,-0.09499181061983109,-0.028952153399586678,1.0750000476837158,0.25184357166290283,0.21582379937171936,1.2290000915527344,-0.1459219604730606,0.18703202903270721,1.1614999771118164,0.23892301321029663,0.2342672199010849,0.9305000305175781,0.019599903374910355,0.22116625308990479,1.0550000667572021
0.05733976885676384,0.020096397027373314,1.090000033378601,0.07534553855657578,-0.015296688303351402,1.0950000286102295,0.01526840403676033,0.002223690040409565,0.9954999685287476,0.17414313554763794,0.00265368539839983,1.187999963760376,-0.09884196519851685,-0.025563204661011696,1.0789999961853027,0.25739818811416626,0.2174607217311859,1.2269999980926514,-0.14106088876724243,0.1918637901544571,1.1679999828338623,0.23389600217342377,0.22473682463169098,0.9284999966621399,0.02307337149977684,0.22340381145477295,1.0575000047683716
0.0555226095020771,0.020077960565686226,1.0889999866485596,0.07357126474380493,-0.015296688303351402,1.0950000286102295,0.015322085469961166,0.0022315082605928183,0.9990000128746033,0.17221815884113312,0.00265368539839983,1.187999963760376,-0.09718360006809235,-0.027336856350302696,1.0800000429153442,0.2571884095668793,0.2152969390153885,1.2259999513626099,-0.14154396951198578,0.19631889462471008,1.1719999313354492,0.23527370393276215,0.2170974314212799,0.9279999732971191,0.02673846110701561,0.23059745132923126,1.0670000314712524
0.05547162890434265,0.020059524103999138,1.0880000591278076,0.07333610951900482,-0.01701638661324978,1.0915000438690186,0.015322085469961166,0.0006127965752966702,0.9990000128746033,0.17192822694778442,0.002649218076840043,1.1859999895095825,-0.09609637409448624,-0.0257645845413208,1.0875000953674316,0.2571884095668793,0.2172834724187851,1.2259999513626099,-0.13798096776008606,0.19665393233299255,1.1740000247955322,0.2450048327445984,0.21189919114112854,0.9249999523162842,0.02693893574178219,0.23232638835906982,1.0750000476837158
