0.035630084574222565,-0.4276506304740906,1.6330000162124634,0.09062594920396805,-0.6666746139526367,2.383500099182129,0.003789997659623623,-0.4515796899795532,1.5959999561309814,0.07637761533260345,-0.3527742326259613,1.8509999513626099,-0.12200001627206802,-0.3214762508869171,1.6180000305175781,0.09465300291776657,-0.1304885596036911,1.9825000762939453,-0.1053190529346466,-0.1622810810804367,1.4595000743865967,0.17716947197914124,0.10908707976341248,2.4590001106262207,-0.0358283631503582,-0.08045656234025955,1.193000078201294
0.022399991750717163,-0.42500466108322144,1.6330000162124634,0.0987543836236,-0.8808265924453735,3.13100004196167,-0.009140332229435444,-0.4515796899795532,1.5959999561309814,0.0703791156411171,-0.3527742326259613,1.8509999513626099,-0.13448229432106018,-0.3252051770687103,1.6104999780654907,0.09169435501098633,-0.127629354596138,1.9880000352859497,-0.11828014254570007,-0.151250958442688,1.4444999694824219,0.19135574996471405,0.12493501603603363,2.7170000076293945,-0.04345109686255455,-0.07254146039485931,1.190000057220459
0.014426510781049728,-0.42396360635757446,1.628999948501587,0.07338792085647583,-0.8757533431053162,3.13100004196167,-0.019484596326947212,-0.44640761613845825,1.5959999561309814,0.058382101356983185,-0.3527742326259613,1.8509999513626099,-0.14411067962646484,-0.32079288363456726,1.6015000343322754,0.08871788531541824,-0.12475230544805527,1.993499994277954,-0.12890323996543884,-0.1476733237504959,1.4325000047683716,0.21210286021232605,0.14673636853694916,3.0824999809265137,-0.054557982832193375,-0.060459915548563004,1.1800000667572021
0.0038683624006807804,-0.42396360635757446,1.628999948501587,0.044280920177698135,-0.6666746139526367,2.383500099182129,-0.029828861355781555,-0.44640761613845825,1.5959999561309814,0.05238359048962593,-0.3497750163078308,1.8509999513626099,-0.1484149992465973,-0.3163103759288788,1.5920000076293945,0.0854877308011055,-0.13444270193576813,1.993499994277954,-0.14499923586845398,-0.13592521846294403,1.430999994277954,0.21795159578323364,0.15078261494636536,3.1675000190734863,-0.06194240599870682,-0.044972602277994156,1.1749999523162842
-0.006683627143502235,-0.4209361672401428,1.627500057220459,0.028784185647964478,-0.6617000699043274,2.379499912261963,-0.037457529455423355,-0.44229209423065186,1.590499997138977,0.046385087072849274,-0.3497750163078308,1.8509999513626099,-0.15838435292243958,-0.3156149685382843,1.5885000228881836,0.08922967314720154,-0.11897443979978561,2.004999876022339,-0.15195536613464355,-0.12201304733753204,1.430999994277954,0.2357964813709259,0.18107445538043976,3.3480000495910645,-0.06194240599870682,-0.02974148467183113,1.1749999523162842
-0.019826430827379227,-0.41739943623542786,1.6239999532699585,0.009181128814816475,-0.45201757550239563,1.6349999904632568,-0.05034330114722252,-0.44229209423065186,1.590499997138977,0.04038657993078232,-0.34077730774879456,1.8509999513626099,-0.17087659239768982,-0.3072149157524109,1.5850000381469727,0.07948331534862518,-0.12547196447849274,2.004999876022339,-0.1728237420320511,-0.08723261952400208,1.430999994277954,0.22713027894496918,0.18830972909927368,3.380500078201294,-0.0771736279129982,0.014047986827790737,1.1749999523162842
-0.02508930116891861,-0.41739943623542786,1.6239999532699585,0.003892109263688326,-0.45312342047691345,1.6389999389648438,-0.05530569329857826,-0.4381944239139557,1.5850000381469727,0.03733683004975319,-0.3403170704841614,1.8485000133514404,-0.17601308226585388,-0.3020784258842468,1.5850000381469727,0.07298573851585388,-0.11897443979978561,2.004999876022339,-0.1869317591190338,-0.06643392890691757,1.4325000047683716,0.22880998253822327,0.19522039592266083,3.4054999351501465,-0.08288533240556717,0.03499077633023262,1.1749999523162842
-0.030352173373103142,-0.41739943623542786,1.6239999532699585,-0.0014159081038087606,-0.45201757550239563,1.6349999904632568,-0.06036590784788132,-0.4376414716243744,1.5829999446868896,0.03728633373975754,-0.34284791350364685,1.8459999561309814,-0.18371780216693878,-0.29951024055480957,1.5850000381469727,0.06973695755004883,-0.11572566628456116,2.004999876022339,-0.1985374391078949,-0.04554380103945732,1.4325000047683716,0.21991609036922455,0.19156846404075623,3.439000129699707,-0.09240484237670898,0.059741344302892685,1.1749999523162842
-0.03552732244133949,-0.4163713753223419,1.6200000047683716,-0.009352232329547405,-0.45411065220832825,1.6330000162124634,-0.06806091219186783,-0.4376414716243744,1.5829999446868896,0.03724593669176102,-0.3365006744861603,1.843999981880188,-0.18909259140491486,-0.29474520683288574,1.5870000123977661,0.06914567202329636,-0.10185957700014114,1.9879999160766602,-0.20934531092643738,-0.03886321559548378,1.443000078201294,0.20319902896881104,0.1859961301088333,3.439000129699707,-0.10087168216705322,0.07945071905851364,1.184999942779541
-0.053768910467624664,-0.41796180605888367,1.6160000562667847,-0.027874363586306572,-0.45675668120384216,1.6330000162124634,-0.08593442291021347,-0.44235193729400635,1.5815000534057617,0.02821318805217743,-0.3416407108306885,1.8394999504089355,-0.2016955018043518,-0.28410086035728455,1.5850000381469727,0.05602016672492027,-0.1270836442708969,1.9795000553131104,-0.2390560507774353,-0.03952305391430855,1.4674999713897705,0.16419252753257751,0.15813453495502472,3.439000129699707,-0.12039604038000107,0.09661168605089188,1.2074999809265137
-0.06388501822948456,-0.41563406586647034,1.6070001125335693,-0.03832890838384628,-0.4552183449268341,1.627500057220459,-0.09852874279022217,-0.4388160705566406,1.5780000686645508,0.02813650295138359,-0.33476710319519043,1.8345000743865967,-0.20657099783420563,-0.2811773717403412,1.5829999446868896,0.04946740344166756,-0.1299290806055069,1.9739999771118164,-0.2517865300178528,-0.0408158041536808,1.5155000686645508,0.12396655976772308,0.14003998041152954,3.4054999351501465,-0.13501834869384766,0.10585281997919083,1.2715001106262207
-0.07879094779491425,-0.41188374161720276,1.5924999713897705,-0.05134035274386406,-0.4536799490451813,1.621999979019165,-0.1111721619963646,-0.4357062578201294,1.5759999752044678,0.022161222994327545,-0.3343108892440796,1.8320000171661377,-0.21967320144176483,-0.27896443009376526,1.5850000381469727,0.04288483411073685,-0.1293696016073227,1.965499997138977,-0.26565149426460266,-0.03932203724980354,1.5534999370574951,0.09019112586975098,0.12805688381195068,3.380500078201294,-0.15165327489376068,0.11205495893955231,1.3459999561309814
-0.0937405377626419,-0.40442439913749695,1.5835000276565552,-0.06710952520370483,-0.4484235644340515,1.621999979019165,-0.12649410963058472,-0.43315261602401733,1.5759999752044678,0.013237733393907547,-0.33385467529296875,1.8294999599456787,-0.23280781507492065,-0.27417346835136414,1.5870000123977661,0.03636664152145386,-0.1288430392742157,1.9574999809265137,-0.2798858880996704,-0.042862650007009506,1.5915000438690186,0.0594499409198761,0.12640440464019775,3.200000047683716,-0.17293474078178406,0.11383304744958878,1.3945000171661377
-0.10865295678377151,-0.40008214116096497,1.5764999389648438,-0.0827764943242073,-0.4452457129955292,1.6200000047683716,-0.14168108999729156,-0.4301891028881073,1.5744999647140503,0.0013729046331718564,-0.3262230455875397,1.8199999332427979,-0.24589741230010986,-0.26928481459617615,1.5885000228881836,0.029900306835770607,-0.1251576542854309,1.9495000839233398,-0.29849764704704285,-0.04674055054783821,1.6369999647140503,0.028061026707291603,0.11014451086521149,2.678500175476074,-0.19110248982906342,0.11807780712842941,1.4465000629425049
-0.12354724109172821,-0.39359527826309204,1.5709999799728394,-0.0954572856426239,-0.4405715763568878,1.6124999523162842,-0.15594153106212616,-0.4222518801689148,1.563999891281128,-0.007426936645060778,-0.3241617679595947,1.808500051498413,-0.2639148235321045,-0.26671093702316284,1.5885000228881836,0.026631711050868034,-0.112060546875,1.941499948501587,-0.3119400143623352,-0.044492047280073166,1.6519999504089355,0.0014683291083201766,0.08319739252328873,1.9465000629425049,-0.20902344584465027,0.1220947653055191,1.5260000228881836
-0.1385113149881363,-0.387638658285141,1.5674999952316284,-0.11311203241348267,-0.4355143904685974,1.6035000085830688,-0.17251501977443695,-0.4143826961517334,1.5534999370574951,-0.01893143728375435,-0.31469297409057617,1.7879999876022339,-0.27935826778411865,-0.25898921489715576,1.5885000228881836,0.02039230428636074,-0.10919517278671265,1.9465000629425049,-0.3305426239967346,-0.042486026883125305,1.6784999370574951,-0.014184093102812767,0.08876961469650269,1.9305000305175781,-0.2308925837278366,0.1313834935426712,1.6094999313354492
-0.15474505722522736,-0.3812907934188843,1.5520000457763672,-0.1276579350233078,-0.4268292486667633,1.590499997138977,-0.1871955245733261,-0.40842610597610474,1.5499999523162842,-0.033034153282642365,-0.3024930953979492,1.7674999237060547,-0.2970948815345764,-0.25360172986984253,1.5870000123977661,0.014124108478426933,-0.10001504421234131,1.9520000219345093,-0.3523373007774353,-0.040394127368927,1.7049999237060547,-0.03588434308767319,0.0976199060678482,1.9199999570846558,-0.24777165055274963,0.1295383870601654,1.6524999141693115
-0.17023852467536926,-0.3716549873352051,1.5329999923706055,-0.14724966883659363,-0.41875869035720825,1.5794999599456787,-0.20588356256484985,-0.4006703495979309,1.5394999980926514,-0.044263433665037155,-0.2981034815311432,1.7584999799728394,-0.31469815969467163,-0.25071391463279724,1.5850000381469727,0.004622325301170349,-0.09657926112413406,1.9465000629425049,-0.3670097291469574,-0.03771974518895149,1.7089999914169312,-0.0571812279522419,0.09989152103662491,1.9040000438690186,-0.25789427757263184,0.12789717316627502,1.6659998893737793
-0.18930432200431824,-0.36760571599006653,1.5264999866485596,-0.1639101654291153,-0.415577232837677,1.5674999952316284,-0.22189441323280334,-0.3955894708633423,1.5295000076293945,-0.06388041377067566,-0.28523868322372437,1.749500036239624,-0.3268161118030548,-0.24759773910045624,1.5815000534057617,-0.007940271869301796,-0.0834025964140892,1.933500051498413,-0.38174697756767273,-0.03780803456902504,1.7130000591278076,-0.08141083270311356,0.12081734091043472,1.8935000896453857,-0.276065468788147,0.12881840765476227,1.6779999732971191
-0.2133377641439438,-0.36640164256095886,1.5214999914169312,-0.18743708729743958,-0.40895313024520874,1.5520000457763672,-0.2434009462594986,-0.394296258687973,1.5245000123977661,-0.08058860898017883,-0.28700318932533264,1.7430000305175781,-0.35244181752204895,-0.24247264862060547,1.5815000534057617,-0.026551173999905586,-0.07037612050771713,1.9200000762939453,-0.397588312625885,-0.03241683170199394,1.721500039100647,-0.10261596739292145,0.13273830711841583,1.8884999752044678,-0.28557732701301575,0.13489630818367004,1.6859999895095825
