-0.036185238510370255,-0.4401232600212097,1.649999976158142,-0.0068581607192754745,-0.4779295325279236,1.6699999570846558,-0.06039337441325188,-0.4733505845069885,1.6540000438690186,0.16509699821472168,-0.3411763906478882,1.8370000123977661,-0.11613958328962326,-0.3631579577922821,1.812999963760376,0.21546432375907898,-0.08821385353803635,1.9709999561309814,-0.18185241520404816,-0.1610839068889618,1.8540000915527344,0.24566306173801422,0.14310573041439056,2.0360000133514404,-0.26285427808761597,0.02986852079629898,1.965499997138977
-0.04955305531620979,-0.4454703629016876,1.649999976158142,-0.017682045698165894,-0.48063546419143677,1.6699999570846558,-0.07111355662345886,-0.4760305881500244,1.6540000438690186,0.15021415054798126,-0.3381998538970947,1.8370000123977661,-0.11986542493104935,-0.3744329810142517,1.8250000476837158,0.18329457938671112,-0.07534345984458923,1.9684998989105225,-0.18425552546977997,-0.17234393954277039,1.878499984741211,0.18809472024440765,0.12668751180171967,1.9854999780654907,-0.27064111828804016,0.004466367419809103,1.999500036239624
-0.06024731695652008,-0.45081743597984314,1.649999976158142,-0.028574209660291672,-0.48992401361465454,1.6740000247955322,-0.07915369421243668,-0.48139068484306335,1.6540000438690186,0.1408998966217041,-0.3343108892440796,1.8320000171661377,-0.12379838526248932,-0.38933032751083374,1.8394999504089355,0.15757706761360168,-0.07524777948856354,1.965999960899353,-0.185236394405365,-0.18856139481067657,1.8884999752044678,0.1142430305480957,0.14295314252376556,1.9879999160766602,-0.2737542688846588,-0.008590742945671082,2.0225000381469727
-0.07361513376235962,-0.4534910023212433,1.649999976158142,-0.04484892636537552,-0.48992401361465454,1.6740000247955322,-0.08719383180141449,-0.48407068848609924,1.6540000438690186,0.13441044092178345,-0.3240733742713928,1.8245000839233398,-0.12396664172410965,-0.386874794960022,1.8420000076293945,0.13527792692184448,-0.07843334972858429,1.965999960899353,-0.18162977695465088,-0.20051614940166473,1.9149999618530273,0.06914567202329636,0.12362581491470337,1.9879999160766602,-0.2795068323612213,-0.02215520851314068,2.065000057220459
-0.08441158384084702,-0.45671746134757996,1.6519999504089355,-0.05298628285527229,-0.492636501789093,1.6740000247955322,-0.10071569681167603,-0.4873393177986145,1.656000018119812,0.12536947429180145,-0.32362931966781616,1.8220000267028809,-0.12743376195430756,-0.38834500312805176,1.8489999771118164,0.11868217587471008,-0.07165901362895966,1.9549999237060547,-0.18490196764469147,-0.20728743076324463,1.9495000839233398,0.004720874130725861,0.13006825745105743,1.9879999160766602,-0.2832487225532532,-0.02958756685256958,2.118000030517578
-0.09779561311006546,-0.45671746134757996,1.6519999504089355,-0.0667075589299202,-0.49653252959251404,1.6779999732971191,-0.10929099470376968,-0.49238982796669006,1.6640000343322754,0.11048673093318939,-0.3321210741996765,1.8199999332427979,-0.1309235543012619,-0.3928225636482239,1.8559999465942383,0.10527905821800232,-0.0743100494146347,1.941499948501587,-0.1785842627286911,-0.21044625341892242,1.9495000839233398,-0.03393400460481644,0.1075197085738182,1.9879999160766602,-0.282789409160614,-0.04377516731619835,2.140500068664551
-0.10876555740833282,-0.4605065882205963,1.656000018119812,-0.0828232616186142,-0.49534890055656433,1.6740000247955322,-0.12050894647836685,-0.4941652715206146,1.6699999570846558,0.09550490230321884,-0.32835817337036133,1.815500020980835,-0.13693825900554657,-0.3928225636482239,1.8559999465942383,0.07934854924678802,-0.06113838031888008,1.9229999780654907,-0.16910769045352936,-0.21044625341892242,1.9495000839233398,-0.08177680522203445,0.09408740699291229,1.9765000343322754,-0.28056076169013977,-0.050936877727508545,2.1500000953674316
-0.13559842109680176,-0.46318989992141724,1.656000018119812,-0.10452288389205933,-0.49806132912635803,1.6740000247955322,-0.142156720161438,-0.4968712031841278,1.6699999570846558,0.07105927914381027,-0.3183894157409668,1.7925000190734863,-0.14635354280471802,-0.39388081431388855,1.8610000610351562,0.047274697571992874,-0.06609144061803818,1.8865000009536743,-0.15331339836120605,-0.21044625341892242,1.9495000839233398,-0.12680546939373016,0.06536319106817245,1.9795000553131104,-0.270486444234848,-0.05449652671813965,2.1530001163482666
-0.14919482171535492,-0.4637492895126343,1.6579999923706055,-0.12079759687185287,-0.49806132912635803,1.6740000247955322,-0.1583925485610962,-0.49957719445228577,1.6699999570846558,0.05617424100637436,-0.32211834192276,1.7809998989105225,-0.149369016289711,-0.39388081431388855,1.8610000610351562,0.02858128771185875,-0.06528566032648087,1.8634999990463257,-0.15331339836120605,-0.20412859320640564,1.9495000839233398,-0.15567266941070557,0.062155745923519135,1.9795000553131104,-0.26910606026649475,-0.047894589602947235,2.1700000762939453
-0.16571280360221863,-0.46486809849739075,1.6619999408721924,-0.13756361603736877,-0.49984651803970337,1.6800000667572021,-0.17483751475811005,-0.5001754760742188,1.6719999313354492,0.035973433405160904,-0.3250041604042053,1.7809998989105225,-0.15884098410606384,-0.38889196515083313,1.8660000562667847,0.010368779301643372,-0.058706194162368774,1.8464999198913574,-0.15832097828388214,-0.19305451214313507,1.933500051498413,-0.18133240938186646,0.06536319106817245,1.9795000553131104,-0.26644665002822876,-0.044521626085042953,2.177000045776367
-0.18296514451503754,-0.4676651358604431,1.6719999313354492,-0.15334703028202057,-0.49806132912635803,1.6740000247955322,-0.19109278917312622,-0.49746623635292053,1.6719999313354492,0.015692926943302155,-0.32623305916786194,1.7719999551773071,-0.16488811373710632,-0.38586845993995667,1.8660000562667847,-0.007494696881622076,-0.05506553873419762,1.8250000476837158,-0.15594637393951416,-0.1747293323278427,1.9045000076293945,-0.19362278282642365,0.06518157571554184,1.9739999771118164,-0.262919157743454,-0.03746669739484787,2.177000045776367
-0.19945873320102692,-0.46822455525398254,1.6740000247955322,-0.17441923916339874,-0.49357345700263977,1.6679999828338623,-0.2048836350440979,-0.49806132912635803,1.6740000247955322,-0.001532385009340942,-0.32290562987327576,1.7695000171661377,-0.1769823431968689,-0.38586845993995667,1.8660000562667847,-0.022249797359108925,-0.05499010533094406,1.8224999904632568,-0.15794676542282104,-0.16740693151950836,1.8914999961853027,-0.20929701626300812,0.08105088770389557,1.9709999561309814,-0.25233668088912964,-0.03746669739484787,2.177000045776367
-0.21922887861728668,-0.46718060970306396,1.6800000667572021,-0.1877075582742691,-0.4929816424846649,1.6660000085830688,-0.22387079894542694,-0.49534890055656433,1.6740000247955322,-0.018687911331653595,-0.3220844566822052,1.7649999856948853,-0.18555448949337006,-0.38483449816703796,1.8610000610351562,-0.03678159788250923,-0.04583985358476639,1.8109999895095825,-0.16903646290302277,-0.12973083555698395,1.878499984741211,-0.21860046684741974,0.10008581727743149,1.9684998989105225,-0.2643660008907318,0.06082355976104736,2.1600000858306885
-0.23556192219257355,-0.4644584655761719,1.6800000667572021,-0.2068520188331604,-0.49357345700263977,1.6679999828338623,-0.2401455193758011,-0.492636501789093,1.6740000247955322,-0.041414059698581696,-0.31235024333000183,1.7584999799728394,-0.1940779983997345,-0.38079318404197693,1.8559999465942383,-0.05423807352781296,-0.05156593397259712,1.805999994277954,-0.183029443025589,-0.13189111649990082,1.8659999370574951,-0.21737892925739288,0.10587014257907867,1.9574999809265137,0,0,0
-0.2573392987251282,-0.4644584655761719,1.6800000667572021,-0.22577112913131714,-0.49357345700263977,1.6679999828338623,-0.2618451416492462,-0.49534890055656433,1.6740000247955322,-0.05757864937186241,-0.30737677216529846,1.7304999828338623,-0.2083260864019394,-0.37636101245880127,1.8489999771118164,-0.06886976212263107,-0.05156593397259712,1.805999994277954,-0.19453684985637665,-0.12355105578899384,1.8320000171661377,-0.20726199448108673,0.1257828176021576,1.9225000143051147,0,0,0
-0.2739981710910797,-0.4650113880634308,1.6820000410079956,-0.2443968504667282,-0.49028217792510986,1.6660000085830688,-0.27811986207962036,-0.492636501789093,1.6740000247955322,-0.07302682846784592,-0.2989407479763031,1.6985000371932983,-0.21828459203243256,-0.37290069460868835,1.8320000171661377,-0.08935412764549255,-0.05449225381016731,1.805999994277954,0,0,0,-0.19935870170593262,0.14018180966377258,1.9065001010894775,0,0,0
-0.2900054156780243,-0.4644584655761719,1.6800000667572021,-0.2609066367149353,-0.49087074398994446,1.6679999828338623,-0.29404282569885254,-0.4947570562362671,1.6719999313354492,-0.1025402620434761,-0.29674071073532104,1.686000108718872,-0.23422671854496002,-0.36994925141334534,1.8174999952316284,-0.10691215842962265,-0.06327120959758759,1.805999994277954,0,0,0,-0.1929270178079605,0.1430830955505371,1.9040000438690186,0,0,0
-0.3101644217967987,-0.466117262840271,1.686000108718872,-0.27712300419807434,-0.49087074398994446,1.6679999828338623,-0.3095557689666748,-0.49087074398994446,1.6679999828338623,-0.11319863796234131,-0.3014874756336212,1.6820000410079956,-0.23658448457717896,-0.3631579577922821,1.812999963760376,-0.11874886602163315,-0.0662708431482315,1.8079999685287476,0,0,0,-0.18367162346839905,0.14616821706295013,1.9040000438690186,0,0,0
-0.322671502828598,-0.46718060970306396,1.6800000667572021,-0.2929876446723938,-0.4929816424846649,1.6660000085830688,-0.3249909281730652,-0.48969361186027527,1.6640000343322754,-0.13500197231769562,-0.3014874756336212,1.6820000410079956,-0.24539752304553986,-0.366095632314682,1.812999963760376,-0.13046717643737793,-0.0604117214679718,1.8079999685287476,0,0,0,-0.18367162346839905,0.15542353689670563,1.9040000438690186,0,0,0
-0.33819741010665894,-0.46606823801994324,1.6759999990463257,-0.30918461084365845,-0.4929816424846649,1.6660000085830688,-0.340758353471756,-0.4917979836463928,1.6619999408721924,-0.14845232665538788,-0.3038511276245117,1.6800000667572021,-0.2538600265979767,-0.36265718936920166,1.810499906539917,-0.13376566767692566,-0.06057878956198692,1.812999963760376,0,0,0,-0.1775013655424118,0.14925332367420197,1.9040000438690186,0,0,0
