0.22648420929908752,-0.41633111238479614,1.5799999237060547,0.4463419020175934,-0.8345164656639099,2.9159998893737793,0.17951129376888275,-0.42423713207244873,1.5080000162124634,0.2799883484840393,-0.3328458368778229,1.7030000686645508,0.0464971624314785,-0.2652127146720886,1.6430000066757202,0.31712719798088074,-0.1658138483762741,1.873500108718872,-0.054027847945690155,-0.06885592639446259,1.7990000247955322,0.5001583695411682,-0.0024971666280180216,2.4800000190734863,0.04626280441880226,0.08254366368055344,1.7339999675750732
0.23182439804077148,-0.41672641038894653,1.5815000534057617,0.4694395661354065,-0.8458695411682129,2.9724998474121094,0.18562103807926178,-0.42705038189888,1.5180000066757202,0.2865131199359894,-0.3340184986591339,1.7089999914169312,0.05193199962377548,-0.27111342549324036,1.6464999914169312,0.32406118512153625,-0.15712498128414154,1.878499984741211,-0.05387768894433975,-0.06575768440961838,1.7940000295639038,0.6801701784133911,0.03300093486905098,3.192999839782715,0.04626280441880226,0.07692435383796692,1.7339999675750732
0.23590072989463806,-0.41233062744140625,1.5744999647140503,0.4790725111961365,-0.8458695411682129,2.9724998474121094,0.19160732626914978,-0.42696821689605713,1.5264999866485596,0.2969770133495331,-0.34204038977622986,1.7214999198913574,0.05993567407131195,-0.27111342549324036,1.6464999914169312,0.3340795040130615,-0.16059510409832,1.883500099182129,-0.053337108343839645,-0.05934248864650726,1.7760000228881836,0.7368632555007935,0.06189321354031563,3.3569998741149902,0.034902915358543396,0.06545844674110413,1.7279999256134033
0.2384519726037979,-0.40977942943573,1.5744999647140503,0.4887053966522217,-0.8458695411682129,2.9724998474121094,0.1942714899778366,-0.4273877739906311,1.527999997138977,0.30519211292266846,-0.33939328789711,1.7365000247955322,0.07045716047286987,-0.26787492632865906,1.6430000066757202,0.34980273246765137,-0.15164043009281158,1.8860000371932983,-0.049891147762537,-0.05582891032099724,1.75600004196167,0.7735986113548279,0.0803317055106163,3.447999954223633,0.03202865645289421,0.05692656338214874,1.7239999771118164
0.24355442821979523,-0.40977942943573,1.5744999647140503,0.4831450283527374,-0.8233689665794373,2.9099998474121094,0.19694051146507263,-0.4253289997577667,1.5295000076293945,0.314807265996933,-0.3378394842147827,1.7430000305175781,0.07578160613775253,-0.2705371379852295,1.6430000066757202,0.35897061228752136,-0.14858447015285492,1.8860000371932983,-0.0495217926800251,-0.05259136110544205,1.7430000305175781,0.7959463596343994,0.09709241986274719,3.447999954223633,0.03482212498784065,0.05413311719894409,1.7239999771118164
0.24355442821979523,-0.40467700362205505,1.5744999647140503,0.48584848642349243,-0.8152779936790466,2.8980000019073486,0.19961440563201904,-0.42326539754867554,1.531000018119812,0.3208234906196594,-0.33257216215133667,1.7450000047683716,0.08110605180263519,-0.26787492632865906,1.6430000066757202,0.36862650513648987,-0.145721435546875,1.8884999752044678,-0.046295661479234695,-0.04933883249759674,1.7279999256134033,0.8015333414077759,0.10826623439788818,3.447999954223633,0.037615593522787094,0.04575275629758835,1.7239999771118164
0.24587120115756989,-0.40429145097732544,1.5729999542236328,0.378656804561615,-0.625697910785675,2.236999988555908,0.19961440563201904,-0.42078468203544617,1.531000018119812,0.3264784812927246,-0.32974469661712646,1.7450000047683716,0.08909270912408829,-0.2705371379852295,1.6430000066757202,0.38040727376937866,-0.14364348351955414,1.9014999866485596,-0.043281760066747665,-0.049096137285232544,1.7195000648498535,0.7940996289253235,0.10244108736515045,3.440000057220459,0.037615593522787094,0.015024780295789242,1.7239999771118164
0.24587120115756989,-0.3991939127445221,1.5729999542236328,0.2718009650707245,-0.4397149682044983,1.590499997138977,0.2020951509475708,-0.4183039367198944,1.531000018119812,0.3406159579753876,-0.3212622404098511,1.7450000047683716,0.088658906519413,-0.27186909317970276,1.6349999904632568,0.38656944036483765,-0.14056241512298584,1.9014999866485596,-0.04034250229597092,-0.0600130595266819,1.7130000591278076,0.7823266386985779,0.07895711809396744,3.3889999389648438,0.02618098072707653,-0.0017188158817589283,1.7070000171661377
0.24501152336597443,-0.39525824785232544,1.5674999952316284,0.27086105942726135,-0.43562623858451843,1.5850000381469727,0.20189714431762695,-0.41541582345962524,1.5295000076293945,0.34344348311424255,-0.3212622404098511,1.7450000047683716,0.09086140245199203,-0.2705388367176056,1.6269999742507935,0.38656944036483765,-0.14056241512298584,1.9014999866485596,-0.039765503257513046,-0.05641879886388779,1.688499927520752,0.7786691188812256,0.06813496351242065,3.3970000743865967,0.033731408417224884,-0.012505377642810345,1.6700000762939453
0.24162085354328156,-0.388809472322464,1.562000036239624,0.2702629566192627,-0.42953914403915405,1.5815000534057617,0.2016991376876831,-0.40758079290390015,1.527999997138977,0.35192593932151794,-0.3099523186683655,1.7450000047683716,0.09341149777173996,-0.26765555143356323,1.625499963760376,0.38965052366256714,-0.13748136162757874,1.9014999866485596,-0.025591397657990456,-0.07145404070615768,1.656499981880188,0.7731648087501526,0.06813496351242065,3.3970000743865967,0.014160829596221447,-0.03529191017150879,1.5989999771118164
0.2408474087715149,-0.37999632954597473,1.5570000410079956,0.26685401797294617,-0.4230721890926361,1.5764999389648438,0.19922326505184174,-0.4026291072368622,1.527999997138977,0.35192593932151794,-0.3071248531341553,1.7450000047683716,0.09069386124610901,-0.2621457278728485,1.6239999532699585,0.38965052366256714,-0.13131923973560333,1.9014999866485596,-0.025444630533456802,-0.07104425132274628,1.6469999551773071,0.7772647142410278,0.07456054538488388,3.439500093460083,0.03236817568540573,-0.03755020722746849,1.4835000038146973
0.2337571382522583,-0.37169957160949707,1.5434999465942383,0.263126015663147,-0.4186505675315857,1.5694999694824219,0.19382649660110474,-0.394296258687973,1.5245000123977661,0.34909844398498535,-0.3014698922634125,1.7450000047683716,0.08259561657905579,-0.2536252439022064,1.6200000047683716,0.38348835706710815,-0.12515711784362793,1.9014999866485596,-0.02190471813082695,-0.0734599307179451,1.5839999914169312,0.7456433176994324,0.0846477746963501,3.3970000743865967,0.02474137768149376,-0.04402225837111473,1.4589999914169312
0.2232491672039032,-0.3593595623970032,1.5230000019073486,0.2537873685359955,-0.40574541687965393,1.559000015258789,0.1850096434354782,-0.38641875982284546,1.5130000114440918,0.3417705297470093,-0.2943739891052246,1.7365000247955322,0.07662954181432724,-0.24347497522830963,1.6050000190734863,0.37732622027397156,-0.11283286660909653,1.9014999866485596,-0.013626434840261936,-0.08031704276800156,1.5195000171661377,0.7329045534133911,0.10092233866453171,3.3889999389648438,0.02752038463950157,-0.0411105714738369,1.3624999523162842
0.21393254399299622,-0.35128238797187805,1.5095000267028809,0.24399803578853607,-0.3970949351787567,1.5450000762939453,0.17392954230308533,-0.3787418603897095,1.5019999742507935,0.3341105580329895,-0.2870006561279297,1.7260000705718994,0.07078294456005096,-0.23869819939136505,1.590499997138977,0.36862650513648987,-0.09982147067785263,1.8884999752044678,-0.013482951559126377,-0.05998196825385094,1.503499984741211,0.6463518142700195,0.11582129448652267,3.057499885559082,0.055383697152137756,-0.030597662553191185,1.2914999723434448
0.19359271228313446,-0.3450137674808502,1.503499984741211,0.220248743891716,-0.39242061972618103,1.5364999771118164,0.15394532680511475,-0.3726298213005066,1.496999979019165,0.3169625699520111,-0.2810811698436737,1.7239999771118164,0.05005532130599022,-0.2356014847755432,1.5870000123977661,0.35285869240760803,-0.09357743710279465,1.8860000371932983,-0.0036188692320138216,-0.04391665384173393,1.4555000066757202,0.5271486639976501,0.1297035813331604,2.634999990463257,0.0659407302737236,-0.015479779802262783,1.253499984741211
0.18026551604270935,-0.3428337574005127,1.49399995803833,0.20597468316555023,-0.38650500774383545,1.5230000019073486,0.14390549063682556,-0.36933866143226624,1.493499994277954,0.30741870403289795,-0.28002139925956726,1.7174999713897705,0.039418552070856094,-0.22842548787593842,1.5729999542236328,0.34323522448539734,-0.08734960854053497,1.883500099182129,0.001059852191247046,-0.03328665718436241,1.4049999713897705,0.4503144323825836,0.12745235860347748,2.2880001068115234,0.07529142498970032,-0.005131084006279707,1.2079999446868896
0.1670359969139099,-0.34053900837898254,1.4839999675750732,0.1921101063489914,-0.38590797781944275,1.5110000371932983,0.1288658082485199,-0.37026509642601013,1.4874999523162842,0.28682786226272583,-0.2762714624404907,1.6944999694824219,0.02634388394653797,-0.22055940330028534,1.5534999370574951,0.3231986463069916,-0.06563600152730942,1.873500108718872,0.0010462740901857615,-0.02611800655722618,1.3870000839233398,0.5126150846481323,0.15741358697414398,2.6705000400543213,0.07955102622509003,0.004563223570585251,1.184000015258789
0.15625081956386566,-0.3332413136959076,1.4730000495910645,0.1798684149980545,-0.3834596574306488,1.5110000371932983,0.1164611279964447,-0.36433908343315125,1.4830000400543213,0.2646865248680115,-0.2705395817756653,1.6759999990463257,0.008684168569743633,-0.21204803884029388,1.5464999675750732,0.3093954622745514,-0.05320770666003227,1.8634999990463257,-0.0011751604033634067,-0.0123603455722332,1.3569999933242798,0.5082879066467285,0.19203037023544312,2.6705000400543213,0.0829288512468338,0.01749105378985405,1.1510000228881836
0.14062944054603577,-0.3254574239253998,1.4595000743865967,0.16413988173007965,-0.37618288397789,1.5015000104904175,0.10204332321882248,-0.3595331907272339,1.4830000400543213,0.24779954552650452,-0.2617662847042084,1.6719999313354492,-0.003811560571193695,-0.1977771520614624,1.5329999923706055,0.28900736570358276,-0.046320777386426926,1.8299999237060547,-0.0032558634411543608,-0.005562214180827141,1.309499979019165,0.3745085597038269,0.16297970712184906,2.0369999408721924,0.08537057042121887,0.031256549060344696,1.1100000143051147
0.1255304515361786,-0.31842029094696045,1.4490000009536743,0.1482972651720047,-0.36581313610076904,1.4889999628067017,0.08697555959224701,-0.34971097111701965,1.472000002861023,0.22828762233257294,-0.2530319392681122,1.6679999828338623,-0.015987958759069443,-0.18502305448055267,1.5099999904632568,0.25977689027786255,-0.03955166041851044,1.7920000553131104,-0.0031986774411052465,0.004958266392350197,1.2864999771118164,0.3640696704387665,0.1594439297914505,2.0339999198913574,0.09347083419561386,0.041650209575891495,1.0994999408721924
