-0.18822400271892548,-0.029737496748566628,1.0414999723434448,-0.17006780207157135,-0.05856652930378914,1.0439999103546143,-0.20137467980384827,-0.05232897028326988,0.9900000095367432,0.01635076105594635,-0.005063123069703579,1.1920000314712524,-0.24275599420070648,-0.036212485283613205,1.1389999389648438,0.05090104043483734,0.23588484525680542,1.284000039100647,-0.30498647689819336,0.11526033282279968,1.284500002861023,-0.09056270867586136,0.2372339367866516,1.1059999465942383,-0.2948288321495056,0.18534773588180542,1.2249999046325684
-0.20205383002758026,-0.03856024891138077,1.0520000457763672,-0.1819438487291336,-0.06425099819898605,1.053999900817871,-0.2099950611591339,-0.059368543326854706,1.000499963760376,0.006710365880280733,-0.012821052223443985,1.1949999332427979,-0.24048741161823273,-0.037991221994161606,1.1370000839233398,0.04673999920487404,0.2254822999238968,1.284000039100647,-0.307479590177536,0.10361253470182419,1.2950000762939453,-0.10848368704319,0.2390260100364685,1.1059999465942383,-0.3004482686519623,0.18158967792987823,1.2400000095367432
-0.2074160873889923,-0.04236837476491928,1.062000036239624,-0.18946340680122375,-0.07026306539773941,1.0674999952316284,-0.21732816100120544,-0.06497026979923248,1.0119999647140503,0.002844872884452343,-0.016735553741455078,1.1979999542236328,-0.23701103031635284,-0.04171251133084297,1.1380000114440918,0.040577296167612076,0.22175219655036926,1.2864999771118164,-0.30585283041000366,0.11217882484197617,1.2969999313354492,-0.12036826461553574,0.2358679324388504,1.116499900817871,-0.3010864853858948,0.1872546374797821,1.2510000467300415
-0.21254533529281616,-0.04964573681354523,1.0704998970031738,-0.1936110407114029,-0.07640638202428818,1.0810000896453857,-0.22054941952228546,-0.0709255114197731,1.0269999504089355,-0.0029885817784816027,-0.022634349763393402,1.2020000219345093,-0.23496045172214508,-0.049045126885175705,1.1370000839233398,0.036478906869888306,0.22009451687335968,1.2890000343322754,-0.30012544989585876,0.09976133704185486,1.2994999885559082,-0.13458101451396942,0.2331237941980362,1.129499912261963,-0.3040842115879059,0.1804809421300888,1.2894999980926514
-0.21353809535503387,-0.06381896138191223,1.0755000114440918,-0.19825418293476105,-0.09353481233119965,1.097000002861023,-0.22218887507915497,-0.0855095237493515,1.0425000190734863,-0.006903928704559803,-0.026606878265738487,1.2055000066757202,-0.22574879229068756,-0.052729763090610504,1.1370000839233398,0.030295077711343765,0.2165035754442215,1.2925000190734863,-0.28835079073905945,0.09654272347688675,1.312999963760376,-0.14837096631526947,0.22361786663532257,1.1369999647140503,-0.3002522587776184,0.15359248220920563,1.3280000686645508
-0.21572209894657135,-0.06799265742301941,1.0864999294281006,-0.20042286813259125,-0.09815187752246857,1.1089999675750732,-0.22806572914123535,-0.0922713652253151,1.062000036239624,-0.00889031495898962,-0.02670620009303093,1.2100000381469727,-0.21895566582679749,-0.060257598757743835,1.1399999856948853,0.024123672395944595,0.211196631193161,1.2985000610351562,-0.27841922640800476,0.07389228045940399,1.3264999389648438,-0.15292488038539886,0.21748483180999756,1.1434999704360962,-0.30107423663139343,0.15187445282936096,1.3510000705718994
-0.2157166451215744,-0.0744880735874176,1.1045000553131104,-0.19762764871120453,-0.10576710850000381,1.1134999990463257,-0.2269507199525833,-0.0984429270029068,1.0729999542236328,-0.004985513165593147,-0.028761565685272217,1.2139999866485596,-0.21156689524650574,-0.060257598757743835,1.1399999856948853,0.026247883215546608,0.20925365388393402,1.2994999885559082,-0.27822449803352356,0.07339248061180115,1.3569999933242798,-0.15419535338878632,0.21181870996952057,1.152999997138977,-0.2953789532184601,0.15451966226100922,1.3550000190734863
-0.21453812718391418,-0.08076080679893494,1.1169999837875366,-0.1968785673379898,-0.10996495932340622,1.1195000410079956,-0.2236817479133606,-0.10201515257358551,1.0740000009536743,-0.001055652741342783,-0.03085521049797535,1.2190001010894775,-0.19863656163215637,-0.0676463171839714,1.1399999856948853,0.02835351787507534,0.2134648859500885,1.2994999885559082,-0.2751871645450592,0.07496093213558197,1.3860000371932983,-0.15902766585350037,0.2076447755098343,1.1610000133514404,-0.2887922525405884,0.15891076624393463,1.3550000190734863
-0.20714418590068817,-0.08506050705909729,1.125999927520752,-0.1916552484035492,-0.11297708004713058,1.131500005722046,-0.21618153154850006,-0.10608499497175217,1.0800000429153442,0.0029042402748018503,-0.03293812274932861,1.2230000495910645,-0.1949421912431717,-0.06949349492788315,1.1399999856948853,0.030459150671958923,0.2134648859500885,1.2994999885559082,-0.26639607548713684,0.06827282160520554,1.3870000839233398,-0.15559957921504974,0.2024361491203308,1.1635000705718994,-0.28220558166503906,0.1479330062866211,1.3550000190734863
-0.2009233981370926,-0.090009406208992,1.1424999237060547,-0.18749813735485077,-0.11678910255432129,1.1510000228881836,-0.21184921264648438,-0.11013143509626389,1.1030000448226929,0.006892865523695946,-0.03504827246069908,1.2274999618530273,-0.1886974424123764,-0.07132226973772049,1.1699999570846558,0.032564785331487656,0.21557052433490753,1.2994999885559082,-0.2578703463077545,0.07064732164144516,1.3895000219345093,-0.159176766872406,0.20079995691776276,1.1759999990463257,-0.27732357382774353,0.14651373028755188,1.3420000076293945
-0.19597449898719788,-0.09302650392055511,1.1570000648498535,-0.18064984679222107,-0.12030351161956787,1.1670000553131104,-0.20924708247184753,-0.11440461874008179,1.127500057220459,0.014903180301189423,-0.03517676144838333,1.2319999933242798,-0.18565191328525543,-0.06995486468076706,1.2119998931884766,0.03677605465054512,0.21767613291740417,1.2994999885559082,-0.25192922353744507,0.06635863333940506,1.3940000534057617,-0.15900978446006775,0.19916653633117676,1.1890000104904175,-0.26427656412124634,0.13129232823848724,1.3420000076293945
-0.18797168135643005,-0.09559841454029083,1.1654999256134033,-0.17251542210578918,-0.12123129516839981,1.1759999990463257,-0.2022421956062317,-0.11746858060359955,1.1394999027252197,0.02290680631995201,-0.033207446336746216,1.2330000400543213,-0.1802903562784195,-0.07292747497558594,1.2289999723434448,0.04101886600255966,0.219950869679451,1.3004999160766602,-0.23209883272647858,0.061974234879016876,1.3969999551773071,-0.15374551713466644,0.19597047567367554,1.193000078201294,-0.25122958421707153,0.12476886808872223,1.3420000076293945
-0.17921844124794006,-0.09596751630306244,1.1699999570846558,-0.1655944138765335,-0.12366034835577011,1.180999994277954,-0.19275765120983124,-0.12030968070030212,1.1489999294281006,0.03489409759640694,-0.03120957687497139,1.2330000400543213,-0.16923227906227112,-0.07531509548425674,1.2354999780654907,0.04734062775969505,0.22205810248851776,1.3004999160766602,-0.2232838273048401,0.06657284498214722,1.3984999656677246,-0.14408017694950104,0.19597047567367554,1.193000078201294,-0.25340408086776733,0.14216476678848267,1.3420000076293945
-0.1720753312110901,-0.09431294351816177,1.1729999780654907,-0.1543736755847931,-0.12195292115211487,1.183000087738037,-0.18684272468090057,-0.11755009740591049,1.1584999561309814,0.04288562387228012,-0.03120957687497139,1.2330000400543213,-0.157793328166008,-0.07358020544052124,1.2400000095367432,0.05576964467763901,0.219950869679451,1.3004999160766602,-0.21195361018180847,0.05071060732007027,1.3984999656677246,-0.13862869143486023,0.19258743524551392,1.1959999799728394,-0.23398564755916595,0.13016724586486816,1.3305000066757202
-0.16503356397151947,-0.09463456273078918,1.1770000457763672,-0.14899995923042297,-0.12034045904874802,1.1859999895095825,-0.1801854521036148,-0.11999424546957016,1.1640000343322754,0.054872915148735046,-0.029211707413196564,1.2330000400543213,-0.14929617941379547,-0.07435160875320435,1.253000020980835,0.0661274716258049,0.2235620617866516,1.2969999313354492,-0.200982004404068,0.07350211590528488,1.4010000228881836,-0.13314807415008545,0.19307051599025726,1.1990000009536743,-0.2243226319551468,0.1355568915605545,1.2994999885559082
-0.1537211835384369,-0.09089745581150055,1.1779999732971191,-0.13770140707492828,-0.12054339051246643,1.187999963760376,-0.170755073428154,-0.11622211337089539,1.1640000343322754,0.06286444514989853,-0.027213837951421738,1.2330000400543213,-0.1452355831861496,-0.07638188451528549,1.253000020980835,0.07218092679977417,0.2269749790430069,1.2925000190734863,-0.1941716969013214,0.06442177295684814,1.4010000228881836,-0.12558603286743164,0.19533857703208923,1.2009999752044678,-0.2053719162940979,0.1292400360107422,1.2994999885559082
-0.14799490571022034,-0.08898870646953583,1.1779999732971191,-0.13000155985355377,-0.11669348925352097,1.187999963760376,-0.16321076452732086,-0.11244998127222061,1.1640000343322754,0.07079850137233734,-0.025195516645908356,1.2319999933242798,-0.1411750167608261,-0.07435160875320435,1.253000020980835,0.08242856711149216,0.23680339753627777,1.2890000343322754,-0.1943102926015854,0.07809798419475555,1.4019999504089355,-0.11789999902248383,0.20134414732456207,1.2020000219345093,-0.21025726199150085,0.14159727096557617,1.277999997138977
-0.1422685980796814,-0.08135370165109634,1.1779999732971191,-0.1242266520857811,-0.10899366438388824,1.187999963760376,-0.15755252540111542,-0.10679177939891815,1.1640000343322754,0.07273567467927933,-0.021185806021094322,1.2309999465942383,-0.13711443543434143,-0.06826078146696091,1.253000020980835,0.08660580962896347,0.23680339753627777,1.2890000343322754,-0.19203858077526093,0.08264139294624329,1.4019999504089355,-0.11604882776737213,0.2054101675748825,1.2030000686645508,-0.21232806146144867,0.14988040924072266,1.277999997138977
-0.13654230535030365,-0.07371868938207626,1.1779999732971191,-0.11845175176858902,-0.10514376312494278,1.187999963760376,-0.15566644072532654,-0.10301964730024338,1.1640000343322754,0.08051753789186478,-0.013175105676054955,1.2279999256134033,-0.12899327278137207,-0.06216995418071747,1.253000020980835,0.09287167340517044,0.24306920170783997,1.2890000343322754,-0.18295170366764069,0.07582627981901169,1.4019999504089355,-0.10630246996879578,0.2093086987733841,1.2030000686645508,-0.19209952652454376,0.1445414423942566,1.2674999237060547
-0.1345192790031433,-0.06793472915887833,1.1770000457763672,-0.11633061617612839,-0.09727989882230759,1.1859999895095825,-0.15006738901138306,-0.09432706236839294,1.1500000953674316,0.08435947448015213,-0.0032210133504122496,1.2259999513626099,-0.12458373606204987,-0.05389787629246712,1.249500036239624,0.09704890847206116,0.2514236569404602,1.2890000343322754,-0.1812599003314972,0.0965806320309639,1.406499981880188,-0.1024039164185524,0.21710573136806488,1.2030000686645508,-0.1912659853696823,0.15413855016231537,1.2620000839233398
