0,0,0,0,0,0,0,0,0,-0.17959535121917725,-0.30506768822669983,1.7174999713897705,0.07918386161327362,-0.2435288280248642,1.6584999561309814,-0.28429123759269714,-0.1049034520983696,1.8174999952316284,0.13758589327335358,-0.038668811321258545,1.7519999742507935,-0.22692303359508514,-0.014261371456086636,1.9045000076293945,0.17990021407604218,0.10578321665525436,1.8989999294281006
0,0,0,0,0,0,0,0,0,-0.19233731925487518,-0.31044965982437134,1.7319999933242798,0.07578960061073303,-0.25558191537857056,1.7030000686645508,-0.2986096739768982,-0.11286596953868866,1.8515000343322754,0.13427984714508057,-0.04225391522049904,1.7834999561309814,-0.24235273897647858,-0.023519139736890793,1.9045000076293945,0.17374615371227264,0.10270620137453079,1.8989999294281006
0,0,0,0,0,0,0,0,0,-0.20409193634986877,-0.3168836534023285,1.7365000247955322,0.06858161836862564,-0.27084672451019287,1.7300000190734863,-0.30740663409233093,-0.11995746195316315,1.868499994277954,0.13080567121505737,-0.054778896272182465,1.815500020980835,-0.2392667979001999,-0.026605060324072838,1.9045000076293945,0.15969528257846832,0.09736568480730057,1.9149999618530273
0,0,0,0,0,0,0,0,0,-0.2112894207239151,-0.3249254822731018,1.749500036239624,0.06634875386953354,-0.2845049798488617,1.744999885559082,-0.30740663409233093,-0.12298505008220673,1.868499994277954,0.12295470386743546,-0.0611468181014061,1.8299999237060547,-0.25161054730415344,-0.03277690336108208,1.9045000076293945,0.1541951596736908,0.09028704464435577,1.9635000228881836
0,0,0,0,0,0,0,0,0,-0.21231596171855927,-0.3293527066707611,1.7580000162124634,0.06710920482873917,-0.29920536279678345,1.7649999856948853,-0.310285747051239,-0.12719283998012543,1.8860000371932983,0.11480696499347687,-0.07945568859577179,1.8420000076293945,-0.2577824592590332,-0.04203467443585396,1.9045000076293945,0.14833401143550873,0.07953602075576782,2.0134999752044678
0,0,0,0,0,0,0,0,0,-0.21712279319763184,-0.3352246880531311,1.7739999294281006,0.06762250512838364,-0.3130209743976593,1.7785000801086426,-0.31550154089927673,-0.12499255686998367,1.8989999294281006,0.1040969043970108,-0.09550616890192032,1.8640000820159912,-0.2567693591117859,-0.04548781365156174,1.9199999570846558,0.14677415788173676,0.05868346989154816,2.0840001106262207
0,0,0,0,0,0,0,0,0,-0.221981480717659,-0.3382481336593628,1.7899999618530273,0.06499553471803665,-0.32582539319992065,1.7855000495910645,-0.30675432085990906,-0.12210815399885178,1.9019999504089355,0.1001867726445198,-0.10992496460676193,1.9045000076293945,-0.2438523769378662,-0.04598533734679222,1.940999984741211,0.13338051736354828,0.04292282462120056,2.140000104904175
0,0,0,0,0,0,0,0,0,-0.22079452872276306,-0.34381669759750366,1.803999900817871,0.06241545081138611,-0.336190789937973,1.7944999933242798,-0.2982907295227051,-0.11933916807174683,1.906999945640564,0.09857939928770065,-0.12413045763969421,1.933500051498413,-0.2525911331176758,-0.06549058109521866,1.9600000381469727,0.11951039731502533,0.018650250509381294,2.140000104904175
0,0,0,0,0,0,0,0,0,-0.22545380890369415,-0.3494306802749634,1.8179999589920044,0.05726240575313568,-0.3518919050693512,1.815500020980835,-0.2952007055282593,-0.12242915481328964,1.906999945640564,0.09995599091053009,-0.1322171688079834,1.9605000019073486,-0.23585936427116394,-0.06293469667434692,1.9795000553131104,0.09995054453611374,-0.002182000083848834,2.1670000553131104
0,0,0,0,0,0,0,0,0,-0.22896495461463928,-0.356201708316803,1.8224999904632568,0.05225624144077301,-0.3638843894004822,1.8464999198913574,-0.2898543179035187,-0.1258811354637146,1.9124999046325684,0.10107766836881638,-0.13370086252689362,1.9825000762939453,-0.23141488432884216,-0.0796501487493515,1.996500015258789,0.07884971797466278,-0.01697586290538311,2.2669999599456787
0,0,0,0,0,0,0,0,0,-0.2324906587600708,-0.35708123445510864,1.8270000219345093,0.04367882013320923,-0.37327349185943604,1.8634999990463257,-0.30167582631111145,-0.13746565580368042,1.9904999732971191,0.09956841170787811,-0.15236860513687134,2.0169999599456787,-0.22915135324001312,-0.07674048840999603,2.005000114440918,0.06633556634187698,-0.03654274716973305,2.3439998626708984
0,0,0,0,0,0,0,0,0,-0.23497208952903748,-0.3668763339519501,1.846500039100647,0.040877506136894226,-0.3783123195171356,1.873500108718872,-0.31190600991249084,-0.15546584129333496,2.058000087738037,0.09492303431034088,-0.15546584129333496,2.058000087738037,-0.22949419915676117,-0.07034805417060852,2.007999897003174,0.05114324390888214,-0.04413885995745659,2.3439998626708984
0,0,0,0,0,0,0,0,0,-0.24850589036941528,-0.3737310469150543,1.88100004196167,0.02901073545217514,-0.38807669281959534,1.8914999961853027,-0.3171553611755371,-0.1564101129770279,2.070499897003174,0.0897117331624031,-0.16820348799228668,2.0920000076293945,-0.22038984298706055,-0.06729491055011749,2.0139999389648438,0.02835475094616413,-0.05933109670877457,2.3439998626708984
0,0,0,0,0,0,0,0,0,-0.25536516308784485,-0.3824876546859741,1.909500002861023,0.016888493672013283,-0.3974367380142212,1.906999945640564,-0.3171347379684448,-0.15807203948497772,2.0924999713897705,0.08776617795228958,-0.18824982643127441,2.127000093460083,-0.21572138369083405,-0.08433817327022552,2.0314998626708984,0.02802813984453678,-0.0774192214012146,2.316999912261963
0,0,0,0,0,0,0,0,0,-0.26634737849235535,-0.38949841260910034,1.9444999694824219,0.01079554669559002,-0.40066707134246826,1.9224998950958252,-0.3175675570964813,-0.16686208546161652,2.118000030517578,0.07465855032205582,-0.20388783514499664,2.1465001106262207,-0.22454814612865448,-0.08518923819065094,2.052000045776367,0.03199509158730507,-0.07793713361024857,2.3324999809265137
0,0,0,0,0,0,0,0,0,-0.270388126373291,-0.3986060619354248,1.9739999771118164,-0.0016882647760212421,-0.41261184215545654,1.9494999647140503,-0.31400448083877563,-0.17210304737091064,2.140500068664551,0.06102929636836052,-0.20483770966529846,2.1565001010894775,-0.21821683645248413,-0.09530312567949295,2.055000066757202,0.009318401105701923,-0.07793713361024857,2.3324999809265137
0,0,0,0,0,0,0,0,0,-0.27790698409080505,-0.4034329652786255,1.9819999933242798,-0.014525745064020157,-0.42163559794425964,1.9769999980926514,-0.31591156125068665,-0.18710581958293915,2.1535000801086426,0.047499507665634155,-0.19972997903823853,2.177000045776367,-0.22154663503170013,-0.09197334945201874,2.055000066757202,-0.017137734219431877,-0.06281943619251251,2.3324999809265137
0,0,0,0,0,0,0,0,0,-0.278327614068985,-0.4072599709033966,1.9850000143051147,-0.021139046177268028,-0.43226438760757446,1.996500015258789,-0.31686508655548096,-0.1946703940629959,2.1600000858306885,0.02305854670703411,-0.21619728207588196,2.2009999752044678,-0.2375001758337021,-0.07842456549406052,2.0490000247955322,-0.02091718278825283,-0.07037828117609024,2.3324999809265137
0,0,0,0,0,0,0,0,0,-0.27916890382766724,-0.414943128824234,1.9909999370574951,-0.03432660549879074,-0.4451792538166046,2.011000156402588,-0.3203650116920471,-0.21216998994350433,2.1600000858306885,0.012398735620081425,-0.22404024004936218,2.2079999446868896,-0.27734115719795227,-0.07178444415330887,2.0490000247955322,-0.03225552663207054,-0.0741577073931694,2.3324999809265137
0,0,0,0,0,0,0,0,0,-0.28821027278900146,-0.43665802478790283,2.0320000648498535,-0.041503697633743286,-0.45899611711502075,2.0434999465942383,-0.3133651316165924,-0.24366924166679382,2.1600000858306885,0.0016761507140472531,-0.239862322807312,2.2220001220703125,0,0,0,-0.03995097428560257,-0.08578921109437943,2.3404998779296875
