-0.17218472063541412,-0.34329020977020264,1.4854999780654907,-0.13966050744056702,-0.3617594838142395,1.4725000858306885,-0.1930181235074997,-0.3636687695980072,1.4609999656677246,-0.04656533524394035,-0.2168363630771637,1.3994998931884766,-0.2342638224363327,-0.21861648559570312,1.6330000162124634,0.0618765652179718,-0.2742985188961029,1.2960000038146973,-0.23749014735221863,-0.0228681992739439,1.6370000839233398,0.18843413889408112,-0.6334327459335327,1.8919999599456787,-0.39524805545806885,0.20323234796524048,2.1484999656677246
-0.15632900595664978,-0.3406408429145813,1.4950000047683716,-0.12592320144176483,-0.36803752183914185,1.5080000162124634,-0.1773526668548584,-0.3631562292575836,1.468500018119812,-0.03295932337641716,-0.21910402178764343,1.3994998931884766,-0.22286102175712585,-0.22042378783226013,1.6464999914169312,0.09921444207429886,-0.29393088817596436,1.2899999618530273,-0.22238728404045105,-0.02827642671763897,1.6430000066757202,0.13262473046779633,-0.3671703338623047,1.1295000314712524,-0.3639163076877594,0.20323234796524048,2.1484999656677246
-0.14179453253746033,-0.335796058177948,1.4950000047683716,-0.10928791016340256,-0.36716991662979126,1.5145000219345093,-0.1639087200164795,-0.3626193404197693,1.4760000705718994,-0.01712227053940296,-0.21275615692138672,1.4024999141693115,-0.21470245718955994,-0.2176353931427002,1.6660000085830688,0.109665647149086,-0.25839701294898987,1.2899999618530273,-0.20977604389190674,-0.023028848692774773,1.6484999656677246,0.16922825574874878,-0.3433781862258911,1.1295000314712524,-0.33954718708992004,0.21715746819972992,2.1484999656677246
-0.12550568580627441,-0.3327222168445587,1.503000020980835,-0.0949697196483612,-0.3638167083263397,1.5210000276565552,-0.1503695845603943,-0.3573710322380066,1.4839999675750732,-0.005794530268758535,-0.21861816942691803,1.4110000133514404,-0.19721639156341553,-0.21376514434814453,1.6779999732971191,0.12324917316436768,-0.24162791669368744,1.3009999990463257,-0.1970757097005844,-0.01506559457629919,1.6540000438690186,0.216812863945961,-0.32507652044296265,1.1295000314712524,-0.2958694100379944,0.2108403444290161,2.0859999656677246
-0.10903535038232803,-0.3295965790748596,1.5110000371932983,-0.07782012969255447,-0.3593595623970032,1.5230000019073486,-0.1341223567724228,-0.3541061282157898,1.4904999732971191,0.012597735971212387,-0.21118028461933136,1.4225000143051147,-0.18656277656555176,-0.21129779517650604,1.6800000667572021,0.1464378833770752,-0.2331957221031189,1.3009999990463257,-0.18456387519836426,-0.009752479381859303,1.6619999408721924,0.2526305913925171,-0.3140081763267517,1.1425000429153442,-0.2694035470485687,0.20866724848747253,2.064499855041504
-0.09232272207736969,-0.32866382598876953,1.5180000066757202,-0.06082393601536751,-0.3585321307182312,1.5299999713897705,-0.11772770434617996,-0.3532247245311737,1.496999979019165,0.03132087364792824,-0.20613226294517517,1.4355000257492065,-0.17083768546581268,-0.20385678112506866,1.686000108718872,0.15908628702163696,-0.23108766973018646,1.3009999990463257,-0.16148439049720764,-0.00982289481908083,1.6740000247955322,0.27669671177864075,-0.2954958975315094,1.1425000429153442,-0.23770570755004883,0.2142535299062729,2.0225000381469727
-0.07792232185602188,-0.32276639342308044,1.524999976158142,-0.04868154227733612,-0.3554226756095886,1.5379999876022339,-0.10372515022754669,-0.34779655933380127,1.5049999952316284,0.04381857439875603,-0.20317761600017548,1.4644999504089355,-0.15481272339820862,-0.1988637000322342,1.690000057220459,0.17384272813796997,-0.22476351261138916,1.3009999990463257,-0.14625060558319092,0.0010342092718929052,1.686000108718872,0.295209139585495,-0.2843885123729706,1.1425000429153442,-0.21601268649101257,0.2059171199798584,1.9739999771118164
-0.06342718750238419,-0.31452369689941406,1.5329999923706055,-0.031440041959285736,-0.3477005064487457,1.5479999780654907,-0.08935985714197159,-0.34149882197380066,1.5095000267028809,0.05431158468127251,-0.2045752853155136,1.4919999837875366,-0.14112083613872528,-0.19064861536026,1.690000057220459,0.19120855629444122,-0.22787322103977203,1.319000005722046,-0.14402945339679718,0.0010378897422924638,1.6920000314712524,0.31687936186790466,-0.2853811979293823,1.1540000438690186,-0.2003874033689499,0.21251040697097778,1.9465000629425049
-0.048887286335229874,-0.30687272548675537,1.5444999933242798,-0.016464419662952423,-0.33919432759284973,1.5549999475479126,-0.074931800365448,-0.3303600251674652,1.5145000219345093,0.06904751062393188,-0.19798395037651062,1.496999979019165,-0.13306297361850739,-0.17990782856941223,1.6920000314712524,0.20104479789733887,-0.2250397503376007,1.3275001049041748,-0.13357414305210114,-0.0017102569108828902,1.6984999179840088,0.3264669179916382,-0.28723591566085815,1.1614999771118164,-0.19092541933059692,0.21566440165042877,1.9465000629425049
-0.03402508795261383,-0.3007217049598694,1.5514999628067017,-0.0013513910816982388,-0.3302799463272095,1.560499906539917,-0.06048602610826492,-0.3244909346103668,1.5214999914169312,0.0864868089556694,-0.18928760290145874,1.5049999952316284,-0.11113002896308899,-0.17168302834033966,1.6920000314712524,0.2130761742591858,-0.21990403532981873,1.3355000019073486,-0.12564970552921295,0.012082338333129883,1.7029999494552612,0.334637850522995,-0.28916189074516296,1.1770000457763672,-0.18461742997169495,0.23774221539497375,1.9465000629425049
-0.021503683179616928,-0.29384124279022217,1.5549999475479126,0.00880209170281887,-0.32414188981056213,1.5674999952316284,-0.04827006161212921,-0.3178243637084961,1.524999976158142,0.0965290293097496,-0.18251588940620422,1.5095000267028809,-0.09479222446680069,-0.15816174447536469,1.694000005722046,0.21829944849014282,-0.22298254072666168,1.340999960899353,-0.11778490245342255,0.03150893747806549,1.7089999914169312,0.33940431475639343,-0.2993119955062866,1.187000036239624,-0.17830944061279297,0.25035813450813293,1.9465000629425049
-0.011425155214965343,-0.28628239035606384,1.5549999475479126,0.021522099152207375,-0.31682518124580383,1.569000005722046,-0.03851183131337166,-0.31142908334732056,1.5299999713897705,0.10875856131315231,-0.17273232340812683,1.5095000267028809,-0.08393648266792297,-0.15564626455307007,1.6965000629425049,0.2204723209142685,-0.220809668302536,1.340999960899353,-0.1072077602148056,0.037220656871795654,1.7170000076293945,0.33833393454551697,-0.30585306882858276,1.190000057220459,-0.1734594702720642,0.2683839201927185,1.9630000591278076
0.0011756439926102757,-0.28187620639801025,1.558500051498413,0.029186204075813293,-0.3121379315853119,1.5709999799728394,-0.02871681936085224,-0.30528321862220764,1.5364999771118164,0.11609628051519394,-0.16784055531024933,1.5095000267028809,-0.07322030514478683,-0.15072377026081085,1.7030000686645508,0.22481808066368103,-0.22298254072666168,1.340999960899353,-0.09666680544614792,0.0458456426858902,1.7274999618530273,0.3344775438308716,-0.3154940605163574,1.190000057220459,-0.1664169877767563,0.2704578936100006,1.9549999237060547
0.013833155855536461,-0.26985442638397217,1.562000036239624,0.047064948827028275,-0.30234017968177795,1.5729999542236328,-0.01628442294895649,-0.29561299085617065,1.5379999876022339,0.1258799135684967,-0.16050288081169128,1.5095000267028809,-0.054157424718141556,-0.15143179893493652,1.7109999656677246,0.21829944849014282,-0.21863679587841034,1.340999960899353,-0.07211584597826004,0.0490812323987484,1.7430000305175781,0.30748260021209717,-0.3270632326602936,1.190000057220459,-0.16483581066131592,0.2762849032878876,1.9739999771118164
0.023987729102373123,-0.2701999545097351,1.5640000104904175,0.054885245859622955,-0.30074432492256165,1.5779999494552612,-0.006322238594293594,-0.29340678453445435,1.5394999980926514,0.1307717263698578,-0.15805698931217194,1.5095000267028809,-0.05156521126627922,-0.14918072521686554,1.7170000076293945,0.20720301568508148,-0.21405136585235596,1.3394999504089355,-0.06681053340435028,0.055012308061122894,1.7519999742507935,0.28241589665412903,-0.3309195935726166,1.190000057220459,-0.16253796219825745,0.28104084730148315,1.9850000143051147
0.02912118099629879,-0.2682647407054901,1.5674999952316284,0.06018916144967079,-0.2991322875022888,1.5829999446868896,-0.0013332052621990442,-0.29091230034828186,1.5394999980926514,0.13525910675525665,-0.15270859003067017,1.5049999952316284,-0.04058978334069252,-0.14136753976345062,1.7235000133514404,0.20286212861537933,-0.21188092231750488,1.3394999504089355,-0.05851028859615326,0.05521640554070473,1.7584999799728394,0.25862377882003784,-0.3339320123195648,1.187000036239624,-0.1604854017496109,0.28309381008148193,1.999500036239624
0.03173176199197769,-0.2663182020187378,1.5709999799728394,0.06531915813684464,-0.2991322875022888,1.5829999446868896,0.003655828069895506,-0.29091230034828186,1.5394999980926514,0.13224685192108154,-0.14962099492549896,1.4984999895095825,-0.04074286296963692,-0.150310218334198,1.7300000190734863,0.19815072417259216,-0.2136518806219101,1.3370000123977661,-0.058726564049720764,0.05542050302028656,1.7649999856948853,0.23224258422851562,-0.33769872784614563,1.1800000667572021,-0.1579139679670334,0.2875508666038513,2.007999897003174
0.03682287409901619,-0.2663182020187378,1.5709999799728394,0.067884162068367,-0.29656729102134705,1.5829999446868896,0.008644861169159412,-0.29091230034828186,1.5394999980926514,0.13409075140953064,-0.15138950943946838,1.4919999837875366,-0.03517710044980049,-0.15048399567604065,1.7319999933242798,0.19561785459518433,-0.21325236558914185,1.3344999551773071,-0.05306681990623474,0.05262017250061035,1.7669999599456787,0.2035590559244156,-0.33265650272369385,1.1689999103546143,-0.1518590897321701,0.28841009736061096,2.0139999389648438
0.04200737178325653,-0.26691150665283203,1.5744999647140503,0.07301416248083115,-0.2991322875022888,1.5829999446868896,0.013678174465894699,-0.29185712337493896,1.5444999933242798,0.13595935702323914,-0.1459650993347168,1.4860000610351562,-0.029598373919725418,-0.15346740186214447,1.7339999675750732,0.1934555023908615,-0.21109002828598022,1.3344999551773071,-0.04740751162171364,0.046960268169641495,1.7695000171661377,0.1699654459953308,-0.3243167996406555,1.1594998836517334,-0.14554883539676666,0.2790350615978241,2.0169999599456787
0.047154709696769714,-0.2697194516658783,1.5759999752044678,0.08070917427539825,-0.29656729102134705,1.5829999446868896,0.016217460855841637,-0.2925184965133667,1.5479999780654907,0.13930661976337433,-0.1444425731897354,1.4704999923706055,-0.029632512480020523,-0.1536444127559662,1.7359999418258667,0.1887056529521942,-0.21061550080776215,1.3315000534057617,-0.04454031586647034,0.044093091040849686,1.7695000171661377,0.14366242289543152,-0.31868046522140503,1.1594998836517334,-0.1326729655265808,0.2761770188808441,2.0199999809265137
