0.7620505094528198,-0.38580989837646484,3.32450008392334,0,0,0,0.3202808201313019,-0.1982676088809967,1.4809999465942383,0.2706691324710846,-0.05751048028469086,1.569000005722046,0.10430543124675751,-0.001491251401603222,1.4809999465942383,0.3773684799671173,0.09648053348064423,1.7319999933242798,0.08545958995819092,0.2844211161136627,1.5759999752044678,0.31293705105781555,-0.014482645317912102,1.590000033378601,0.15331195294857025,0.537253201007843,1.6465001106262207
0.7801467180252075,-0.373151957988739,3.3559999465942383,0.7782109975814819,-0.43967780470848083,3.32450008392334,0.32464128732681274,-0.19320692121982574,1.4789999723434448,0.2569335103034973,-0.04780111834406853,1.503499984741211,0.10988587141036987,0.0008952718926593661,1.4595000743865967,0.3746449947357178,0.10692887753248215,1.7195000648498535,0.09704367816448212,0.28099220991134644,1.5570000410079956,0.31521570682525635,-0.009321187622845173,1.5885000228881836,0.1628381758928299,0.5414484739303589,1.6349999904632568
0.7835977673530579,-0.3696494996547699,3.32450008392334,0,0,0,0.32943424582481384,-0.19320692121982574,1.4789999723434448,0.24992704391479492,-0.037373024970293045,1.4765000343322754,0.11331990361213684,0.007899568416178226,1.443000078201294,0.3718588054180145,0.11250120401382446,1.7195000648498535,0.10630946606397629,0.29384705424308777,1.5450000762939453,0.31748953461647034,-0.0015979851596057415,1.5870000123977661,0.18358202278614044,0.555980384349823,1.63100004196167
0.7889845967292786,-0.35887590050697327,3.32450008392334,0,0,0,0.33467915654182434,-0.19346818327903748,1.4809999465942383,0.24464407563209534,-0.02774685062468052,1.4735000133514404,0.12449087202548981,0.010195138864219189,1.437000036239624,0.3718588054180145,0.1236458420753479,1.7195000648498535,0.11319354921579361,0.2972096800804138,1.5364999771118164,0.3200610280036926,-0.0015979851596057415,1.5870000123977661,0.19415313005447388,0.5586231350898743,1.63100004196167
0.8051450848579407,-0.35348910093307495,3.32450008392334,0,0,0,0.3402809202671051,-0.18911463022232056,1.4844999313354492,0.23509378731250763,-0.01819661445915699,1.4735000133514404,0.13556461036205292,0.010152569971978664,1.430999994277954,0.36894917488098145,0.13577035069465637,1.7319999933242798,0.12535563111305237,0.2990166246891022,1.5329999923706055,0.3226325213909149,0.006116415373980999,1.5870000123977661,0.2047242522239685,0.5586231350898743,1.63100004196167
0.8105319142341614,-0.35887590050697327,3.32450008392334,0,0,0,0.346951425075531,-0.19013376533985138,1.4924999475479126,0.23748137056827545,-0.01819661445915699,1.4735000133514404,0.1374497264623642,0.019366256892681122,1.4264999628067017,0.3384246826171875,0.1515074521303177,1.7195000648498535,0.1346738040447235,0.29517862200737,1.5260000228881836,0.3252039849758148,0.01897375099360943,1.5870000123977661,0.21265259385108948,0.5533376336097717,1.63100004196167
0.8135236501693726,-0.3501397669315338,3.2930002212524414,0,0,0,0.3500720262527466,-0.19051595032215118,1.4954999685287476,0.23509378731250763,-0.01819661445915699,1.4735000133514404,0.1507348269224167,0.01929159089922905,1.4210000038146973,0.33280813694000244,0.1557551473379135,1.7049999237060547,0.1440906971693039,0.2942114770412445,1.5210000276565552,0.3252039849758148,0.01897375099360943,1.5870000123977661,0.22322368621826172,0.5480521321296692,1.63100004196167
0.6035342216491699,-0.26371899247169495,2.443000078201294,0,0,0,0.3479975163936615,-0.193132683634758,1.496999979019165,0.23031865060329437,-0.015809055417776108,1.4735000133514404,0.15441064536571503,0.014598755165934563,1.412500023841858,0.3320273458957672,0.1498773843050003,1.7009999752044678,0.15248124301433563,0.29140669107437134,1.506500005722046,0.3255113661289215,0.016417786478996277,1.5885000228881836,0.23086856305599213,0.5394614934921265,1.628999948501587
0.39255887269973755,-0.1752558797597885,1.5994999408721924,0,0,0,0.3479975163936615,-0.1955583244562149,1.496999979019165,0.23453892767429352,-0.028255274519324303,1.500499963760376,0.1604204922914505,0.007691539824008942,1.4049999713897705,0.32651495933532715,0.15263356268405914,1.7009999752044678,0.15810714662075043,0.2810664474964142,1.4904999732971191,0.3280852735042572,0.01384388841688633,1.5885000228881836,0.23506039381027222,0.515958845615387,1.621500015258789
0.3856869637966156,-0.17728064954280853,1.5715000629425049,0,0,0,0.3479975163936615,-0.19798395037651062,1.496999979019165,0.21751965582370758,-0.028255274519324303,1.500499963760376,0.1668931245803833,0.009946822188794613,1.4019999504089355,0.3040178418159485,0.16066564619541168,1.6984999179840088,0.16260942816734314,0.2708597481250763,1.4874999523162842,0.33097144961357117,0.021585945039987564,1.590000033378601,0.2440662384033203,0.5051476955413818,1.628999948501587
0.370543509721756,-0.18003636598587036,1.5299999713897705,0,0,0,0.3479975163936615,-0.20526085793972015,1.496999979019165,0.2102256864309311,-0.0404118150472641,1.500499963760376,0.1732126772403717,-0.0014076769584789872,1.3980000019073486,0.28058940172195435,0.17081505060195923,1.690000057220459,0.16984020173549652,0.26603928208351135,1.4874999523162842,0.3417060971260071,0.026772234588861465,1.5920000076293945,0.2546243965625763,0.4893105924129486,1.628999948501587
0.36397480964660645,-0.1829390823841095,1.5130000114440918,0,0,0,0.3488111197948456,-0.20817208290100098,1.500499963760376,0.19320642948150635,-0.052568353712558746,1.500499963760376,0.17222148180007935,-0.008156406693160534,1.3900001049041748,0.25147634744644165,0.1678333729505539,1.6605000495910645,0.16726110875606537,0.26336318254470825,1.4859999418258667,0.3343868851661682,0.04230272397398949,1.593999981880188,0.2681508958339691,0.4740547835826874,1.63100004196167
0.35907164216041565,-0.1853906512260437,1.5130000114440918,0,0,0,0.33908581733703613,-0.21303468942642212,1.500499963760376,0.20536305010318756,-0.050137050449848175,1.500499963760376,0.16723428666591644,-0.01037871465086937,1.3860000371932983,0,0,0,0.16228146851062775,0.2558811902999878,1.4844999313354492,0,0,0,0.28369370102882385,0.4753139913082123,1.6445000171661377
0.35416850447654724,-0.1853906512260437,1.5130000114440918,0,0,0,0.3342231810092926,-0.21546600759029388,1.500499963760376,0.21265701949596405,-0.04770573973655701,1.500499963760376,0.16498850286006927,-0.0036413741763681173,1.3860000371932983,0,0,0,0.16173489391803741,0.2550193667411804,1.4795000553131104,0,0,0,0.2890229821205139,0.4673200845718384,1.6445000171661377
0.35090330243110657,-0.18496179580688477,1.5095000267028809,0,0,0,0.32892152667045593,-0.21032266318798065,1.4984999895095825,0.19509904086589813,-0.0517800934612751,1.4780000448226929,0.16032320261001587,0.0008492661290802062,1.3845000267028809,0.237017422914505,0.15730825066566467,1.6349999904632568,0.1615162491798401,0.2594626843929291,1.4774999618530273,0.3369697034358978,0.09395890682935715,1.593999981880188,0.29795041680336,0.4619711637496948,1.6349999904632568
0.3460114896297455,-0.18740767240524292,1.5095000267028809,0,0,0,0.32330846786499023,-0.20983143150806427,1.4950000047683716,0.19166113436222076,-0.04673604667186737,1.4700000286102295,0.15549880266189575,0.005324403289705515,1.381500005722046,0.21598264575004578,0.1588274985551834,1.597000002861023,0.15402071177959442,0.24698995053768158,1.4744999408721924,0.3373924791812897,0.13286754488945007,1.5959999561309814,0.30324891209602356,0.44872498512268066,1.6349999904632568
0.34191060066223145,-0.1853906512260437,1.5130000114440918,0,0,0,0.31846365332603455,-0.20983143150806427,1.4950000047683716,0.19166113436222076,-0.056263599544763565,1.4700000286102295,0.14596137404441833,-0.0013855246361345053,1.375999927520752,0.20242515206336975,0.14008828997612,1.5334999561309814,0.14909051358699799,0.24912546575069427,1.4730000495910645,0.3329489231109619,0.16425956785678864,1.5994999408721924,0.29795041680336,0.4407772421836853,1.6349999904632568
0.33700746297836304,-0.19029377400875092,1.5130000114440918,0,0,0,0.31403836607933044,-0.21253778040409088,1.496999979019165,0.19404302537441254,-0.06579115241765976,1.4700000286102295,0.138715922832489,-0.005821316968649626,1.3704999685287476,0.20488403737545013,0.12462576478719711,1.496999979019165,0.14372913539409637,0.24573366343975067,1.4670000076293945,0.338132381439209,0.19276849925518036,1.5994999408721924,0.30324891209602356,0.43812796473503113,1.6349999904632568
0.33210429549217224,-0.19274532794952393,1.5130000114440918,0,0,0,0.30918705463409424,-0.2173890471458435,1.496999979019165,0.1892792135477066,-0.07531870901584625,1.4700000286102295,0.1319093406200409,-0.010251414030790329,1.36899995803833,0.21701228618621826,0.13190267980098724,1.496999979019165,0.13367199897766113,0.23525939881801605,1.4609999656677246,0.3640497624874115,0.2497863620519638,1.5994999408721924,0.29795041680336,0.43018025159835815,1.6349999904632568
0.31218186020851135,-0.20235078036785126,1.5115000009536743,0,0,0,0.2922075092792511,-0.22709159553050995,1.496999979019165,0.18689732253551483,-0.07531870901584625,1.4700000286102295,0.1141633614897728,-0.023560820147395134,1.36899995803833,0.20488403737545013,0.15130776166915894,1.496999979019165,0.11710076034069061,0.22579017281532288,1.4609999656677246,0,0,0,0.27421727776527405,0.4236087203025818,1.6200000047683716
