0.02116324193775654,-0.43831631541252136,1.749500036239624,0.04727663844823837,-0.4812794029712677,1.7720000743865967,-0.009947842918336391,-0.4577007591724396,1.7369999885559082,0.1781899780035019,-0.36975735425949097,1.7604999542236328,0.020423734560608864,-0.3367997407913208,1.9495000839233398,0.22816233336925507,-0.23353876173496246,1.5394999980926514,0.06893698871135712,-0.14330163598060608,1.9819999933242798,0.2423088252544403,-0.16981390118598938,1.284000039100647,0.05378108471632004,0.03858598321676254,2.2944998741149902
0.0041806334629654884,-0.4325144290924072,1.7604999542236328,0.027346624061465263,-0.47559985518455505,1.7829999923706055,-0.029982436448335648,-0.4543006718158722,1.756500005722046,0.16208073496818542,-0.360586017370224,1.7714999914169312,-0.0016951927682384849,-0.3318382501602173,1.9574999809265137,0.21319521963596344,-0.23603327572345734,1.5394999980926514,0.049667879939079285,-0.12724414467811584,1.9819999933242798,0.22654341161251068,-0.16420933604240417,1.2890000343322754,0.03858739137649536,0.05670179799199104,2.2755000591278076
-0.015828007832169533,-0.4250403344631195,1.7649999856948853,0.0071411109529435635,-0.4652148187160492,1.7874999046325684,-0.047353923320770264,-0.4485538899898529,1.7674999237060547,0.14254873991012573,-0.3562473654747009,1.7785000801086426,-0.014400839805603027,-0.31955862045288086,1.9600000381469727,0.19922326505184174,-0.2268425077199936,1.527999997138977,0.030444784089922905,-0.10813859105110168,1.9850000143051147,0.2141776978969574,-0.1580660492181778,1.2899999618530273,0.012758119963109493,0.07502155750989914,2.2720000743865967
-0.030392101034522057,-0.42011797428131104,1.7804999351501465,-0.007408455945551395,-0.46366292238235474,1.803999900817871,-0.06493930518627167,-0.4427001476287842,1.778499960899353,0.12831997871398926,-0.34809067845344543,1.781000018119812,-0.03980780392885208,-0.30367937684059143,1.9600000381469727,0.19300007820129395,-0.2155192792415619,1.5180000066757202,0.011163354851305485,-0.09863836318254471,1.9880000352859497,0.20621562004089355,-0.15418381989002228,1.2925000190734863,-0.012888671830296516,0.08889785408973694,2.250500202178955
-0.04806390032172203,-0.41167590022087097,1.7940000295639038,-0.025140641257166862,-0.45547816157341003,1.8179999589920044,-0.08253049850463867,-0.43564122915267944,1.784999966621399,0.11401872336864471,-0.3369253873825073,1.7829999923706055,-0.05577239394187927,-0.29142138361930847,1.9630000591278076,0.18070168793201447,-0.2081402838230133,1.5180000066757202,-0.008176405914127827,-0.08265680819749832,1.9909999370574951,0.19597133994102478,-0.14807263016700745,1.2940000295639038,-0.0343819260597229,0.11675871163606644,2.2255001068115234
-0.059857841581106186,-0.4069932997226715,1.7990000247955322,-0.03696438670158386,-0.4500812292098999,1.8199999332427979,-0.09133516997098923,-0.42466598749160767,1.7874999046325684,0.10851375758647919,-0.32908666133880615,1.7874999046325684,-0.06849531829357147,-0.27869850397109985,1.9630000591278076,0.18519306182861328,-0.19048243761062622,1.5145000219345093,-0.024374058470129967,-0.06994516402482986,1.996500015258789,0.1945488303899765,-0.1338595598936081,1.2985000610351562,-0.052412282675504684,0.14200104773044586,2.2255001068115234
-0.06886976212263107,-0.3939453363418579,1.805999994277954,-0.04888104274868965,-0.43345633149147034,1.8245000839233398,-0.10306456685066223,-0.41075798869132996,1.7899999618530273,0.09730789810419083,-0.3187446594238281,1.7944999933242798,-0.08439897745847702,-0.2596142292022705,1.9630000591278076,0.1753770262002945,-0.19293642044067383,1.5145000219345093,-0.03417298197746277,-0.0506744310259819,2.002000093460083,0.18925152719020844,-0.1303504854440689,1.3055000305175781,-0.06683656573295593,0.1600313037633896,2.2255001068115234
-0.07773476839065552,-0.38559290766716003,1.8079999685287476,-0.05501890927553177,-0.4293012320995331,1.8320000171661377,-0.1117658019065857,-0.4049571752548218,1.7899999618530273,0.08297693729400635,-0.3107990324497223,1.7990000247955322,-0.10030263662338257,-0.24689140915870667,1.9630000591278076,0.18028505146503448,-0.18312044441699982,1.5145000219345093,-0.04397054761648178,-0.03775530308485031,2.005000114440918,0.18975891172885895,-0.10736879706382751,1.309000015258789,-0.08126085251569748,0.18166758120059967,2.2255001068115234
-0.08652350306510925,-0.3768042027950287,1.8079999685287476,-0.06698406487703323,-0.42394208908081055,1.8345000743865967,-0.12336745113134384,-0.399156391620636,1.7899999618530273,0.08893034607172012,-0.29371678829193115,1.8015000820159912,-0.10967695713043213,-0.23698651790618896,1.9600000381469727,0.19500909745693207,-0.1659425050020218,1.5145000219345093,-0.04721933230757713,-0.03125777095556259,2.005000114440918,0.19014640152454376,-0.07871301472187042,1.3264999389648438,-0.09207907319068909,0.18887969851493835,2.2255001068115234
-0.09238265454769135,-0.3680155277252197,1.8079999685287476,-0.06995657831430435,-0.41205209493637085,1.8345000743865967,-0.12626786530017853,-0.3875548243522644,1.7899999618530273,0.07725415378808975,-0.28787872195243835,1.8015000820159912,-0.11635428667068481,-0.22809724509716034,1.965499997138977,0.20617754757404327,-0.1472766250371933,1.5245000123977661,-0.05075758695602417,-0.024902254343032837,2.0164999961853027,0.1863294392824173,-0.04059763252735138,1.3454999923706055,-0.10273544490337372,0.1885826289653778,2.2219998836517334
-0.09531223028898239,-0.36508598923683167,1.8079999685287476,-0.07292909920215607,-0.4061070680618286,1.8345000743865967,-0.1289878636598587,-0.3841171860694885,1.7874999046325684,0.08309224992990494,-0.27620264887809753,1.8015000820159912,-0.11602870374917984,-0.22110727429389954,1.9600000381469727,0.21646031737327576,-0.12672634422779083,1.5450000762939453,-0.05761916562914848,-0.015186171047389507,2.0280001163482666,0.18318629264831543,-0.0013638759264722466,1.3545000553131104,-0.10650335997343063,0.20330388844013214,2.2255001068115234
-0.09238265454769135,-0.35922685265541077,1.8079999685287476,-0.07292909920215607,-0.40016207098960876,1.8345000743865967,-0.1289878636598587,-0.3783245086669922,1.7874999046325684,0.08601129055023193,-0.26744556427001953,1.8015000820159912,-0.10967695713043213,-0.21793141961097717,1.9600000381469727,0.22723229229450226,-0.10825291275978088,1.5674999952316284,-0.05770440027117729,-0.008626848459243774,2.0310001373291016,0.17524421215057373,0.038324471563100815,1.3609999418258667,-0.10650335997343063,0.21412204205989838,2.2255001068115234
-0.0894530788064003,-0.35922685265541077,1.8079999685287476,-0.06401154398918152,-0.40016207098960876,1.8345000743865967,-0.12319514900445938,-0.3783245086669922,1.7874999046325684,0.09476843476295471,-0.25868844985961914,1.8015000820159912,-0.10967695713043213,-0.21793141961097717,1.9600000381469727,0.2395121157169342,-0.08615676313638687,1.5815000534057617,-0.06767695397138596,0.0012476758565753698,2.0339999198913574,0.17352242767810822,0.07347588241100311,1.4005000591278076,-0.1028972789645195,0.22133414447307587,2.2255001068115234
-0.08359391987323761,-0.3562973141670227,1.8079999685287476,-0.0578291155397892,-0.39852607250213623,1.8270000219345093,-0.11723823100328445,-0.37779539823532104,1.784999966621399,0.09755191206932068,-0.2524994909763336,1.7990000247955322,-0.10953705757856369,-0.2144816517829895,1.9574999809265137,0.2468801885843277,-0.06625829637050629,1.5959999561309814,-0.06777677685022354,-0.0020511001348495483,2.0369999408721924,0.1717737466096878,0.09674885869026184,1.443000078201294,-0.09929121285676956,0.22133414447307587,2.2255001068115234
-0.06594342738389969,-0.35590317845344543,1.805999994277954,-0.03995727375149727,-0.39743542671203613,1.8220000267028809,-0.09988436847925186,-0.37779539823532104,1.784999966621399,0.12378687411546707,-0.23500965535640717,1.7990000247955322,-0.11256493628025055,-0.2142077386379242,1.9550000429153442,0.25259241461753845,-0.033048663288354874,1.6159999370574951,-0.08109858632087708,0.004556833766400814,2.0399999618530273,0.156375914812088,0.12087949365377426,1.4519999027252197,-0.07765477895736694,0.21051599085330963,2.2255001068115234
-0.059857841581106186,-0.3545237183570862,1.7990000247955322,-0.031100483611226082,-0.39743542671203613,1.8220000267028809,-0.09110524505376816,-0.3773721158504486,1.7829999923706055,0.12943673133850098,-0.22886118292808533,1.7964999675750732,-0.10922929644584656,-0.21387901902198792,1.9520000219345093,0.25524964928627014,-0.02281232178211212,1.6330000162124634,-0.08770958334207535,0.004556833766400814,2.0399999618530273,0.15229718387126923,0.12610387802124023,1.4579999446868896,-0.06662633270025253,0.2062591016292572,2.2184998989105225
-0.04801031947135925,-0.3502406179904938,1.7920000553131104,-0.019291430711746216,-0.39153096079826355,1.8220000267028809,-0.07638043165206909,-0.3759963810443878,1.7764999866485596,0.13473159074783325,-0.21927069127559662,1.7894999980926514,-0.1086137592792511,-0.21267375349998474,1.940999984741211,0.24935612082481384,-0.00966152735054493,1.6465001106262207,-0.09101507812738419,0.014473265036940575,2.0399999618530273,0.1521269828081131,0.13973741233348846,1.503000020980835,-0.05514994636178017,0.19660209119319916,2.190999984741211
-0.033370573073625565,-0.3460771143436432,1.7855000495910645,-0.0015717879869043827,-0.38708579540252686,1.815000057220459,-0.06444637477397919,-0.37356239557266235,1.7649999856948853,0.1454305201768875,-0.21215932071208954,1.778499960899353,-0.10816609859466553,-0.20866508781909943,1.9329999685287476,0.25020912289619446,0.0010243946453556418,1.6700000762939453,-0.09748250991106033,0.014451980590820312,2.0369999408721924,0.15156567096710205,0.15389181673526764,1.5729999542236328,-0.05079904943704605,0.2040363848209381,2.1570000648498535
-0.018809674307703972,-0.3414541482925415,1.7764999866485596,0.010141356848180294,-0.38224005699157715,1.805999994277954,-0.04963544011116028,-0.36409124732017517,1.746999979019165,0.15903055667877197,-0.19961699843406677,1.7695000171661377,-0.10489813983440399,-0.20213912427425385,1.9305000305175781,0.24622267484664917,0.014802545309066772,1.6984999179840088,-0.1037772074341774,0.0275729913264513,2.0310001373291016,0.1426606923341751,0.16338612139225006,1.6165000200271606,-0.039472777396440506,0.1997797191143036,2.111999988555908
-0.001532385009340942,-0.334374338388443,1.7695000171661377,0.030473100021481514,-0.3745116889476776,1.7969999313354492,-0.0323706679046154,-0.3609651029109955,1.7319999933242798,0.16982486844062805,-0.19025982916355133,1.7625000476837158,-0.10432758927345276,-0.19792863726615906,1.9199999570846558,0.24676746129989624,0.023371197283267975,1.7214999198913574,-0.10973415523767471,0.03396138548851013,2.0195000171661377,0.14350669085979462,0.17279721796512604,1.656499981880188,-0.03144659847021103,0.20243793725967407,2.0355000495910645
