0.05995076522231102,-0.20074740052223206,1.3980000019073486,0.09846526384353638,-0.23331040143966675,1.430999994277954,0.033917997032403946,-0.23383349180221558,1.3534998893737793,0.16084535419940948,-0.06684291362762451,1.493499994277954,-0.07973624765872955,-0.13305476307868958,1.5605000257492065,0.18510732054710388,0.11478758603334427,1.3524999618530273,-0.10351988673210144,0.07430805265903473,1.6159999370574951,0.17552609741687775,0.24484634399414062,1.1589999198913574,-0.2003238946199417,0.29912859201431274,1.9769999980926514
0.06622129678726196,-0.199167862534523,1.3870000839233398,0.10446368902921677,-0.22659562528133392,1.4179999828338623,0.04232781380414963,-0.22967228293418884,1.3420000076293945,0.1602044552564621,-0.06084056198596954,1.465499997138977,-0.0719887912273407,-0.1327563226222992,1.556999921798706,0.18640804290771484,0.11938799172639847,1.3305000066757202,-0.09424372017383575,0.07578403502702713,1.5920000076293945,0.17060410976409912,0.24710705876350403,1.1265000104904175,-0.18343184888362885,0.29575619101524353,1.934000015258789
0.0725426897406578,-0.19355018436908722,1.378999948501587,0.11197109520435333,-0.21871265769004822,1.3970000743865967,0.046224649995565414,-0.22529400885105133,1.3289999961853027,0.15991654992103577,-0.0528370663523674,1.441499948501587,-0.06427536904811859,-0.12490635365247726,1.5534999370574951,0.18381617963314056,0.12478826195001602,1.2970000505447388,-0.08593442291021347,0.0752842053771019,1.5815000534057617,0.16945943236351013,0.24563217163085938,1.0954999923706055,-0.1693064272403717,0.2938250005245209,1.881500005722046
0.07670444995164871,-0.18832719326019287,1.3734999895095825,0.11723172664642334,-0.21142570674419403,1.378999948501587,0.05436386913061142,-0.21907496452331543,1.317500114440918,0.16076304018497467,-0.047046296298503876,1.4079999923706055,-0.054084427654743195,-0.1221134215593338,1.5499999523162842,0.1809007078409195,0.12551052868366241,1.2620000839233398,-0.07738087326288223,0.07445114850997925,1.5640000104904175,0.16513854265213013,0.24373511970043182,1.05649995803833,-0.16338591277599335,0.2887496054172516,1.8489999771118164
0.08201514929533005,-0.18086396157741547,1.3509999513626099,0.12330596894025803,-0.2081293761730194,1.371999979019165,0.05847770720720291,-0.2163638323545456,1.3140000104904175,0.16297753155231476,-0.04187998175621033,1.3880000114440918,-0.04629456624388695,-0.1164482906460762,1.5414999723434448,0.18073947727680206,0.13061785697937012,1.2330000400543213,-0.06884130835533142,0.07845182716846466,1.5429999828338623,0.16179674863815308,0.2446528673171997,1.0245000123977661,-0.1536058634519577,0.2876480221748352,1.8044999837875366
0.08444291353225708,-0.17250150442123413,1.3204998970031738,0.12741747498512268,-0.1974955052137375,1.3450000286102295,0.06199592724442482,-0.21170760691165924,1.2985000610351562,0.16874639689922333,-0.03716648370027542,1.3799999952316284,-0.041031137108802795,-0.12065594643354416,1.531499981880188,0.17732785642147064,0.1325674057006836,1.1965000629425049,-0.06606165319681168,0.07812134176492691,1.5364999771118164,0.1584310382604599,0.24034859240055084,0.9930000305175781,-0.1447283774614334,0.2788860499858856,1.7674999237060547
0.09000179171562195,-0.17086860537528992,1.3079999685287476,0.12898389995098114,-0.19331064820289612,1.316499948501587,0.06930035352706909,-0.2062944918870926,1.277999997138977,0.17039434611797333,-0.03436090797185898,1.3575000762939453,-0.04080341011285782,-0.11011523008346558,1.5230000019073486,0.17824594676494598,0.1346825510263443,1.1644999980926514,-0.06556721031665802,0.08989167213439941,1.524999976158142,0.15576909482479095,0.24019865691661835,0.9665000438690186,-0.1415032595396042,0.2838893532752991,1.7630000114440918
0.09802768379449844,-0.16797512769699097,1.3020000457763672,0.13938462734222412,-0.1886853277683258,1.3140000104904175,0.07721929997205734,-0.20326490700244904,1.2719999551773071,0.17510265111923218,-0.025289461016654968,1.343000054359436,-0.0357147715985775,-0.10718803852796555,1.5164999961853027,0.1856657713651657,0.14256994426250458,1.1519999504089355,-0.06505127251148224,0.09408745914697647,1.5130000114440918,0.1635419726371765,0.24869227409362793,0.9570000171661377,-0.13293325901031494,0.29245927929878235,1.7630000114440918
0.10169734805822372,-0.16497370600700378,1.2950000762939453,0.14038293063640594,-0.18506544828414917,1.3034999370574951,0.07906223088502884,-0.20065021514892578,1.2684999704360962,0.17642074823379517,-0.020835915580391884,1.3365000486373901,-0.03563234210014343,-0.10448909550905228,1.5130000114440918,0.18614870309829712,0.1433708667755127,1.1434999704360962,-0.059750575572252274,0.09103024005889893,1.503000020980835,0.16664332151412964,0.24869227409362793,0.9570000171661377,-0.135443314909935,0.29171279072761536,1.7584999799728394
0.10540340095758438,-0.16420933604240417,1.2890000343322754,0.1433868557214737,-0.18350373208522797,1.2925000190734863,0.08281242102384567,-0.19978022575378418,1.2630000114440918,0.17885850369930267,-0.0206176545470953,1.3224999904632568,-0.033071115612983704,-0.10414379090070724,1.5080000162124634,0.1900307983160019,0.14211706817150116,1.1334999799728394,-0.05943254008889198,0.09539049863815308,1.4950000047683716,0.1699528694152832,0.24674326181411743,0.9494999647140503,-0.13225464522838593,0.29380834102630615,1.753999948501587
0.10686659067869186,-0.16117745637893677,1.2815001010894775,0.1471187323331833,-0.18293583393096924,1.2885000705718994,0.0844893679022789,-0.19891023635864258,1.2574999332427979,0.18148252367973328,-0.01618368737399578,1.3105000257492065,-0.03037375956773758,-0.10328052937984467,1.4954999685287476,0.19208066165447235,0.14274722337722778,1.124000072479248,-0.05931327864527702,0.09278155118227005,1.4919999837875366,0.1704077124595642,0.24518407881259918,0.9434999823570251,-0.1349426805973053,0.2934733033180237,1.7519999742507935
0.1107163056731224,-0.1586664468050003,1.277999997138977,0.14851175248622894,-0.18000589311122894,1.2825000286102295,0.08786024153232574,-0.19530709087848663,1.247499942779541,0.18241509795188904,-0.013969046995043755,1.3020000457763672,-0.03015034832060337,-0.10252085328102112,1.4844999313354492,0.19520080089569092,0.1423662304878235,1.121000051498413,-0.05659065768122673,0.09228406101465225,1.4839999675750732,0.17254604399204254,0.24388474225997925,0.9384999871253967,-0.1377815157175064,0.2934733033180237,1.7519999742507935
0.1126106008887291,-0.15841814875602722,1.2760000228881836,0.15171562135219574,-0.17888304591178894,1.2745000123977661,0.08722638338804245,-0.1938980668783188,1.2384999990463257,0.18367443978786469,-0.01180472131818533,1.2960000038146973,-0.030048800632357597,-0.09977827221155167,1.4795000553131104,0.19596268236637115,0.1416042298078537,1.1150000095367432,-0.058379050344228745,0.09607908874750137,1.4684998989105225,0.174932599067688,0.2414601892232895,0.9350000023841858,-0.1347886323928833,0.29597389698028564,1.75
0.11373448371887207,-0.15711456537246704,1.2655000686645508,0.14969193935394287,-0.17649699747562408,1.2574999332427979,0.09035594016313553,-0.19201937317848206,1.2265000343322754,0.18512935936450958,-0.009671075269579887,1.2915000915527344,-0.02982538565993309,-0.10141588002443314,1.4684998989105225,0.1976071298122406,0.14557376503944397,1.1039999723434448,-0.057782743126153946,0.09274253994226456,1.4535000324249268,0.1762589067220688,0.24271534383296967,0.9340000152587891,-0.13727034628391266,0.29804110527038574,1.745500087738037
0.11432113498449326,-0.15107890963554382,1.249500036239624,0.15187175571918488,-0.1723090410232544,1.2419999837875366,0.08943506330251694,-0.19006237387657166,1.2139999866485596,0.18613478541374207,-0.007534407079219818,1.284000039100647,-0.02964259497821331,-0.10079433768987656,1.4594999551773071,0.20009146630764008,0.14656174182891846,1.0980000495910645,-0.05760384723544121,0.0924554094672203,1.4490000009536743,0.17418304085731506,0.2398568093776703,0.9229999780654907,-0.1390552520751953,0.29862862825393677,1.7325000762939453
0.11756511777639389,-0.15005114674568176,1.2409999370574951,0.15332666039466858,-0.16967956721782684,1.2374999523162842,0.09298469871282578,-0.18536162376403809,1.2089999914169312,0.1894065886735916,-0.005428415257483721,1.277999997138977,-0.024861611425876617,-0.0982271358370781,1.4565000534057617,0.20664186775684357,0.1497098207473755,1.0950000286102295,-0.05754421651363373,0.09235969930887222,1.4474999904632568,0.17899417877197266,0.24275514483451843,0.9169999957084656,-0.13801182806491852,0.2991739809513092,1.7195000648498535
0.1171388179063797,-0.14549997448921204,1.2365000247955322,0.15301690995693207,-0.165334552526474,1.2349998950958252,0.09271551668643951,-0.1809183806180954,1.2055000066757202,0.1894065886735916,-0.005428415257483721,1.277999997138977,-0.022455235943198204,-0.09802481532096863,1.4535000324249268,0.20803546905517578,0.1476653516292572,1.093000054359436,-0.05748458579182625,0.09460699558258057,1.4459999799728394,0.1793975532054901,0.2427760660648346,0.9114999771118164,-0.1373295933008194,0.3032398223876953,1.7109999656677246
0.11890148371458054,-0.1452057957649231,1.2339999675750732,0.15239742398262024,-0.16466520726680756,1.2300000190734863,0.09229250997304916,-0.1800929605960846,1.2000000476837158,0.19147738814353943,-0.005428415257483721,1.277999997138977,-0.02481040172278881,-0.0933145135641098,1.4535000324249268,0.21325096487998962,0.15113823115825653,1.0924999713897705,-0.05742495134472847,0.09684941917657852,1.4444999694824219,0.17900392413139343,0.24371705949306488,0.909500002861023,-0.14010198414325714,0.3032398223876953,1.7109999656677246
0.11890148371458054,-0.1452057957649231,1.2339999675750732,0.1537000834941864,-0.16392888128757477,1.2244999408721924,0.09570042043924332,-0.17919248342514038,1.194000005722046,0.19561898708343506,-0.0012868463527411222,1.277999997138977,-0.024733589962124825,-0.0953734740614891,1.4490000009536743,0.21649378538131714,0.15446630120277405,1.0910000801086426,-0.05970347672700882,0.09674885123968124,1.4429999589920044,0.18342500925064087,0.24519076943397522,0.909500002861023,-0.13977445662021637,0.31082865595817566,1.7070000171661377
0.12060705572366714,-0.14285816252231598,1.2309999465942383,0.15338627994060516,-0.16359421610832214,1.222000002861023,0.09529966115951538,-0.1784421056509018,1.1890000104904175,0.19561898708343506,-0.0012868463527411222,1.277999997138977,-0.01999635249376297,-0.09517601132392883,1.4459999799728394,0.22002935409545898,0.1509307324886322,1.0910000801086426,-0.05970347672700882,0.09908698499202728,1.4429999589920044,0.18931981921195984,0.24224337935447693,0.909500002861023,-0.14237336814403534,0.313227117061615,1.7049999237060547
