-0.04752327874302864,0.0575094111263752,2.1670000553131104,-0.0163772813975811,0.02664933353662491,2.2290000915527344,-0.07813894748687744,0.02211776003241539,2.140000104904175,-0.0021190992556512356,0.16802901029586792,2.447000026702881,-0.20677527785301208,0.10203711688518524,2.1435000896453857,0.1334134340286255,0.4095267653465271,2.8924999237060547,-0.32969170808792114,0.11052265763282776,1.9279999732971191,0.26140883564949036,0.5782030820846558,2.5420000553131104,-0.4414879381656647,-0.017093244940042496,2.9130001068115234
-0.040500715374946594,0.03995311260223389,2.1670000553131104,-0.009139424189925194,0.008577242493629456,2.2255001068115234,-0.07110406458377838,0.0013108571292832494,2.13700008392334,-0.014062711037695408,0.15269778668880463,2.4555001258850098,-0.21618162095546722,0.08427619189023972,2.133500099182129,0.13168610632419586,0.39496922492980957,2.9590001106262207,-0.3381844162940979,0.09465654194355011,1.9229999780654907,0.29470571875572205,0.5784206986427307,2.6564998626708984,-0.3706870675086975,-0.026533298194408417,2.9130001068115234
-0.03347815200686455,0.018885556608438492,2.1670000553131104,-0.0019151563756167889,-0.009393536485731602,2.2114999294281006,-0.06034669652581215,-0.015905043110251427,2.124000072479248,-0.014014030806720257,0.13234443962574005,2.447000026702881,-0.19801096618175507,0.05980983376502991,2.124000072479248,0.14249275624752045,0.37419354915618896,2.984499931335449,-0.3381844162940979,0.06661345809698105,1.9229999780654907,0.3095906376838684,0.5676910281181335,2.750499963760376,-0.3282065689563751,-0.04541340842843056,2.9130001068115234
-0.02645559050142765,0.001329259481281042,2.1670000553131104,0.005210059694945812,-0.027094246819615364,2.194000005722046,-0.056302279233932495,-0.029357068240642548,2.1015000343322754,-0.009995667263865471,0.1158657968044281,2.434000015258789,-0.19397392868995667,0.03904047980904579,2.117500066757202,0.14249275624752045,0.3500141501426697,2.984499931335449,-0.3336745798587799,0.04151284694671631,1.9149999618530273,0.31895706057548523,0.5494076609611511,2.7934999465942383,-0.28100600838661194,-0.07373357564210892,2.9130001068115234
-0.015896029770374298,-0.019706416875123978,2.1635000705718994,0.012280813418328762,-0.05181346461176872,2.187000036239624,-0.042488738894462585,-0.05295249819755554,2.0920000076293945,-0.006041808519512415,0.0920509472489357,2.430000066757202,-0.18653741478919983,0.025238556787371635,2.1110000610351562,0.15093228220939636,0.33380454778671265,3.057499885559082,-0.3313223123550415,0.016571704298257828,1.9014999866485596,0.31958505511283875,0.532348096370697,2.7990000247955322,-0.28100600838661194,-0.09261368215084076,2.9130001068115234
-0.008856062777340412,-0.04410238191485405,2.1565001010894775,0.019368188455700874,-0.06953179091215134,2.187000036239624,-0.038865361362695694,-0.0728529766201973,2.0794999599456787,0.005711118690669537,0.07941322773694992,2.4050002098083496,-0.18259640038013458,0.014934423379600048,2.1050000190734863,0.16146934032440186,0.33036452531814575,3.1670000553131104,-0.3303585350513458,0.01028367131948471,1.878499984741211,0.3241203725337982,0.532348096370697,2.7990000247955322,-0.23883305490016937,-0.09852159768342972,2.2839999198913574
0.0016169347800314426,-0.057729244232177734,2.1435000896453857,0.029999256134033203,-0.09079379588365555,2.187000036239624,-0.02858399599790573,-0.08916118741035461,2.066999912261963,0.017344001680612564,0.06361331790685654,2.3970000743865967,-0.17893019318580627,-0.005522487685084343,2.1019999980926514,0.17826887965202332,0.3420742452144623,3.496500015258789,-0.3319685459136963,-0.0018663298105821013,1.8534998893737793,0.310514360666275,0.5278127789497375,2.7990000247955322,-0.21695899963378906,-0.08680473268032074,1.749500036239624
0.005059267394244671,-0.0815439447760582,2.130500078201294,0.03348926454782486,-0.1118764579296112,2.183500051498413,-0.021790212020277977,-0.10878083109855652,2.058000087738037,0.013300002552568913,0.05134369432926178,2.368499994277954,-0.17812152206897736,-0.015669163316488266,2.0924999713897705,0.1895999163389206,0.3420742452144623,3.496500015258789,-0.3361034095287323,-0.01368103176355362,1.8269999027252197,0.30597904324531555,0.5368834137916565,2.7990000247955322,-0.2457304745912552,-0.09719015657901764,1.7325000762939453
0.011927044950425625,-0.10194467753171921,2.124000072479248,0.04403261840343475,-0.13289107382297516,2.180000066757202,-0.018374837934970856,-0.1315455436706543,2.0490000247955322,0.02789507620036602,0.03130640834569931,2.305999994277954,-0.16522088646888733,-0.03876272961497307,2.058499813079834,0.1816723644733429,0.32667577266693115,3.4535000324249268,-0.3441348075866699,-0.02545955590903759,1.8224999904632568,0.28727206587791443,0.5358284711837769,2.7934999465942383,-0.26586639881134033,-0.12696078419685364,1.7174999713897705
0.0187836904078722,-0.12585775554180145,2.121000051498413,0.04756496474146843,-0.15761734545230865,2.180000066757202,-0.0116659514605999,-0.15387946367263794,2.0370001792907715,0.031014321371912956,0.012377632781863213,2.261000156402588,-0.1459457278251648,-0.06102468818426132,2.0225000381469727,0.1760765165090561,0.32107993960380554,3.4535000324249268,-0.3410191833972931,-0.04571329429745674,1.805999994277954,0.266034871339798,0.5340682864189148,2.761000156402588,-0.3029639720916748,-0.14831188321113586,1.7070000171661377
0.032476991415023804,-0.17711587250232697,2.117500066757202,0.061312295496463776,-0.21280847489833832,2.1665000915527344,-0.0017540807602927089,-0.202240452170372,2.0255000591278076,0.041800741106271744,-0.04236878827214241,2.25,-0.14837437868118286,-0.0900040864944458,2.010999917984009,0.14752978086471558,0.2622503936290741,3.0900001525878906,-0.33516648411750793,-0.07790280878543854,1.805999994277954,0.22139619290828705,0.4930102825164795,2.7074999809265137,-0.3730112612247467,-0.16683828830718994,1.6984999179840088
0.03223159536719322,-0.20642371475696564,2.1015000343322754,0.06432908028364182,-0.23905743658542633,2.1500000953674316,-0.0017441216623410583,-0.227198988199234,2.0139999389648438,0.04544650763273239,-0.07153476774692535,2.25,-0.14143411815166473,-0.11572566628456116,2.004999876022339,0.105771504342556,0.16936802864074707,2.4665000438690186,-0.326387494802475,-0.10131336748600006,1.805999994277954,0.200723335146904,0.4681742787361145,2.6659998893737793,-0.3991178870201111,-0.18544581532478333,1.6924999952316284
0.03863317146897316,-0.23121856153011322,2.0794999599456787,0.07098151743412018,-0.26921603083610535,2.140500068664551,0.004761244636029005,-0.25542259216308594,2.005000114440918,0.04909227788448334,-0.08976349979639053,2.25,-0.1371859908103943,-0.13746565580368042,1.9904999732971191,0.09855643659830093,0.13692085444927216,2.388500213623047,-0.3234611451625824,-0.1188712865114212,1.805999994277954,0.18344402313232422,0.44657525420188904,2.6659998893737793,-0.4201536476612091,-0.20028989017009735,1.6565001010894775
0.04516489431262016,-0.3005980849266052,2.069999933242798,0.07744497805833817,-0.336526095867157,2.127500057220459,0.007964086718857288,-0.3185602128505707,1.993499994277954,0.06367535889148712,-0.15174119174480438,2.25,-0.13017714023590088,-0.1914740949869156,1.9819999933242798,0.09378179162740707,0.08943705260753632,2.4665000438690186,-0.33600160479545593,-0.17197246849536896,1.810499906539917,0.14188136160373688,0.3789292573928833,2.616499900817871,-0.4389422833919525,-0.25397151708602905,1.6565001010894775
0.04490307345986366,-0.3322019577026367,2.058000087738037,0.07686254382133484,-0.37162989377975464,2.1115000247955322,0.011084739118814468,-0.3506280183792114,1.9739999771118164,0.06367535889148712,-0.18455292284488678,2.25,-0.1360488086938858,-0.21948806941509247,1.9739999771118164,0.10066083818674088,0.06474121659994125,2.439500093460083,-0.34234094619750977,-0.2103995531797409,1.812999963760376,0.12005295604467392,0.34378573298454285,2.514500141143799,-0.4469945728778839,-0.29691678285598755,1.6565001010894775
0.04425941780209541,-0.36688217520713806,2.0285000801086426,0.07931433618068695,-0.40432193875312805,2.0859999656677246,0.01094716228544712,-0.38102343678474426,1.9494999647140503,0.07813669741153717,-0.2133864462375641,2.246500015258789,-0.13491161167621613,-0.26205864548683167,1.9574999809265137,0.09468624740839005,0.036296598613262177,2.388500213623047,-0.34234094619750977,-0.2456514984369278,1.812999963760376,0.10199777781963348,0.29050594568252563,2.378499984741211,-0.4496786892414093,-0.3318098187446594,1.6565001010894775
0.04362667351961136,-0.39727550745010376,1.999500036239624,0.07836377620697021,-0.4362108111381531,2.060999870300293,0.010854508727788925,-0.41225171089172363,1.9329999685287476,0.08515074849128723,-0.2308652102947235,2.239500045776367,-0.13099949061870575,-0.28897184133529663,1.9465000629425049,0.0892951637506485,0.005245943088084459,2.3485000133514404,-0.33940327167510986,-0.2838411033153534,1.812999963760376,0.09296178817749023,0.25981658697128296,2.3450000286102295,-0.4550468623638153,-0.38280734419822693,1.6565001010894775
0.04589381814002991,-0.420756071805954,1.9579999446868896,0.07756531238555908,-0.46812641620635986,2.0399999618530273,0.013968541286885738,-0.44299906492233276,1.9305000305175781,0.09211941808462143,-0.2663175165653229,2.2325000762939453,-0.1273200660943985,-0.312912255525589,1.938499927520752,0.08781229704618454,-0.013551956973969936,2.309499979019165,-0.33822864294052124,-0.32667118310928345,1.8224999904632568,0.07646969705820084,0.23681311309337616,2.305999994277954,-0.4356611669063568,-0.40187767148017883,1.6145000457763672
0.045132044702768326,-0.44497159123420715,1.9254999160766602,0.07593035697937012,-0.487381249666214,1.996999979019165,0.010736585594713688,-0.4697345197200775,1.9119999408721924,0.09028322249650955,-0.28582608699798584,2.188000202178955,-0.12248145043849945,-0.33341923356056213,1.9119999408721924,0.08272324502468109,-0.05015689134597778,2.2725000381469727,-0.33059024810791016,-0.3631579577922821,1.812999963760376,0.06493470817804337,0.20588931441307068,2.2944998741149902,-0.5712941884994507,-0.6022771000862122,2.1045000553131104
0.04446403309702873,-0.4629756212234497,1.8970000743865967,0.07402925193309784,-0.5004166960716248,1.9470000267028809,0.01056251022964716,-0.4865013360977173,1.88100004196167,0.09539342671632767,-0.2939056158065796,2.1435000896453857,-0.12288669496774673,-0.3535543382167816,1.871000051498413,0.0824684351682663,-0.06468583643436432,2.265500068664551,-0.32471486926078796,-0.41016054153442383,1.812999963760376,0.05712307244539261,0.1860755980014801,2.2795000076293945,-0.7152934670448303,-0.8547823429107666,2.683000087738037
