0.16800884902477264,-0.10023804008960724,1.3559999465942383,0.18197374045848846,-0.1157207265496254,1.2839999198913574,0.13041549921035767,-0.11138546466827393,1.193000078201294,0.20376308262348175,-0.1401994377374649,1.3599998950958252,-0.04060347378253937,-0.1415654420852661,1.3519999980926514,0.2596641480922699,-0.03328385204076767,1.627500057220459,-0.12245617806911469,0.046958278864622116,1.4954999685287476,0.26531824469566345,0.09630605578422546,1.6800000667572021,0.051053617149591446,0.10994105041027069,1.4024999141693115
0.18629686534404755,-0.10629138350486755,1.377500057220459,0.19753508269786835,-0.12129734456539154,1.2769999504089355,0.14593786001205444,-0.11488579213619232,1.2095000743865967,0.20132490992546082,-0.1320599615573883,1.3014999628067017,-0.032052621245384216,-0.1491236388683319,1.3609999418258667,0.2649383842945099,-0.030646758154034615,1.627500057220459,-0.10816940665245056,0.04463929682970047,1.4989999532699585,0.28889086842536926,0.088468037545681,1.7400000095367432,0.06736715883016586,0.10374850034713745,1.4110000133514404
0.20514589548110962,-0.11479192227125168,1.3995000123977661,0.2086348980665207,-0.12464987486600876,1.2690000534057617,0.160910502076149,-0.12171370536088943,1.218999981880188,0.1947246491909027,-0.13509878516197205,1.2330000400543213,-0.021049367263913155,-0.14928798377513885,1.3624999523162842,0.2711257338523865,-0.038688335567712784,1.6330000162124634,-0.09387703239917755,0.04233713820576668,1.503499984741211,0.31896665692329407,0.0797780230641365,1.8665000200271606,0.08565757423639297,0.09688963741064072,1.4110000133514404
0.21574723720550537,-0.11561215668916702,1.409500002861023,0.2148035317659378,-0.12259366363286972,1.2690000534057617,0.1729034185409546,-0.12181355804204941,1.2200000286102295,0.2027161717414856,-0.14309026300907135,1.2330000400543213,-0.012245407328009605,-0.156254380941391,1.3654999732971191,0.2797473669052124,-0.05469800531864166,1.6370000839233398,-0.07957623153924942,0.04006020352244377,1.5095000267028809,0.3280397653579712,0.06768061965703964,1.8665000200271606,0.09767396748065948,0.09057311713695526,1.4194999933242798
0.23999036848545074,-0.1266946941614151,1.43149995803833,0.2326659858226776,-0.12840713560581207,1.2655000686645508,0.19100739061832428,-0.12795338034629822,1.222000002861023,0.21070769429206848,-0.1470859944820404,1.2330000400543213,0.01214164961129427,-0.16354818642139435,1.371000051498413,0.2854006290435791,-0.06273200362920761,1.6390000581741333,-0.06020775064826012,0.032830916345119476,1.5145000219345093,0.3431616425514221,0.05860757827758789,1.8665000200271606,0.11190633475780487,0.07937919348478317,1.4249999523162842
0.25126171112060547,-0.13126732409000397,1.4565000534057617,0.23676708340644836,-0.13250820338726044,1.2655000686645508,0.19933457672595978,-0.13218334317207336,1.2244999408721924,0.2127055823802948,-0.14908386766910553,1.2330000400543213,0.01888156123459339,-0.1686650514602661,1.3765000104904175,0.290357381105423,-0.06530793756246567,1.6370000839233398,-0.05039171874523163,0.032830916345119476,1.5145000219345093,0.4110448360443115,0.0654253140091896,2.197000026702881,0.12806925177574158,0.0770702138543129,1.4249999523162842
0.26414549350738525,-0.1318080723285675,1.462499976158142,0.24701978266239166,-0.13455872237682343,1.2655000686645508,0.20925511419773102,-0.13416744768619537,1.2244999408721924,0.21670134365558624,-0.1470859944820404,1.2330000400543213,0.023384755477309227,-0.1712058186531067,1.378999948501587,0.2870018482208252,-0.06779436022043228,1.6330000162124634,-0.045483700931072235,0.030376922339200974,1.5145000219345093,0.48178690671920776,0.06775335967540741,2.552999973297119,0.13528041541576385,0.07260480523109436,1.4279999732971191
0.27181118726730347,-0.1415768414735794,1.465499997138977,0.2554236054420471,-0.13876935839653015,1.2664999961853027,0.21994082629680634,-0.1418934017419815,1.2400000095367432,0.21731646358966827,-0.1495070606470108,1.2365000247955322,0.030175387859344482,-0.17170242965221405,1.3830000162124634,0.2863866984844208,-0.07028938084840775,1.629499912261963,-0.043171752244234085,0.02801511436700821,1.5195000171661377,0.5007562041282654,0.049346793442964554,2.676499843597412,0.14514310657978058,0.06826275587081909,1.434000015258789
0.27418580651283264,-0.1415768414735794,1.465499997138977,0.2609623670578003,-0.13953633606433868,1.2734999656677246,0.22711996734142303,-0.1438959240913391,1.2574999332427979,0.2188982218503952,-0.15059524774551392,1.2454999685287476,0.03487025946378708,-0.17501242458820343,1.3914999961853027,0.2850523591041565,-0.06796042621135712,1.6370000839233398,-0.04074982926249504,0.025578245520591736,1.5210000276565552,0.5169820785522461,0.05050833150744438,2.739500045776367,0.14777518808841705,0.06607715040445328,1.437000036239624
0.2813096344470978,-0.1415768414735794,1.465499997138977,0.26788708567619324,-0.14198899269104004,1.2769999504089355,0.2328498214483261,-0.14903010427951813,1.2664999961853027,0.22410905361175537,-0.14662979543209076,1.2634999752044678,0.03953532129526138,-0.17796775698661804,1.3969999551773071,0.2850523591041565,-0.060002971440553665,1.6370000839233398,-0.035820748656988144,0.025578245520591736,1.5210000276565552,0.5570122003555298,0.06704016774892807,2.877500057220459,0.15259116888046265,0.061484433710575104,1.4385000467300415
0.28368425369262695,-0.1439514458179474,1.465499997138977,0.2684115469455719,-0.14226695895195007,1.2795000076293945,0.2355511337518692,-0.14738412201404572,1.2699999809265137,0.22219109535217285,-0.14808043837547302,1.2760000228881836,0.04410986974835396,-0.18042488396167755,1.3984999656677246,0.2827448844909668,-0.05210910364985466,1.6390000581741333,-0.035820748656988144,0.02311372198164463,1.5210000276565552,0.6018625497817993,0.08115541189908981,3.058000087738037,0.15774482488632202,0.05933862924575806,1.443000078201294
0.28368425369262695,-0.1415768414735794,1.465499997138977,0.2696702480316162,-0.14293411374092102,1.2855000495910645,0.23891863226890564,-0.150265634059906,1.2769999504089355,0.22443437576293945,-0.14612731337547302,1.2769999504089355,0.04645882174372673,-0.18074743449687958,1.4010000228881836,0.2800891399383545,-0.049453381448984146,1.6390000581741333,-0.033356212079524994,0.02311372198164463,1.5210000276565552,0.6117725372314453,0.08115541189908981,3.058000087738037,0.16292762756347656,0.0548328161239624,1.4474999904632568
0.2800077795982361,-0.1409064084291458,1.434499979019165,0.27607282996177673,-0.14620153605937958,1.2960000038146973,0.24344108998775482,-0.15179535746574402,1.2899999618530273,0.22698277235031128,-0.15197187662124634,1.2914999723434448,0.046591464430093765,-0.18354004621505737,1.4049999713897705,0.28369370102882385,-0.052283965051174164,1.6445000171661377,-0.030891668051481247,0.02311372198164463,1.5210000276565552,0.629177451133728,0.07836833596229553,3.1449999809265137,0.16561561822891235,0.052596163004636765,1.4505000114440918
0.27424952387809753,-0.138008713722229,1.4049999713897705,0.2742621898651123,-0.14524266123771667,1.287500023841858,0.24896524846553802,-0.15261904895305634,1.2969999313354492,0.22970691323280334,-0.15591353178024292,1.306999921798706,0.05125382915139198,-0.18393194675445557,1.4079999923706055,0.28039562702178955,-0.049981407821178436,1.6565001010894775,-0.030891668051481247,0.02311372198164463,1.5210000276565552,0.6218393445014954,0.06849078088998795,3.1595001220703125,0.16595815122127533,0.047994643449783325,1.4535000324249268
0.27424952387809753,-0.138008713722229,1.4049999713897705,0.27607282996177673,-0.14620153605937958,1.2960000038146973,0.24944515526294708,-0.15080761909484863,1.2994999885559082,0.2300584316253662,-0.16039416193962097,1.309000015258789,0.049024563282728195,-0.18412789702415466,1.409500002861023,0.2809807062149048,-0.05056977644562721,1.6759999990463257,-0.030891668051481247,0.02311372198164463,1.5210000276565552,0.6157622337341309,0.05864829197525978,3.180999994277954,0.16664323210716248,0.04346301406621933,1.4595000743865967
0.27880269289016724,-0.14028528332710266,1.4049999713897705,0.27967527508735657,-0.14910249412059784,1.3029999732971191,0.2520347237586975,-0.15531709790229797,1.3020000457763672,0.23023417592048645,-0.1605166792869568,1.309999942779541,0.05130843445658684,-0.18412789702415466,1.409500002861023,0.2755492925643921,-0.05600113049149513,1.6759999990463257,-0.030891668051481247,0.01818467304110527,1.5210000276565552,0.62804114818573,0.04889440909028053,3.2174999713897705,0.17260590195655823,0.04139380902051926,1.4700000286102295
0.27880269289016724,-0.138008713722229,1.4049999713897705,0.2775639593601227,-0.14910249412059784,1.3029999732971191,0.2525186538696289,-0.15350158512592316,1.3044999837875366,0.23023417592048645,-0.162639319896698,1.309999942779541,0.05130843445658684,-0.1864117532968521,1.409500002861023,0.27826499938964844,-0.05600113049149513,1.6759999990463257,-0.030891668051481247,0.020649196580052376,1.5210000276565552,0.6332546472549438,0.03846757486462593,3.2174999713897705,0.1757020354270935,0.03917115181684494,1.4759999513626099
0.27880269289016724,-0.138008713722229,1.4049999713897705,0.2807484567165375,-0.14967463910579681,1.3079999685287476,0.2528090178966522,-0.15367810428142548,1.305999994277954,0.23067356646060944,-0.16294969618320465,1.3125,0.05593564361333847,-0.1866101324558258,1.4110000133514404,0.28131598234176636,-0.05334903672337532,1.6779999732971191,-0.030891668051481247,0.01818467304110527,1.5210000276565552,0.6106079816818237,0.032876912504434586,3.180999994277954,0.17809364199638367,0.03438793495297432,1.4759999513626099
0.2822796106338501,-0.1408843696117401,1.4110000133514404,0,0,0,0.2599935829639435,-0.15972407162189484,1.3209999799728394,0.23081056773662567,-0.16671143472194672,1.3255000114440918,0.05599510669708252,-0.1868085116147995,1.412500023841858,0.2758781313896179,-0.05606795847415924,1.6779999732971191,-0.030891668051481247,0.01818467304110527,1.5210000276565552,0.609168291091919,0.03279939666390419,3.1735000610351562,0.1757020354270935,0.03438793495297432,1.4759999513626099
0.28658267855644226,-0.14188283681869507,1.4210000038146973,0.28842368721961975,-0.1546194702386856,1.3140000104904175,0.2634378671646118,-0.15967121720314026,1.3385000228881836,0.23281307518482208,-0.1659914255142212,1.3370000123977661,0.05364934355020523,-0.18889641761779785,1.4110000133514404,0.27859705686569214,-0.05334903672337532,1.6779999732971191,-0.02593698352575302,0.018166737630963326,1.5195000171661377,0.6040261387825012,0.022515151649713516,3.1735000610351562,0.1806686967611313,0.032028838992118835,1.4774999618530273
