0.3742871582508087,-0.06407050788402557,1.9175000190734863,0.4001840054988861,-0.09227336198091507,1.9224998950958252,0.340634822845459,-0.09968932718038559,1.8860000371932983,0.37780916690826416,0.04745814576745033,2.0369999408721924,0.18590177595615387,0.017399637028574944,1.996500015258789,0.40360403060913086,0.23494291305541992,2.120500087738037,0.08382556587457657,0.24812395870685577,2.0314998626708984,0.4494267404079437,0.39086616039276123,2.246500015258789,0.14325270056724548,0.4758363962173462,2.0339999198913574
0.3508889675140381,-0.06433781236410141,1.9254999160766602,0.3784392178058624,-0.09383325278759003,1.9549999237060547,0.317025363445282,-0.09688957035541534,1.8910000324249268,0.35450926423072815,0.04787750542163849,2.054999828338623,0.1470816284418106,0.017399637028574944,1.996500015258789,0.364522784948349,0.2281310111284256,2.1535000801086426,0.05142204463481903,0.2506278157234192,2.052000045776367,0.4056489169597626,0.37567847967147827,2.2869999408721924,0.09754152595996857,0.4647005498409271,2.0429999828338623
0.3259107768535614,-0.06495596468448639,1.944000005722046,0.35463228821754456,-0.09424123167991638,1.9635000228881836,0.2961479425430298,-0.0949915200471878,1.9144999980926514,0.3241029381752014,0.0449487641453743,2.073499917984009,0.10489494353532791,0.01414690725505352,1.99399995803833,0.3388415277004242,0.20010656118392944,2.190500020980835,0.011590122245252132,0.25209346413612366,2.063999891281128,0.3795788288116455,0.3714487850666046,2.4035000801086426,0.0648164302110672,0.45744070410728455,2.054999828338623
0.3080814778804779,-0.0658581331372261,1.9709999561309814,0.3286769986152649,-0.0909205749630928,1.9605000019073486,0.2778731882572174,-0.0993233397603035,1.938499927520752,0.3022417724132538,0.02179219387471676,2.1085000038146973,0.08227820694446564,0.001223139464855194,1.99399995803833,0.2988464832305908,0.17531777918338776,2.2365000247955322,-0.0218537375330925,0.2420603632926941,2.063999891281128,0.32868513464927673,0.34850528836250305,2.490000009536743,0.03511104732751846,0.44076159596443176,2.070499897003174
0.28898730874061584,-0.06984006613492966,1.993499994277954,0.315302312374115,-0.09582511335611343,1.996500015258789,0.25806400179862976,-0.10333649814128876,1.9549999237060547,0.25099441409111023,0.004709844943135977,2.1085000038146973,0.05966147780418396,-0.011700628325343132,1.99399995803833,0.26603540778160095,0.1599949300289154,2.3299999237060547,-0.0385756678879261,0.22199417650699615,2.063999891281128,0.29640790820121765,0.3202629089355469,2.490000009536743,-0.005179048050194979,0.4265468120574951,2.0829999446868896
0.27116167545318604,-0.07349172979593277,2.005000114440918,0.2980412244796753,-0.09977955371141434,2.011000156402588,0.2432163655757904,-0.11012079566717148,1.9630000591278076,0.21341300010681152,-0.0021230950951576233,2.1085000038146973,0.024120893329381943,-0.01816251128911972,1.99399995803833,0.23947668075561523,0.13783803582191467,2.4045000076293945,-0.05872721970081329,0.2089199423789978,2.066999912261963,0.2529376745223999,0.2971252202987671,2.499000072479248,-0.03231947124004364,0.42161035537719727,2.0920000076293945
0.25491777062416077,-0.07998926192522049,2.005000114440918,0.2846207618713379,-0.10738009214401245,2.0314998626708984,0.22731271386146545,-0.116482213139534,1.9630000591278076,0.19291405379772186,-0.022621916607022285,2.1085000038146973,0.01442800834774971,-0.031086279079318047,1.99399995803833,0.2015579640865326,0.11897289007902145,2.4170000553131104,-0.08887044340372086,0.19552303850650787,2.066999912261963,0.20696352422237396,0.2681214511394501,2.5309998989105225,-0.05638265609741211,0.41389957070350647,2.1045000553131104
0.23648180067539215,-0.08687499910593033,2.0139999389648438,0.2675432860851288,-0.11511353403329849,2.052000045776367,0.20854656398296356,-0.1230313628911972,1.965999960899353,0.17212890088558197,-0.03622755780816078,2.1050000190734863,0.004735122434794903,-0.04724099114537239,1.99399995803833,0.16239428520202637,0.10722386091947556,2.4170000553131104,-0.1088077649474144,0.1785174161195755,2.063999891281128,0.17604707181453705,0.25030654668807983,2.558499813079834,-0.07033878564834595,0.3952156901359558,2.114000082015991
0.22114883363246918,-0.09709702432155609,2.0230000019073486,0.25201907753944397,-0.12563692033290863,2.060999870300293,0.18967388570308685,-0.12956705689430237,1.9684998989105225,0.15079937875270844,-0.05297780781984329,2.0929999351501465,-0.017854709178209305,-0.056848157197237015,1.9909999370574951,0.14281246066093445,0.06806043535470963,2.4170000553131104,-0.13221846520900726,0.15845124423503876,2.063999891281128,0.14531123638153076,0.22083349525928497,2.6019999980926514,-0.10868248343467712,0.38041383028030396,2.127000093460083
0.21045365929603577,-0.1048569604754448,2.0464999675750732,0.23935575783252716,-0.13270112872123718,2.066999912261963,0.1835273802280426,-0.13931263983249664,1.9709999561309814,0.12605705857276917,-0.05774756520986557,2.0225000381469727,-0.03709917888045311,-0.07275863736867905,1.9850000143051147,0.10401328653097153,0.07222989946603775,2.42549991607666,-0.1518421173095703,0.1346481442451477,2.058000087738037,0.11775647103786469,0.21170559525489807,2.6459999084472656,-0.12807555496692657,0.36240270733833313,2.1635000705718994
0.1997911036014557,-0.11631963402032852,2.073499917984009,0.22330956161022186,-0.13983793556690216,2.073499917984009,0.1710125058889389,-0.1491203010082245,1.9739999771118164,0.10471082478761673,-0.07941077649593353,1.9904999732971191,-0.04667766019701958,-0.08228317648172379,1.9819999933242798,0.0804324522614479,0.056509438902139664,2.42549991607666,-0.16421762108802795,0.12060221284627914,2.0460000038146973,0.09237974137067795,0.1608624905347824,2.6560001373291016,-0.14387135207653046,0.3562774062156677,2.190500020980835
0.17993564903736115,-0.1367085576057434,2.0769999027252197,0.2031508833169937,-0.1633562445640564,2.073499917984009,0.15501973032951355,-0.1683114916086197,1.9739999771118164,0.07245791703462601,-0.10521294176578522,1.9904999732971191,-0.06907105445861816,-0.11425385624170303,1.9795000553131104,0.044903285801410675,0.0014826118713244796,2.4170000553131104,-0.19291642308235168,0.09682457149028778,2.0339999198913574,0.0450398214161396,0.13504087924957275,2.6560001373291016,-0.16925601661205292,0.32180914282798767,2.197499990463257
0.17320474982261658,-0.15353569388389587,2.0769999027252197,0.19246630370616913,-0.18293951451778412,2.066999912261963,0.14881083369255066,-0.1845376044511795,1.9765000343322754,0.0660073384642601,-0.13424037396907806,1.9904999732971191,-0.07227852940559387,-0.13029108941555023,1.9795000553131104,0.017401887103915215,-0.018009241670370102,2.4050002098083496,-0.20523826777935028,0.07672806084156036,2.0255000591278076,0.023521678522229195,0.08770125359296799,2.6560001373291016,-0.18051129579544067,0.29783007502555847,2.2044999599456787
0.16695474088191986,-0.1776052862405777,2.0829999446868896,0.18576781451702118,-0.19968564808368683,2.066999912261963,0.13980168104171753,-0.20141300559043884,1.9850000143051147,0.04988088458776474,-0.15359200537204742,1.9904999732971191,-0.07227852940559387,-0.14632833003997803,1.9795000553131104,0.009640001691877842,-0.05716776102781296,2.4130001068115234,-0.20646131038665771,0.06297214329242706,2.005500078201294,0.0020110788755118847,0.08803144842386246,2.6659998893737793,-0.18466787040233612,0.2880256772041321,2.2114999294281006
0.16116578876972198,-0.19225271046161652,2.0954999923706055,0.18299221992492676,-0.21711239218711853,2.073499917984009,0.13336890935897827,-0.22071115672588348,1.9850000143051147,0.040205009281635284,-0.16649308800697327,1.9904999732971191,-0.08487191796302795,-0.15871590375900269,1.9739999771118164,-0.009876574389636517,-0.08425652235746384,2.4050002098083496,-0.21621011197566986,0.05322340875864029,2.005500078201294,-0.01096895057708025,0.04924539104104042,2.6710000038146973,-0.2032260298728943,0.26377442479133606,2.2184998989105225
0.15529581904411316,-0.21047784388065338,2.1080000400543213,0.1737051010131836,-0.2383580207824707,2.0829999446868896,0.127128005027771,-0.23715081810951233,1.9880000352859497,0.03385617583990097,-0.1831699162721634,1.996500015258789,-0.08807047456502914,-0.17790710926055908,1.9739999771118164,-0.040838584303855896,-0.11095509678125381,2.3924999237060547,-0.21400001645088196,0.026948491111397743,1.9850000143051147,-0.02828068658709526,0.014622137881815434,2.6710000038146973,-0.204829141497612,0.24773983657360077,2.2360000610351562
0.14203621447086334,-0.235054612159729,2.114000082015991,0.16357958316802979,-0.2552337944507599,2.0829999446868896,0.11746428161859512,-0.2532569169998169,1.9880000352859497,0.021157080307602882,-0.1983691155910492,2.0195000171661377,-0.09126902371644974,-0.20029684901237488,1.9739999771118164,-0.0600079782307148,-0.10669803619384766,2.384000062942505,-0.2233111560344696,0.01727326773107052,1.9819999933242798,-0.05880649387836456,0.01902453973889351,2.68149995803833,-0.20246583223342896,0.23470798134803772,2.25
0.13903701305389404,-0.24952100217342377,2.120500087738037,0.1594737470149994,-0.26750874519348145,2.073499917984009,0.11102180182933807,-0.2725842297077179,1.9880000352859497,0.02121993899345398,-0.2088044136762619,2.0255000591278076,-0.09434794634580612,-0.20962662994861603,1.9714999198913574,-0.05625106021761894,-0.1146397739648819,2.388500213623047,-0.2233111560344696,0.007638774812221527,1.9819999933242798,-0.06351647526025772,0.0016543667297810316,2.697000026702881,-0.20547036826610565,0.22307457029819489,2.243000030517578
0.13601672649383545,-0.26407164335250854,2.127000093460083,0.15993522107601166,-0.28513023257255554,2.0794999599456787,0.11102180182933807,-0.2854691445827484,1.9880000352859497,0.01465593371540308,-0.22521433234214783,2.0255000591278076,-0.10045591741800308,-0.21859854459762573,1.965999960899353,-0.06012125313282013,-0.1494712382555008,2.388500213623047,-0.2233111560344696,0.001215778524056077,1.9819999933242798,-0.06827669590711594,-0.0027312759775668383,2.7125000953674316,-0.20278076827526093,0.20951314270496368,2.253499984741211
0.13969269394874573,-0.27831465005874634,2.130500078201294,0.15920457243919373,-0.29724401235580444,2.069999933242798,0.1142430379986763,-0.2951327860355377,1.9880000352859497,0.008113901130855083,-0.2389894723892212,2.0310001373291016,-0.10045591741800308,-0.22815527021884918,1.965999960899353,-0.071596659719944,-0.14532674849033356,2.384000062942505,-0.2233111560344696,-0.01163021381944418,1.9819999933242798,-0.07295317947864532,-0.007154012564569712,2.7230000495910645,-0.19578149914741516,0.20252437889575958,2.256999969482422
