0.19194190204143524,-0.8887123465538025,2.7894999980926514,0,0,0,0.17937324941158295,-0.9254657626152039,2.804999828338623,0.019802136346697807,-0.5529569983482361,2.2360000610351562,-0.05648268759250641,-0.4497513473033905,1.9880000352859497,0.03009527549147606,-0.3186049163341522,2.194000005722046,-0.05760166794061661,-0.21467143297195435,2.1500000953674316,0.1534392088651657,-0.22734424471855164,3.009500026702881,0.058451224118471146,-0.009907495230436325,2.3324999809265137
0.18742194771766663,-0.8887123465538025,2.7894999980926514,0,0,0,0.16946804523468018,-0.9014970660209656,2.7189998626708984,0.02342522144317627,-0.5529569983482361,2.2360000610351562,-0.059703927487134933,-0.45619380474090576,1.9880000352859497,0.037264686077833176,-0.31911319494247437,2.197499990463257,-0.050634197890758514,-0.21467143297195435,2.1500000953674316,0.1534392088651657,-0.2322206199169159,3.009500026702881,0.051677804440259933,0.0052906181663274765,2.368499994277954
0.18157655000686646,-0.8653737902641296,2.7024998664855957,0,0,0,0.16554144024848938,-0.8849127888679504,2.6560001373291016,0.030671393498778343,-0.5565800070762634,2.2360000610351562,-0.05648268759250641,-0.45619380474090576,1.9880000352859497,0.04452747851610184,-0.32727375626564026,2.2044999599456787,-0.05071662366390228,-0.21153151988983154,2.1535000801086426,0.15280188620090485,-0.24582450091838837,2.996999979019165,0.040164463222026825,0.016803886741399765,2.368499994277954
0.18595553934574127,-0.8697527050971985,2.7024998664855957,0,0,0,0.16522979736328125,-0.8875424265861511,2.6510000228881836,0.03434816002845764,-0.5538225173950195,2.239500045776367,-0.05004020780324936,-0.4594150185585022,1.9880000352859497,0.048252254724502563,-0.3283129632472992,2.2114999294281006,-0.050634197890758514,-0.2111877202987671,2.1500000953674316,0.15280188620090485,-0.2506806254386902,2.996999979019165,0.024813342839479446,0.0052906181663274765,2.368499994277954
0.1903345137834549,-0.8741316199302673,2.7024998664855957,0,0,0,0.16952531039714813,-0.8875424265861511,2.6510000228881836,0.045163728296756744,-0.5529569983482361,2.2360000610351562,-0.05004020780324936,-0.45297256112098694,1.9880000352859497,0.04848135635256767,-0.3298717737197876,2.2220001220703125,-0.050634197890758514,-0.20422029495239258,2.1500000953674316,0.1473286747932434,-0.24963507056236267,2.984499931335449,0.013300002552568913,0.016803886741399765,2.368499994277954
0.19909246265888214,-0.8697527050971985,2.7024998664855957,0,0,0,0.17811636626720428,-0.8875424265861511,2.6510000228881836,0.05240989848971367,-0.549333930015564,2.2360000610351562,-0.04359772801399231,-0.4497513473033905,1.9880000352859497,0.052667733281850815,-0.32266056537628174,2.247000217437744,-0.05395432189106941,-0.1966565102338791,2.1435000896453857,0.1412752866744995,-0.24270761013031006,2.9590001106262207,-0.002044623252004385,0.02057627961039543,2.3610000610351562
0.2078503966331482,-0.8697527050971985,2.7024998664855957,0,0,0,0.18635527789592743,-0.877293586730957,2.6459999084472656,0.0631801038980484,-0.5376218557357788,2.2325000762939453,-0.03709917888045311,-0.43620720505714417,1.9850000143051147,0.04538591578602791,-0.30081525444984436,2.247000217437744,-0.05725337937474251,-0.189134880900383,2.13700008392334,0.1364806890487671,-0.23311847448349,2.9590001106262207,-0.02035670168697834,0.03081767074763775,2.2699999809265137
0.2279931604862213,-0.866600513458252,2.7339999675750732,0,0,0,0.20350496470928192,-0.8687187433242798,2.6459999084472656,0.07403235137462616,-0.5340044498443604,2.2325000762939453,-0.03388280048966408,-0.42012542486190796,1.9850000143051147,0.052667733281850815,-0.2862516939640045,2.247000217437744,-0.05032803490757942,-0.17182163894176483,2.13700008392334,0.14008167386054993,-0.21213269233703613,2.934000015258789,-0.023452533408999443,0.04442712292075157,2.2149999141693115
0.251103937625885,-0.8565877676010132,2.744500160217285,0,0,0,0.22107164561748505,-0.861769437789917,2.6510000228881836,0.08850200474262238,-0.5231522917747498,2.2325000762939453,-0.02099081315100193,-0.4099593758583069,1.9825000762939453,0.05994955450296402,-0.2789699137210846,2.247000217437744,-0.04686536639928818,-0.16143368184566498,2.13700008392334,0.14836619794368744,-0.1915367841720581,2.9099998474121094,-0.0305822491645813,0.05152365565299988,2.2114999294281006
0.26359787583351135,-0.8549221754074097,2.7825000286102295,0,0,0,0.22922952473163605,-0.847281813621521,2.6459999084472656,0.09558673948049545,-0.5114969611167908,2.2290000915527344,-0.004921711981296539,-0.39971667528152466,1.9795000553131104,0.07368415594100952,-0.24706308543682098,2.2220001220703125,-0.02955200895667076,-0.14412042498588562,2.13700008392334,0.15985910594463348,-0.1466665267944336,2.862499952316284,-0.03751004859805107,0.06544020026922226,2.197499990463257
0.28614088892936707,-0.8323794007301331,2.7825000286102295,0,0,0,0.254954069852829,-0.8301321864128113,2.6459999084472656,0.11364545673131943,-0.49705010652542114,2.2290000915527344,0.014323091134428978,-0.3740570843219757,1.9795000553131104,0,0,0,-0.022489022463560104,-0.1294773519039154,2.124000072479248,0,0,0,-0.030243445187807083,0.07575851678848267,2.187000036239624
0.31301042437553406,-0.8257589936256409,2.821499824523926,0,0,0,0.27688565850257874,-0.822907030582428,2.692500114440918,0.12086893618106842,-0.4789915084838867,2.2290000915527344,0.027036365121603012,-0.36286985874176025,1.9709999561309814,0,0,0,-0.005241206847131252,-0.11142370849847794,2.1080000400543213,0,0,0,-0.02665702812373638,0.10040324181318283,2.183500051498413
0.3414642810821533,-0.8209226727485657,2.868499994277954,0,0,0,0.3020831048488617,-0.8145800828933716,2.7230000495910645,0.14164413511753082,-0.4472707509994507,2.2150001525878906,0.03342375159263611,-0.35009515285491943,1.9709999561309814,0,0,0,-0.0018229276174679399,-0.10444353520870209,2.1050000190734863,0,0,0,-0.01599154621362686,0.11771462112665176,2.176500082015991
0.36470404267311096,-0.79768306016922,2.868499994277954,0,0,0,0.32414406538009644,-0.7881070971488953,2.7230000495910645,0.1585807204246521,-0.42304563522338867,2.2009999752044678,0.052585918456315994,-0.3245457410812378,1.9709999561309814,0,0,0,0.018641993403434753,-0.07374634593725204,2.1050000190734863,0,0,0,-0.012464870698750019,0.15298116207122803,2.176500082015991
0.3879437744617462,-0.7651476263999939,2.868499994277954,0,0,0,0.34462976455688477,-0.748627781867981,2.676499843597412,0.17969276010990143,-0.40100881457328796,2.197499990463257,0.07494177669286728,-0.30219003558158875,1.9709999561309814,0,0,0,0.03223926201462746,-0.06342343240976334,2.1019999980926514,0,0,0,0.0157485269010067,0.174141064286232,2.176500082015991
0.4167012572288513,-0.7434598207473755,2.874499797821045,0,0,0,0.36631402373313904,-0.7269436717033386,2.676499843597412,0.20396587252616882,-0.3784354031085968,2.190500020980835,0.08771655708551407,-0.29899635910987854,1.9709999561309814,0,0,0,0.04586309939622879,-0.0361759290099144,2.1019999980926514,0,0,0,0.04389122873544693,0.1985079050064087,2.1730000972747803
0.4482824504375458,-0.7213635444641113,2.8980000019073486,0,0,0,0.4019332230091095,-0.7102195024490356,2.7119998931884766,0.22454218566417694,-0.37368810176849365,2.183500051498413,0.10049133002758026,-0.2766406238079071,1.9709999561309814,0,0,0,0.06629885733127594,-0.02255217730998993,2.1019999980926514,0,0,0,0.0720592588186264,0.21611282229423523,2.1730000972747803
0.47645696997642517,-0.7072763442993164,2.8980000019073486,0,0,0,0.41835618019104004,-0.6792387366294861,2.676499843597412,0.24184398353099823,-0.35189515352249146,2.180000066757202,0.1193196102976799,-0.2599448561668396,1.965499997138977,0,0,0,0.08999047428369522,-0.0021130258683115244,2.0985000133514404,0,0,0,0.08954048156738281,0.2193305790424347,2.1700000762939453
0.4952399730682373,-0.6791020631790161,2.8980000019073486,0,0,0,0.4317377507686615,-0.6451479196548462,2.625999927520752,0.2696690857410431,-0.34427687525749207,2.176500082015991,0.12815271317958832,-0.24582232534885406,1.9544999599456787,0,0,0,0.10699191689491272,0.011488040909171104,2.0985000133514404,0,0,0,0.1317341923713684,0.24042730033397675,2.1700000762939453
0.5421975255012512,-0.650927722454071,2.8980000019073486,0,0,0,0.4763871431350708,-0.6279943585395813,2.6614999771118164,0.31852951645851135,-0.3261183500289917,2.1730000972747803,0.15916812419891357,-0.21958434581756592,1.9465000629425049,0,0,0,0.1493944376707077,0.03822924941778183,2.073500156402588,0,0,0,0.18738605082035065,0.2852138578891754,2.1630001068115234
