-0.019820326939225197,-0.3567669689655304,1.6234999895095825,0.01463020034134388,-0.39247453212738037,1.6519999504089355,-0.05116626247763634,-0.3866598606109619,1.616499900817871,0.09971299022436142,-0.21010126173496246,1.7855000495910645,-0.16557005047798157,-0.24239028990268707,1.687999963760376,0.13873110711574554,0.032380610704422,1.9254999160766602,-0.32288888096809387,-0.3159979581832886,1.4595000743865967,0.3206375241279602,0.4819590151309967,3.44350004196167,-0.4168184697628021,-0.5254319906234741,1.3940000534057617
-0.016972646117210388,-0.339275062084198,1.6029999256134033,0.014528356492519379,-0.37379351258277893,1.6405000686645508,-0.050469912588596344,-0.36847949028015137,1.5945000648498535,0.10208891332149506,-0.18889258801937103,1.7764999866485596,-0.1746283918619156,-0.21815793216228485,1.6700000762939453,0.1290016770362854,0.060287464410066605,1.9200000762939453,-0.34710973501205444,-0.21555976569652557,1.4520000219345093,0.24876675009727478,0.5155985355377197,3.234499931335449,-0.44992807507514954,-0.3945815861225128,1.371000051498413
-0.011685987934470177,-0.331475168466568,1.590499997138977,0.019687440246343613,-0.3681943118572235,1.627500057220459,-0.04724058136343956,-0.3584133982658386,1.5729999542236328,0.10675325989723206,-0.17843060195446014,1.7584999799728394,-0.16511456668376923,-0.21096250414848328,1.656000018119812,0.12434977293014526,0.06262252479791641,1.8965001106262207,-0.3808206021785736,-0.15843701362609863,1.4459999799728394,0.17315712571144104,0.40930017828941345,2.5164999961853027,-0.48170116543769836,-0.3124045133590698,1.3240000009536743
-0.011660272255539894,-0.32817429304122925,1.5870000123977661,0.022146226838231087,-0.3626372814178467,1.6145000457763672,-0.04180809110403061,-0.35303667187690735,1.560499906539917,0.10848074406385422,-0.1709638237953186,1.7404999732971191,-0.16436676681041718,-0.20199370384216309,1.6484999656677246,0.11871887743473053,0.06731801480054855,1.8565000295639038,-0.3480184078216553,-0.08580401539802551,1.4459999799728394,0.1287411004304886,0.3043118119239807,1.871000051498413,-0.4701423645019531,-0.2076665610074997,1.2864999771118164
-0.003937121015042067,-0.32488471269607544,1.5835000276565552,0.027217211201786995,-0.3605034649372101,1.6050000190734863,-0.03650372102856636,-0.34814974665641785,1.5499999523162842,0.11046962440013885,-0.16968686878681183,1.7274999618530273,-0.15383994579315186,-0.19349025189876556,1.621999979019165,0.1198255717754364,0.06626645475625992,1.8274999856948853,-0.33630332350730896,-0.03425801172852516,1.4459999799728394,0.13783608376979828,0.307343453168869,1.871000051498413,-0.4763960838317871,-0.09093136340379715,1.2864999771118164
0.0011786612449213862,-0.31804439425468445,1.5625,0.032236721366643906,-0.35589587688446045,1.5959999561309814,-0.03127755969762802,-0.345903605222702,1.5399999618530273,0.11536242812871933,-0.16865549981594086,1.7170000076293945,-0.1480887085199356,-0.18434621393680573,1.5885000228881836,0.12198048084974289,0.06288961321115494,1.815500020980835,-0.2917860448360443,-0.010828008875250816,1.4459999799728394,0.15299437940120697,0.3043118119239807,1.871000051498413,-0.46597322821617126,0.05081852152943611,1.2864999771118164
0.003648703917860985,-0.3102625012397766,1.5364999771118164,0.036904916167259216,-0.34855034947395325,1.5745000839233398,-0.028529923409223557,-0.3403978943824768,1.5264999866485596,0.11495929211378098,-0.16529373824596405,1.7109999656677246,-0.1518860012292862,-0.16996543109416962,1.5744999647140503,0.1242685317993164,0.07426580786705017,1.805999994277954,-0.2824139893054962,0.03603199124336243,1.4459999799728394,0.15905770659446716,0.3103751242160797,1.871000051498413,-0.4201126992702484,0.146708145737648,1.2864999771118164
0.003608334343880415,-0.3019055426120758,1.5195000171661377,0.03633065149188042,-0.3355921804904938,1.5499999523162842,-0.025774823501706123,-0.3342718183994293,1.5099999904632568,0.11192462593317032,-0.16214141249656677,1.7070000171661377,-0.16157616674900055,-0.1465376913547516,1.5694999694824219,0.1323476880788803,0.07096422463655472,1.7964999675750732,-0.25823816657066345,0.05983208492398262,1.4549999237060547,0.2265702188014984,0.41820183396339417,2.5209999084472656,-0.35132187604904175,0.18423017859458923,1.2864999771118164
0.003584587713703513,-0.29502689838409424,1.5095000267028809,0.035850152373313904,-0.32619708776474,1.5295000076293945,-0.027922505512833595,-0.32346755266189575,1.49399995803833,0.11455616354942322,-0.1564260870218277,1.7049999237060547,-0.17582090198993683,-0.12799769639968872,1.560499906539917,0.14306972920894623,0.07918684184551239,1.7850000858306885,-0.2500903010368347,0.09568653255701065,1.462499976158142,0.2961951196193695,0.5586130619049072,3.180999994277954,-0.3036125898361206,0.23861399292945862,1.287500023841858
0.00113415508531034,-0.28654569387435913,1.503499984741211,0.03561576083302498,-0.31667810678482056,1.5195000171661377,-0.030109727755188942,-0.31617337465286255,1.4824999570846558,0.11994068324565887,-0.14796432852745056,1.7029999494552612,-0.17754942178726196,-0.11735479533672333,1.5534999370574951,0.14182737469673157,0.0784992203116417,1.7695000171661377,-0.226397305727005,0.11825429648160934,1.4779999256134033,0.3146710693836212,0.5701957941055298,3.1595001220703125,-0.2893848121166229,0.2890118360519409,1.4695000648498535
0.0011258572340011597,-0.27961254119873047,1.4924999475479126,0.03291364386677742,-0.30949705839157104,1.5084999799728394,-0.029886316508054733,-0.3090587556362152,1.4714999198913574,0.11687159538269043,-0.1475733518600464,1.6984999179840088,-0.17908139526844025,-0.10920245945453644,1.5450000762939453,0.15216994285583496,0.08930695801973343,1.756500005722046,-0.19902931153774261,0.11077045649290085,1.506500005722046,0.34258389472961426,0.5843845009803772,3.180999994277954,-0.27932432293891907,0.338410884141922,1.749500036239624
-0.0012760492973029613,-0.27127790451049805,1.4735000133514404,0.03259727358818054,-0.3016805648803711,1.49399995803833,-0.03204038366675377,-0.30211886763572693,1.4609999656677246,0.11817995458841324,-0.14307329058647156,1.6779999732971191,-0.17809614539146423,-0.1061120256781578,1.5364999771118164,0.16294921934604645,0.09464763849973679,1.75,-0.18805477023124695,0.11048667132854462,1.5364999771118164,0.35804682970046997,0.5998472571372986,3.180999994277954,-0.24951335787773132,0.33844712376594543,1.7795000076293945
-0.001263925340026617,-0.26633554697036743,1.4594999551773071,0.03004518896341324,-0.29795777797698975,1.4874999523162842,-0.03184300661087036,-0.29790499806404114,1.4519999027252197,0.11960199475288391,-0.13884879648685455,1.659999966621399,-0.17999815940856934,-0.11072979122400284,1.531499981880188,0.17121107876300812,0.09451242536306381,1.747499942779541,-0.19420279562473297,0.11514539271593094,1.565999984741211,0.3786640763282776,0.5998472571372986,3.180999994277954,-0.25528013706207275,0.3499806523323059,1.7795000076293945
-0.0012587293749675155,-0.2652406394481659,1.4535000324249268,0.029913900420069695,-0.2990554869174957,1.4809999465942383,-0.03380715474486351,-0.2968457341194153,1.435499906539917,0.12366394698619843,-0.13472363352775574,1.6424999237060547,-0.17941050231456757,-0.10542141646146774,1.5264999866485596,0.17555837333202362,0.09661979228258133,1.7344999313354492,-0.20683200657367706,0.11911065876483917,1.5850000381469727,0.3941269814968109,0.6101558208465576,3.180999994277954,-0.27546390891075134,0.35286402702331543,1.7795000076293945
-0.0012483373284339905,-0.2630508244037628,1.441499948501587,0.03190997987985611,-0.2953198254108429,1.462499976158142,-0.03339501842856407,-0.2932269275188446,1.4179999828338623,0.1324288547039032,-0.12234058231115341,1.619499921798706,-0.1765313595533371,-0.10517970472574234,1.5230000019073486,0.18540024757385254,0.10984263569116592,1.7214999198913574,-0.22737792134284973,0.1268153339624405,1.5850000381469727,0.4119410514831543,0.6111513376235962,3.1595001220703125,-0.3100647032260895,0.37304767966270447,1.7795000076293945
-0.001234481343999505,-0.25782132148742676,1.4255000352859497,0.03154997155070305,-0.28730201721191406,1.4459999799728394,-0.03299465402960777,-0.2851713299751282,1.4010000228881836,0.13610441982746124,-0.11575475335121155,1.6010000705718994,-0.17366357147693634,-0.10493799299001694,1.5195000171661377,0.18791638314723969,0.11803917586803436,1.718999981880188,-0.24074959754943848,0.13224317133426666,1.5885000228881836,0.4354299008846283,0.6308720707893372,3.18149995803833,-0.3124639391899109,0.3780842125415802,1.6984999179840088
-0.0012206253595650196,-0.25035977363586426,1.409500002861023,0.02893427573144436,-0.2846197187900543,1.4325000047683716,-0.0326649434864521,-0.28007426857948303,1.3870000839233398,0.14244896173477173,-0.10175680369138718,1.5850000381469727,-0.1733207106590271,-0.10473080724477768,1.5164999961853027,0.19303686916828156,0.13165885210037231,1.7149999141693115,-0.24589741230010986,0.12966926395893097,1.5885000228881836,0.45802900195121765,0.6378655433654785,3.0904998779296875,-0.32810530066490173,0.3798273801803589,1.694000005722046
-0.0012080683372914791,-0.24326351284980774,1.3949999809265137,0.030786313116550446,-0.27577537298202515,1.4110000133514404,-0.03244121000170708,-0.2714599370956421,1.377500057220459,0.13851280510425568,-0.09567546844482422,1.5694999694824219,-0.17200636863708496,-0.10393660515546799,1.5049999952316284,0.19645237922668457,0.13573642075061798,1.6965000629425049,-0.25104525685310364,0.12966926395893097,1.5885000228881836,0.5131133198738098,0.6578960418701172,3.0904998779296875,-0.34675776958465576,0.38167768716812134,1.6779999732971191
-0.00568364979699254,-0.23910276591777802,1.3840000629425049,0.02598148211836815,-0.2688002288341522,1.3984999656677246,-0.034497033804655075,-0.2678597867488861,1.3704999685287476,0.1348867565393448,-0.09239062666893005,1.556999921798706,-0.17069204151630402,-0.10072243213653564,1.493499994277954,0.20567496120929718,0.14002707600593567,1.6820000410079956,-0.25282084941864014,0.13182692229747772,1.5835000276565552,0.5827577114105225,0.6506218910217285,3.010499954223633,-0.36035242676734924,0.38439658284187317,1.6779999732971191
-0.010080588050186634,-0.2325834333896637,1.371999979019165,0.021257666870951653,-0.266397625207901,1.3859999179840088,-0.04079868271946907,-0.26551443338394165,1.3585000038146973,0.13341401517391205,-0.0888865515589714,1.5399999618530273,-0.1718370020389557,-0.09757845848798752,1.4825000762939453,0.22034333646297455,0.13460788130760193,1.6490000486373901,-0.2547759413719177,0.13273774087429047,1.5640000104904175,0.6705624461174011,0.6408659219741821,3.010499954223633,-0.356852650642395,0.3803092837333679,1.6369999647140503
