-0.2175249308347702,-0.4375234544277191,2.7660000324249268,-0.1876324713230133,-0.46810832619667053,2.7880001068115234,-0.24408380687236786,-0.4554317891597748,2.7125000953674316,-0.07843081653118134,-0.2801010310649872,2.760499954223633,-0.3224690556526184,-0.2954340875148773,2.821499824523926,0.053221940994262695,-0.109953872859478,3.1384999752044678,-0.3977746367454529,-0.078211210668087,2.9040000438690186,-0.19352497160434723,-0.06507478654384613,3.182000160217285,-0.4127424657344818,0.14465032517910004,2.8450000286102295
-0.23545239865779877,-0.43304163217544556,2.7660000324249268,-0.2057025283575058,-0.46810832619667053,2.7880001068115234,-0.2616645395755768,-0.451036661863327,2.7125000953674316,-0.08824717253446579,-0.2738564610481262,2.7880001068115234,-0.3323178291320801,-0.2960623502731323,2.8274998664855957,0.01727287657558918,-0.0579228438436985,3.0759999752044678,-0.426007479429245,-0.06880032271146774,2.9040000438690186,-0.20207518339157104,0.022380352020263672,3.1545000076293945,-0.436634361743927,0.14492997527122498,2.8505001068115234
-0.24988782405853271,-0.43476375937461853,2.7769999504089355,-0.2196875959634781,-0.4645053744316101,2.7934999465942383,-0.2759140133857727,-0.45278260111808777,2.7230000495910645,-0.10324198752641678,-0.2685734033584595,2.8274998664855957,-0.3408166468143463,-0.2954864799976349,2.822000026702881,-0.0076479846611619,-0.02801799587905407,3.0759999752044678,-0.44012391567230225,-0.07350576668977737,2.9040000438690186,-0.20665770769119263,0.11844487488269806,2.998499870300293,-0.45886147022247314,0.14146797358989716,2.874000072479248
-0.2644301950931549,-0.43196845054626465,2.7880001068115234,-0.23779328167438507,-0.4645053744316101,2.7934999465942383,-0.28915056586265564,-0.45278260111808777,2.7230000495910645,-0.11331937462091446,-0.26613935828208923,2.8505001068115234,-0.35453447699546814,-0.2954864799976349,2.822000026702881,-0.03256884589791298,-0.0030972920358181,3.0759999752044678,-0.46365123987197876,-0.08291665464639664,2.9040000438690186,-0.18718138337135315,0.1722383350133896,2.921999931335449,-0.4945375621318817,0.13298198580741882,2.8919999599456787
-0.2779827415943146,-0.4364859461784363,2.7880001068115234,-0.24684615433216095,-0.46903175115585327,2.7934999465942383,-0.30238714814186096,-0.45278260111808777,2.7230000495910645,-0.13260363042354584,-0.26777324080467224,2.868000030517578,-0.3591070771217346,-0.2954864799976349,2.822000026702881,-0.05160938948392868,0.01655186526477337,3.0234999656677246,-0.49188411235809326,-0.09703298658132553,2.9040000438690186,-0.1777121126651764,0.22905366122722626,2.921999931335449,-0.5378252863883972,0.10977927595376968,2.8980000019073486
-0.29153528809547424,-0.43196845054626465,2.7880001068115234,-0.2604254186153412,-0.4645053744316101,2.7934999465942383,-0.3112115263938904,-0.44837042689323425,2.7230000495910645,-0.14715822041034698,-0.26422709226608276,2.880000114440918,-0.37203219532966614,-0.2902953326702118,2.815999984741211,-0.0663067027926445,0.011652792803943157,3.0234999656677246,-0.517967700958252,-0.11069002747535706,2.892000198364258,-0.1540389060974121,0.2574613392353058,2.921999931335449,-0.589478611946106,0.06751777231693268,2.8980000019073486
-0.3186403810977936,-0.4274509847164154,2.7880001068115234,-0.2858853340148926,-0.4572620689868927,2.7769999504089355,-0.33700260519981384,-0.443061500787735,2.7174999713897705,-0.16582456231117249,-0.2502274215221405,2.880000114440918,-0.3994095027446747,-0.2857325077056885,2.815999984741211,-0.08943575620651245,0.02595347724854946,2.9779999256134033,-0.5929442048072815,-0.14817804098129272,2.892000198364258,-0.10669252276420593,0.27166515588760376,2.921999931335449,-0.7036304473876953,-0.026451321318745613,2.9040000438690186
-0.3308822512626648,-0.42126476764678955,2.7769999504089355,-0.29819852113723755,-0.45096898078918457,2.7660000324249268,-0.3532455265522003,-0.4413495659828186,2.7069997787475586,-0.17907504737377167,-0.24453768134117126,2.868000030517578,-0.42222389578819275,-0.2857325077056885,2.815999984741211,-0.10391189157962799,0.01630277931690216,2.9779999256134033,-0.6171948313713074,-0.17519676685333252,2.874000072479248,-0.09742287546396255,0.2579900026321411,2.927999973297119,-0.764801561832428,-0.09703298658132553,2.9040000438690186
-0.34233513474464417,-0.41428881883621216,2.760499954223633,-0.31164413690567017,-0.45096898078918457,2.7660000324249268,-0.36430636048316956,-0.4344613552093506,2.691499948501587,-0.19766362011432648,-0.23524346947669983,2.868000030517578,-0.435912549495697,-0.2857325077056885,2.815999984741211,-0.1087372750043869,0.01147743221372366,2.9779999256134033,-0.6497928500175476,-0.20313777029514313,2.874000072479248,-0.09005141258239746,0.25448471307754517,2.998499870300293,-0.8289619088172913,-0.16726833581924438,2.8980000019073486
-0.3581390678882599,-0.4074406325817108,2.744500160217285,-0.3237968981266022,-0.4402475357055664,2.755000114440918,-0.37591755390167236,-0.42842233180999756,2.680999994277954,-0.2069578915834427,-0.225949227809906,2.868000030517578,-0.45872700214385986,-0.2857325077056885,2.815999984741211,-0.11838802695274353,0.01147743221372366,2.9779999256134033,-0.6917046308517456,-0.22642193734645844,2.874000072479248,-0.08739474415779114,0.2560780644416809,3.0759999752044678,-0.9022221565246582,-0.23721203207969666,2.8919999599456787
-0.3729822039604187,-0.39983662962913513,2.7230000495910645,-0.3402889370918274,-0.4340434968471527,2.74399995803833,-0.39182713627815247,-0.4224964380264282,2.6710000038146973,-0.2237376868724823,-0.21952739357948303,2.8450000286102295,-0.4831697344779968,-0.28400754928588867,2.7990000247955322,-0.130575492978096,0.0117048230022192,3.0369999408721924,-0.7013667821884155,-0.2388249933719635,2.8010001182556152,-0.07957852631807327,0.2529505789279938,3.1614999771118164,-0.9385184645652771,-0.26833346486091614,2.874000072479248
-0.3795631229877472,-0.39310094714164734,2.7069997787475586,-0.35298317670822144,-0.42881453037261963,2.738999843597412,-0.40177977085113525,-0.4150373637676239,2.6510000228881836,-0.23919783532619476,-0.21227356791496277,2.809999942779541,-0.49835583567619324,-0.2733162045478821,2.7825000286102295,-0.14316846430301666,-0.0031179338693618774,3.0964999198913574,-0.7111700177192688,-0.25526222586631775,2.7339999675750732,-0.08825111389160156,0.2528771460056305,3.2940001487731934,-0.9749756455421448,-0.297842413187027,2.8445000648498535
-0.3963747024536133,-0.38799676299095154,2.7019999027252197,-0.3634891211986542,-0.4211227297782898,2.7179999351501465,-0.4123201072216034,-0.40841779112815857,2.636000156402588,-0.25539517402648926,-0.2060941457748413,2.7880001068115234,-0.5188396573066711,-0.2722357213497162,2.7715001106262207,-0.1658211499452591,0.0019294810481369495,3.1454999446868896,-0.7554702162742615,-0.2729821801185608,2.7339999675750732,-0.09512275457382202,0.2461729198694229,3.3480000495910645,-1.0225235223770142,-0.3307138681411743,2.810500144958496
-0.407917857170105,-0.39085009694099426,2.691499948501587,-0.3737909197807312,-0.41786903142929077,2.697000026702881,-0.4261469841003418,-0.4053190350532532,2.616000175476074,-0.27076783776283264,-0.19511544704437256,2.760499954223633,-0.5436180830001831,-0.27562811970710754,2.760499954223633,-0.17800122499465942,0.01225980930030346,3.180999994277954,-0.7774735689163208,-0.28900086879730225,2.7179999351501465,-0.12224728614091873,0.2515977919101715,3.3480000495910645,-1.0361597537994385,-0.3458743393421173,2.75
-0.42565226554870605,-0.39146688580513,2.6659998893737793,-0.38902246952056885,-0.41981241106987,2.68149995803833,-0.4405614733695984,-0.40720945596694946,2.6010000705718994,-0.28808456659317017,-0.19919072091579437,2.755000114440918,-0.5582553744316101,-0.27847757935523987,2.744500160217285,-0.19861845672130585,0.01225980930030346,3.180999994277954,-0.7843454480171204,-0.29648682475090027,2.6665000915527344,-0.14465633034706116,0.2473861277103424,3.364500045776367,-0.9618237614631653,-0.3452424108982086,2.4885001182556152
-0.4361439645290375,-0.38926437497138977,2.6510000228881836,-0.40405312180519104,-0.4173857271671295,2.6659998893737793,-0.45662811398506165,-0.4107120633125305,2.5964999198913574,-0.3142402172088623,-0.19879305362701416,2.749500036239624,-0.572685182094574,-0.2812751531600952,2.7284998893737793,-0.22594189643859863,0.007154676131904125,3.203000068664551,-0.7894524931907654,-0.313258558511734,2.625999927520752,-0.1610112488269806,0.2582893669605255,3.364500045776367,-0.8974598050117493,-0.3435955345630646,2.265000104904175
-0.4739081859588623,-0.3885301649570465,2.6459999084472656,-0.43696659803390503,-0.4158201813697815,2.6560001373291016,-0.48499876260757446,-0.4104449152946472,2.56850004196167,-0.34209689497947693,-0.20128922164440155,2.7230000495910645,-0.6176739931106567,-0.28402093052864075,2.7125000953674316,-0.2934113144874573,0.017534522339701653,3.203000068664551,-0.8288344740867615,-0.35445359349250793,2.616000175476074,-0.23074539005756378,0.2787221670150757,3.3480000495910645,-0.9121400713920593,-0.41332653164863586,2.265000104904175
-0.4906652271747589,-0.38485926389694214,2.621000051498413,-0.4567584991455078,-0.4142545759677887,2.6459999084472656,-0.5034177899360657,-0.40517154335975647,2.5355000495910645,-0.36444172263145447,-0.19030913710594177,2.692500114440918,-0.6272546052932739,-0.27802789211273193,2.697000026702881,-0.3193610906600952,0.038294218480587006,3.203000068664551,-0.8314809203147888,-0.36223748326301575,2.6110000610351562,-0.279569536447525,0.3112713694572449,3.3480000495910645,-0.8974598050117493,-0.4353468418121338,2.265000104904175
-0.49956464767456055,-0.38192254304885864,2.6010000705718994,-0.4677291214466095,-0.40885329246520996,2.6115000247955322,-0.5119798183441162,-0.39813682436943054,2.5169999599456787,-0.3646436333656311,-0.17743603885173798,2.63100004196167,-0.6391775608062744,-0.2818743884563446,2.691999912261963,-0.3532477021217346,0.06895685195922852,3.180999994277954,-0.8338301777839661,-0.3680012822151184,2.5920000076293945,-0.3229687809944153,0.34924545884132385,3.3480000495910645,-0.8717692494392395,-0.4573671519756317,2.265000104904175
-0.5126502513885498,-0.37913262844085693,2.5820000171661377,-0.4783453047275543,-0.4035302698612213,2.5774998664855957,-0.5204662084579468,-0.3912404477596283,2.499000072479248,-0.3731698989868164,-0.17743603885173798,2.63100004196167,-0.6422247290611267,-0.2856515347957611,2.686500072479248,-0.37216073274612427,0.08916565030813217,3.1665000915527344,-0.8235488533973694,-0.36530375480651855,2.572999954223633,-0.3817284405231476,0.3592347800731659,3.3400001525878906,-0.8424086570739746,-0.472047358751297,2.265000104904175
