0.46450361609458923,-0.1597827821969986,1.2384999990463257,0.4888753592967987,-0.1875218003988266,1.249500036239624,0.42777547240257263,-0.19006237387657166,1.2139999866485596,0.5336455702781677,-0.05838405340909958,1.3044999837875366,0.27448204159736633,-0.021217865869402885,1.3609999418258667,0.6405619382858276,-0.09983347356319427,1.128000020980835,0.2416810691356659,0.23194484412670135,1.4700000286102295,0.6909636855125427,-0.20054389536380768,1.183000087738037,0.23224268853664398,0.47553348541259766,1.5334999561309814
0.47642597556114197,-0.16107109189033508,1.2330000400543213,0.5028491020202637,-0.1866963505744934,1.24399995803833,0.43346551060676575,-0.1882619559764862,1.2024999856948853,0.5555416345596313,-0.057219307869672775,1.3264999389648438,0.2913731038570404,-0.018963702023029327,1.3574999570846558,0.650457501411438,-0.09839671105146408,1.1324999332427979,0.24755725264549255,0.23550093173980713,1.462499976158142,0.7323537468910217,-0.20237083733081818,1.1605000495910645,0.23158961534500122,0.4667249023914337,1.5130000114440918
0.4884132742881775,-0.16107109189033508,1.2330000400543213,0.5149433016777039,-0.1866963505744934,1.24399995803833,0.44312024116516113,-0.18934041261672974,1.1970000267028809,0.5720928907394409,-0.05306020379066467,1.3300000429153442,0.30749064683914185,-0.014494763687252998,1.3510000705718994,0.6782376766204834,-0.09501940757036209,1.1359999179840088,0.2522967755794525,0.23550093173980713,1.462499976158142,0.7578922510147095,-0.19774970412254333,1.1340000629425049,0.22376485168933868,0.4607096314430237,1.493499994277954
0.49719002842903137,-0.15868617594242096,1.2300000190734863,0.5290532112121582,-0.1866963505744934,1.24399995803833,0.4543776214122772,-0.18724431097507477,1.1959999799728394,0.5871782898902893,-0.055215250700712204,1.3300000429153442,0.3199131488800049,-0.014462577179074287,1.3480000495910645,0.6919797658920288,-0.09008819609880447,1.1434999704360962,0.25388291478157043,0.2253265231847763,1.4579999446868896,0.7584689259529114,-0.17705780267715454,1.1080000400543213,0.20419380068778992,0.45723775029182434,1.4744999408721924
0.5071551203727722,-0.15669316053390503,1.2300000190734863,0.53826504945755,-0.18639622628688812,1.2420001029968262,0.46174290776252747,-0.187087744474411,1.1949999332427979,0.6044186949729919,-0.05306020379066467,1.3300000429153442,0.3240410089492798,-0.014451847411692142,1.347000002861023,0.7003086805343628,-0.08092997223138809,1.1449999809265137,0.2533605396747589,0.22486290335655212,1.4550000429153442,0.7427245378494263,-0.1347050964832306,1.0850000381469727,0.18413884937763214,0.4525350034236908,1.4670000076293945
0.5122998356819153,-0.16041792929172516,1.2280000448226929,0.5430158972740173,-0.18527063727378845,1.2345000505447388,0.46870243549346924,-0.18677465617656708,1.193000078201294,0.6108838319778442,-0.048750121146440506,1.3300000429153442,0.3358851969242096,-0.01657268777489662,1.3420000076293945,0.7139186263084412,-0.07542994618415833,1.1459999084472656,0.2486453354358673,0.2177901566028595,1.4550000429153442,0.734167754650116,-0.09318365156650543,1.0724999904632568,0.14757227897644043,0.44267135858535767,1.4579999446868896
0.5179287791252136,-0.15771858394145966,1.2225000858306885,0.5481159090995789,-0.18429513275623322,1.2280000448226929,0.4733084440231323,-0.186304971575737,1.190000057220459,0.6151939630508423,-0.042284995317459106,1.3300000429153442,0.34138810634613037,-0.010019279085099697,1.3380000591278076,0.7182587385177612,-0.06248612329363823,1.1469999551773071,0.2339271605014801,0.22440952062606812,1.437000036239624,0,0,0,0.1164996325969696,0.43894997239112854,1.4535000324249268
0.5238714218139648,-0.1557377278804779,1.2225000858306885,0.5580647587776184,-0.18031559884548187,1.2280000448226929,0.4790930449962616,-0.1824485957622528,1.190000057220459,0.6238141655921936,-0.04012995585799217,1.3300000429153442,0.3562977612018585,-0.014344558119773865,1.3370000123977661,0.716400146484375,-0.04761796072125435,1.1469999551773071,0.24002474546432495,0.18927554786205292,1.4179999828338623,0,0,0,0.08283769339323044,0.390947550535202,1.441499948501587
0.5298140048980713,-0.1517760157585144,1.2225000858306885,0.564034104347229,-0.17633606493473053,1.2280000448226929,0.48487767577171326,-0.1824485957622528,1.190000057220459,0.6281242966651917,-0.042284995317459106,1.3300000429153442,0.36359846591949463,-0.01644919626414776,1.3320000171661377,0.7108246088027954,-0.02717423066496849,1.1469999551773071,0.22813361883163452,0.1889418512582779,1.4155000448226929,0,0,0,0.03574734181165695,0.35914260149002075,1.4265000820159912
0.5381773114204407,-0.14198778569698334,1.2235000133514404,0.5719932317733765,-0.16837699711322784,1.2280000448226929,0.4925905168056488,-0.17280760407447815,1.190000057220459,0.6458695530891418,-0.02514822967350483,1.3355000019073486,0.3757212460041046,-0.01203699130564928,1.3215000629425049,0.7170335054397583,0.028681067749857903,1.1510000228881836,0.2091568410396576,0.15467120707035065,1.3960000276565552,0.7324299216270447,0.03888961300253868,1.0724999904632568,0.0010760707082226872,0.24588382244110107,1.4265000820159912
0.5377316474914551,-0.1354288011789322,1.2179999351501465,0.5738621354103088,-0.16379502415657043,1.2235000133514404,0.4951953589916229,-0.16852527856826782,1.187000036239624,0.6372137069702148,-0.016492418944835663,1.3355000019073486,0.3799762725830078,-0.011968676000833511,1.3140000104904175,0.7047544121742249,0.043998833745718,1.1614999771118164,0.19616687297821045,0.14053718745708466,1.368499994277954,0.7306920886039734,0.07190793007612228,1.0724999904632568,-0.047463707625865936,0.1880987286567688,1.4265000820159912
0.5392621159553528,-0.13137373328208923,1.2170000076293945,0.5723147988319397,-0.15688000619411469,1.2160000801086426,0.49628108739852905,-0.16248103976249695,1.184999942779541,0.6381405591964722,-0.010049231350421906,1.3420000076293945,0.3853883445262909,-0.020321445539593697,1.3034999370574951,0.7414633631706238,0.0964050367474556,1.180999994277954,0.20144081115722656,0.1206442341208458,1.3445000648498535,0.734167754650116,0.10318844020366669,1.0724999904632568,-0.019629891961812973,0.12967418134212494,1.4195001125335693
0.5392621159553528,-0.12545789778232574,1.2170000076293945,0.5728682279586792,-0.15059657394886017,1.2130000591278076,0.49544352293014526,-0.1583731323480606,1.183000087738037,0.6451444625854492,-0.005704508628696203,1.343000054359436,0.380482941865921,-0.01178650464862585,1.2940000295639038,0.7495690584182739,0.1287437230348587,1.1970000267028809,0.1818910390138626,0.10202602297067642,1.3289999961853027,0,0,0,-0.008072242140769958,0.04425790533423424,1.409500002861023
0.5403446555137634,-0.12131432443857193,1.215000033378601,0.5727012157440186,-0.1461215317249298,1.2085000276565552,0.4946058988571167,-0.15619175136089325,1.180999994277954,0.6436864733695984,0.0030032664071768522,1.3445000648498535,0.38423046469688416,-0.00758428405970335,1.2925000190734863,0.7451252341270447,0.16286420822143555,1.2055000066757202,0.18182872235774994,0.0816502496600151,1.312999963760376,0,0,0,0.021464720368385315,-0.02408573031425476,1.3994998931884766
0.5385656952857971,-0.11895270645618439,1.2109999656677246,0.5705686807632446,-0.14557743072509766,1.2039999961853027,0.49293071031570435,-0.15375562012195587,1.1770000457763672,0.6456015110015869,0.007382236421108246,1.3485000133514404,0.3869164288043976,-0.013813477009534836,1.287500023841858,0.7379417419433594,0.18100391328334808,1.2360000610351562,0.17863228917121887,0.05656202509999275,1.274999976158142,0,0,0,0.06103666126728058,-0.08360555022954941,1.371500015258789
0.5385193824768066,-0.12046562135219574,1.2065000534057617,0.5700948238372803,-0.14545652270317078,1.2030000686645508,0.4935765564441681,-0.15336371958255768,1.1740000247955322,0.6456015110015869,0.009567254222929478,1.3485000133514404,0.3845123052597046,-0.013727646321058273,1.2795000076293945,0.7289263606071472,0.20117032527923584,1.2620000839233398,0.17724540829658508,0.03481867164373398,1.2365000247955322,0.734167754650116,0.3551703095436096,1.0724999904632568,0.10435238480567932,-0.13449615240097046,1.2274999618530273
0.5332289934158325,-0.1216595396399498,1.1990000009536743,0.569146990776062,-0.14910674095153809,1.2009999752044678,0.49041786789894104,-0.1548692137002945,1.1710000038146973,0.6395202279090881,0.003014434827491641,1.3494999408721924,0.3837152123451233,-0.0218570064753294,1.2699999809265137,0.6897890567779541,0.20434236526489258,1.2690000534057617,0.17562483251094818,0.022336497902870178,1.2114999294281006,0.7055092453956604,0.34855255484580994,1.1010000705718994,0.14087744057178497,-0.1358971744775772,1.0805000066757202
0.5277413129806519,-0.12084779888391495,1.190999984741211,0.5657840967178345,-0.14873427152633667,1.1979999542236328,0.48580875992774963,-0.15589644014835358,1.1644999980926514,0.6365589499473572,-0.0035533609334379435,1.3524999618530273,0.38697221875190735,-0.02577836625277996,1.2604999542236328,0.6672424077987671,0.20129705965518951,1.2890000343322754,0.17724394798278809,0.010309928096830845,1.183000087738037,0.6794317960739136,0.3676416873931885,1.1380000114440918,0.17872099578380585,-0.14205093681812286,1.0360000133514404
0.5208026170730591,-0.1182190552353859,1.184000015258789,0.5590875744819641,-0.14605791866779327,1.191999912261963,0.47870495915412903,-0.15166547894477844,1.1610000133514404,0.6212183237075806,0.0008296369342133403,1.3524999618530273,0.3781256675720215,-0.021538617089390755,1.2515000104904175,0.6132158637046814,0.19705891609191895,1.316499948501587,0.18006587028503418,-0.001159974024631083,1.1519999504089355,0.579915463924408,0.3473835289478302,1.1565001010894775,0.27418026328086853,-0.1369091272354126,0.9984999895095825
0.5168437361717224,-0.11351264268159866,1.1749999523162842,0.5528957843780518,-0.14352193474769592,1.187000036239624,0.4751809537410736,-0.14551877975463867,1.1570000648498535,0.6095840334892273,0.0030177857261151075,1.3510000705718994,0.37152934074401855,-0.01535011362284422,1.2430000305175781,0.5809534788131714,0.17675873637199402,1.340499997138977,0.18236184120178223,-0.008472954854369164,1.131500005722046,0.5527493953704834,0.30666789412498474,1.1949999332427979,0.29782634973526,-0.12011273205280304,0.9550000429153442
