-0.03783033415675163,0.01376158744096756,1.3315000534057617,-0.010010787285864353,-0.014618145301938057,1.3624999523162842,-0.06683435291051865,-0.016152814030647278,1.3079999685287476,0.09261484444141388,0.12216854840517044,1.412500023841858,-0.1651173084974289,0.14574934542179108,1.465499997138977,0.17976659536361694,0.20460154116153717,1.187000036239624,-0.19073045253753662,0.37724608182907104,1.5379999876022339,0.5829904079437256,0.8212093114852905,3.3480000495910645,-0.18327221274375916,0.5016297698020935,1.3380000591278076
-0.031322550028562546,0.0029708771035075188,1.3300000429153442,-0.0011799234198406339,-0.025656655430793762,1.3624999523162842,-0.05835672467947006,-0.026749785989522934,1.3079999685287476,0.09948104619979858,0.11072495579719543,1.412500023841858,-0.15371480584144592,0.13428744673728943,1.4700000286102295,0.18260833621025085,0.19790351390838623,1.1929999589920044,-0.1802404820919037,0.36125898361206055,1.5549999475479126,0.5684505105018616,0.774280309677124,3.264500141143799,-0.17307648062705994,0.49044767022132874,1.343000054359436
-0.02483869530260563,-0.005645042285323143,1.3289999961853027,0.005449217278510332,-0.03673556447029114,1.3639999628067017,-0.054159291088581085,-0.03525429591536522,1.309000015258789,0.11104250699281693,0.0993867963552475,1.4140000343322754,-0.14895100891590118,0.11761422455310822,1.4700000286102295,0.19275718927383423,0.20033909380435944,1.1959999799728394,-0.17016196250915527,0.3511804938316345,1.5549999475479126,0.36391112208366394,0.4934989809989929,2.109499931335449,-0.16516752541065216,0.47970151901245117,1.3494999408721924
-0.020516375079751015,-0.014247997663915157,1.3279999494552612,0.0076593635603785515,-0.045576099306344986,1.3639999628067017,-0.049840960651636124,-0.04367152228951454,1.306999921798706,0.11791599541902542,0.09022218734025955,1.4140000343322754,-0.14448145031929016,0.11308076232671738,1.4730000495910645,0.19890300929546356,0.21037988364696503,1.1979999542236328,-0.16823527216911316,0.34989410638809204,1.560499906539917,0.1792173981666565,0.2604759633541107,1.069000005722046,-0.1584630161523819,0.4861140251159668,1.3865000009536743
-0.0183645598590374,-0.020703399553894997,1.3279999494552612,0.012079657055437565,-0.05441662669181824,1.3639999628067017,-0.047796204686164856,-0.05222241207957268,1.309000015258789,0.12249832600355148,0.08334874361753464,1.4140000343322754,-0.13774067163467407,0.10385005921125412,1.4774999618530273,0.20895715057849884,0.22239752113819122,1.2000000476837158,-0.1617306023836136,0.3497028648853302,1.5709999799728394,0.1514224410057068,0.265094518661499,1.0329999923706055,-0.16106601059436798,0.5213832259178162,1.49399995803833
-0.018343817442655563,-0.031426865607500076,1.3264999389648438,0.01206637267023325,-0.06318759173154831,1.3624999523162842,-0.04775968939065933,-0.058540698140859604,1.3079999685287476,0.12708064913749695,0.07876644283533096,1.4140000343322754,-0.13566723465919495,0.0968969315290451,1.4809999465942383,0.21479037404060364,0.23989710211753845,1.2000000476837158,-0.15713801980018616,0.3303866982460022,1.5759999752044678,0.12890973687171936,0.27686741948127747,1.0269999504089355,-0.15291689336299896,0.5188062787055969,1.559000015258789
-0.018343817442655563,-0.035725608468055725,1.3264999389648438,0.00984780304133892,-0.06752856820821762,1.3609999418258667,-0.04772317409515381,-0.06484925746917725,1.306999921798706,0.131662979722023,0.07647529244422913,1.4140000343322754,-0.13371743261814117,0.08759281039237976,1.4860000610351562,0.21090154349803925,0.25156348943710327,1.2000000476837158,-0.15270596742630005,0.31646424531936646,1.5829999446868896,0.10394836962223053,0.29683637619018555,1.0269999504089355,-0.14819662272930145,0.5022486448287964,1.5625
-0.022616982460021973,-0.03997908905148506,1.3250000476837158,0.007642517331987619,-0.07193911820650101,1.3609999418258667,-0.05195874720811844,-0.06908480823040009,1.306999921798706,0.13395413756370544,0.07189299166202545,1.4140000343322754,-0.13398738205432892,0.0781189426779747,1.4889999628067017,0.20701274275779724,0.2632299065589905,1.2000000476837158,-0.15270596742630005,0.30620428919792175,1.5829999446868896,0.08231517672538757,0.31347718834877014,1.0269999504089355,-0.14313305914402008,0.48452630639076233,1.5625
-0.02691088803112507,-0.044272974133491516,1.3250000476837158,0.003231946611776948,-0.0763496607542038,1.3609999418258667,-0.05411791428923607,-0.07337646186351776,1.3079999685287476,0.1385364681482315,0.06731069833040237,1.4140000343322754,-0.13157470524311066,0.07329359650611877,1.4889999628067017,0.19770169258117676,0.2735205292701721,1.2024999856948853,-0.15014095604419708,0.29337936639785767,1.5829999446868896,0.060770630836486816,0.3272671401500702,1.0285000801086426,-0.1406012624502182,0.459208607673645,1.5625
-0.02905784361064434,-0.048566851764917374,1.3250000476837158,-0.0011777583276852965,-0.08290451020002365,1.3599998950958252,-0.056237321346998215,-0.07761524617671967,1.3079999685287476,0.13409623503684998,0.06508852541446686,1.4155000448226929,-0.12916199862957,0.06846825033426285,1.4889999628067017,0.1855165958404541,0.2776452302932739,1.2120000123977661,-0.14659710228443146,0.2863374650478363,1.5724999904632568,0.040970578789711,0.33723118901252747,1.0334999561309814,-0.1406012624502182,0.44908151030540466,1.5625
-0.03549870103597641,-0.05286072939634323,1.3250000476837158,-0.0033752077724784613,-0.08935092389583588,1.3574999570846558,-0.06259554624557495,-0.08397343009710312,1.3079999685287476,0.13217510282993317,0.058372270315885544,1.4195001125335693,-0.1270046830177307,0.056518521159887314,1.4919999837875366,0.17061157524585724,0.2822268307209015,1.2319999933242798,-0.1461309790611267,0.27526751160621643,1.5674999952316284,0.023029733449220657,0.3478303551673889,1.0555000305175781,-0.13997137546539307,0.4294266700744629,1.5555000305175781
-0.03761724382638931,-0.059256795793771744,1.3240000009536743,-0.007760119158774614,-0.09357748180627823,1.3550000190734863,-0.0647149458527565,-0.09033161401748657,1.3079999685287476,0.12735027074813843,0.05367744341492653,1.4170000553131104,-0.12743030488491058,0.04943101480603218,1.496999979019165,0.1620461791753769,0.2801406979560852,1.2584999799728394,-0.14867085218429565,0.2625681757926941,1.5674999952316284,0.009622101671993732,0.35100409388542175,1.0864999294281006,-0.14198799431324005,0.4128391742706299,1.5499999523162842
-0.041860431432724,-0.06776121258735657,1.3224999904632568,-0.012128827162086964,-0.10217081755399704,1.3524999618530273,-0.06895375996828079,-0.09668979048728943,1.3079999685287476,0.12735027074813843,0.04908542335033417,1.4170000553131104,-0.1298559606075287,0.04215410351753235,1.496999979019165,0.15284647047519684,0.2837364375591278,1.2839999198913574,-0.15375062823295593,0.24986882507801056,1.5674999952316284,-0.002757352078333497,0.3474912643432617,1.1089999675750732,-0.14384694397449493,0.40347421169281006,1.5429999828338623
-0.044003330171108246,-0.07418988645076752,1.3224999904632568,-0.014277988113462925,-0.10842370986938477,1.3485000133514404,-0.07324853539466858,-0.10312675684690475,1.309000015258789,0.12964630126953125,0.039901379495859146,1.4170000553131104,-0.1276005506515503,0.032494910061359406,1.4989999532699585,0.1462690532207489,0.27663353085517883,1.2994999885559082,-0.15629051625728607,0.23970933258533478,1.5674999952316284,-0.015460527502000332,0.33400753140449524,1.1180000305175781,-0.14836499094963074,0.39219850301742554,1.5379999876022339
-0.04584963992238045,-0.08435863256454468,1.3140000104904175,-0.01425151713192463,-0.11912752687931061,1.3459999561309814,-0.07319258153438568,-0.11152555048465729,1.3079999685287476,0.1342383474111557,0.039901379495859146,1.4170000553131104,-0.12743030488491058,0.022749006748199463,1.496999979019165,0.13960576057434082,0.2758476734161377,1.3364999294281006,-0.15614095330238342,0.22425532341003418,1.565999984741211,-0.024067472666502,0.3405834138393402,1.184999942779541,-0.15319959819316864,0.3843470811843872,1.5364999771118164
-0.04775968939065933,-0.09033161401748657,1.3079999685287476,-0.016401976346969604,-0.12543700635433197,1.3434998989105225,-0.07531198114156723,-0.1200031265616417,1.3079999685287476,0.13180264830589294,0.035271983593702316,1.4155000448226929,-0.12942224740982056,0.013002883642911911,1.4919999837875366,0.1426333785057068,0.2750336527824402,1.3869999647140503,-0.15847575664520264,0.22396892309188843,1.5640000104904175,-0.03276022523641586,0.36563149094581604,1.3014999628067017,-0.15533460676670074,0.373535692691803,1.5329999923706055
-0.04978376626968384,-0.09862034022808075,1.3055000305175781,-0.018489018082618713,-0.13349565863609314,1.3369998931884766,-0.07743139564990997,-0.1284807175397873,1.3079999685287476,0.1295090615749359,0.028391240164637566,1.4155000448226929,-0.13653747737407684,0.00815960206091404,1.4904999732971191,0.14962102472782135,0.2728371322154999,1.4105000495910645,-0.16064965724945068,0.21588212251663208,1.5605000257492065,-0.036771293729543686,0.3744580149650574,1.372499942779541,-0.15497997403144836,0.36772629618644714,1.5295000076293945
-0.05602234601974487,-0.1110992282629013,1.3029999732971191,-0.022727932780981064,-0.14373387396335602,1.3315000534057617,-0.08160776644945145,-0.14532466232776642,1.306999921798706,0.1198245957493782,0.016851607710123062,1.409500002861023,-0.13909244537353516,-0.011172468774020672,1.4919999837875366,0.15041659772396088,0.26509734988212585,1.4179999828338623,-0.17525756359100342,0.18494530022144318,1.5555000305175781,-0.03279447183012962,0.37765833735466003,1.3925000429153442,-0.1696832776069641,0.34013110399246216,1.527999997138977
-0.05802210792899132,-0.11510054767131805,1.3004999160766602,-0.024745246395468712,-0.14721490442752838,1.3240000009536743,-0.08544927090406418,-0.1467655897140503,1.3009999990463257,0.11456180363893509,0.014479897916316986,1.4010000228881836,-0.1463450938463211,-0.025677679106593132,1.4919999837875366,0.14811894297599792,0.2605020999908447,1.4179999828338623,-0.19038023054599762,0.17738401889801025,1.5555000305175781,-0.026025496423244476,0.3844272792339325,1.3925000429153442,-0.1845385581254959,0.34013110399246216,1.527999997138977
-0.06190163269639015,-0.1165769174695015,1.2934999465942383,-0.028904328122735023,-0.15081894397735596,1.3179999589920044,-0.08715353161096573,-0.1481870710849762,1.2950000762939453,0.10709775239229202,0.012135733850300312,1.3924999237060547,-0.1534433215856552,-0.030482076108455658,1.4904999732971191,0.14582128822803497,0.2605020999908447,1.4179999828338623,-0.20136409997940063,0.18324580788612366,1.5625,-0.028393525630235672,0.39500653743743896,1.3980000019073486,-0.19425122439861298,0.3422706425189972,1.5264999866485596
