0.0009742342517711222,-0.2649754285812378,1.2914999723434448,0.026874035596847534,-0.2988472580909729,1.3305000066757202,-0.02563134953379631,-0.2895958423614502,1.2619999647140503,0.11616476625204086,-0.1639154553413391,1.3930000066757202,-0.1494576334953308,-0.18073444068431854,1.475000023841858,0.16829392313957214,-0.014022661373019218,1.5394999980926514,-0.1669415831565857,0.00596803380176425,1.5485000610351562,0.0682239904999733,0.12265483289957047,1.5329999923706055,-0.1015736311674118,0.14127586781978607,1.5464999675750732
0.0031096504535526037,-0.27503395080566406,1.309499979019165,0.02705582045018673,-0.3095504939556122,1.3394999504089355,-0.02595631219446659,-0.29947978258132935,1.277999997138977,0.1160745695233345,-0.180834099650383,1.4194999933242798,-0.146246999502182,-0.18752677738666534,1.4909999370574951,0.1766596883535385,-0.02701147273182869,1.5694999694824219,-0.17514099180698395,-0.004204920027405024,1.6004999876022339,0.07181493937969208,0.11196078360080719,1.556999921798706,-0.10050910711288452,0.13061979413032532,1.569000005722046
0.005373312160372734,-0.2890280485153198,1.3450000286102295,0.029597187414765358,-0.3200730085372925,1.3564999103546143,-0.024446211755275726,-0.3107486367225647,1.308000087738037,0.1209597960114479,-0.19418445229530334,1.4505000114440918,-0.15055736899375916,-0.20459666848182678,1.5099999904632568,0.1867956966161728,-0.03875941038131714,1.6360000371932983,-0.17452380061149597,-0.017906557768583298,1.6689999103546143,0.07684438675642014,0.10269632190465927,1.6094999313354492,-0.09730984270572662,0.12023787945508957,1.5999999046325684
0.0077351718209683895,-0.30494004487991333,1.377500057220459,0.030175387859344482,-0.33528953790664673,1.3830000162124634,-0.020709488540887833,-0.32498598098754883,1.340499997138977,0.12429546564817429,-0.2116149365901947,1.4904999732971191,-0.14506670832633972,-0.20971709489822388,1.5295000076293945,0.19927182793617249,-0.05593430623412132,1.6740000247955322,-0.17681241035461426,-0.0239927489310503,1.7174999713897705,0.08483895659446716,0.09538885205984116,1.6640000343322754,-0.0943702906370163,0.11520151793956757,1.6389999389648438
0.01456218957901001,-0.3122117221355438,1.3899999856948853,0.03493290767073631,-0.3447325825691223,1.3940000534057617,-0.016572894528508186,-0.3357062041759491,1.3574999570846558,0.13120488822460175,-0.22483834624290466,1.5145000219345093,-0.14417323470115662,-0.21705973148345947,1.5464999675750732,0.1997479796409607,-0.061505790799856186,1.6779999732971191,-0.1759546995162964,-0.03269929066300392,1.7365000247955322,0.08619005978107452,0.08869045227766037,1.690500020980835,-0.09266583621501923,0.11371313780546188,1.656000018119812
0.019299933686852455,-0.32286956906318665,1.4070000648498535,0.03980417549610138,-0.35238179564476013,1.4065001010894775,-0.01223195530474186,-0.3395237624645233,1.3639999628067017,0.13194125890731812,-0.233503520488739,1.5230000019073486,-0.1478172391653061,-0.22126929461956024,1.558500051498413,0.19896644353866577,-0.07309319078922272,1.6944999694824219,-0.17121003568172455,-0.03286876529455185,1.745500087738037,0.08713327348232269,0.08135358989238739,1.7089999914169312,-0.09019989520311356,0.10053905099630356,1.659999966621399
0.026399489492177963,-0.328384667634964,1.4210000038146973,0.04485107958316803,-0.36087334156036377,1.4219999313354492,-0.007874659262597561,-0.34448981285095215,1.375,0.1375059336423874,-0.23953495919704437,1.5299999713897705,-0.14105118811130524,-0.22508695721626282,1.5674999952316284,0.2034381926059723,-0.07371865957975388,1.7089999914169312,-0.17184758186340332,-0.047185271978378296,1.7519999742507935,0.09356632828712463,0.07934316247701645,1.7254999876022339,-0.08761555701494217,0.09258120507001877,1.6619999408721924
0.03347107768058777,-0.33463001251220703,1.4279999732971191,0.05214567482471466,-0.3681802451610565,1.4325000047683716,-0.00120373850222677,-0.3527524471282959,1.3900001049041748,0.14372120797634125,-0.24414946138858795,1.5434999465942383,-0.14168108999729156,-0.23119454085826874,1.5744999647140503,0.2039143592119217,-0.07944246381521225,1.7130000591278076,-0.1693946272134781,-0.047293003648519516,1.75600004196167,0.10027871280908585,0.07458486407995224,1.744999885559082,-0.08272431045770645,0.09042905271053314,1.6719999313354492
0.040794678032398224,-0.3424649238586426,1.441499948501587,0.0594804622232914,-0.37516483664512634,1.441499948501587,0.005575060378760099,-0.35867050290107727,1.3954999446868896,0.14735902845859528,-0.25360891222953796,1.5555000305175781,-0.13432534039020538,-0.236822247505188,1.5780000686645508,0.2041524350643158,-0.08231408894062042,1.715000033378601,-0.16982871294021606,-0.05311938375234604,1.7604999542236328,0.10648007690906525,0.06928541511297226,1.753999948501587,-0.08292221277952194,0.08792971819639206,1.6759999990463257
0.05071146413683891,-0.3487473428249359,1.4579999446868896,0.06731785833835602,-0.38457930088043213,1.4594999551773071,0.012420614250004292,-0.3650147020816803,1.4024999141693115,0.15342864394187927,-0.2578582763671875,1.565999984741211,-0.132060706615448,-0.2399100810289383,1.5815000534057617,0.21026046574115753,-0.08531622588634491,1.7195000648498535,-0.1678297072649002,-0.059125300496816635,1.7695000171661377,0.11559643596410751,0.0610709972679615,1.7630000114440918,-0.07786071300506592,0.08016351610422134,1.684000015258789
0.05827455595135689,-0.35876336693763733,1.4700000286102295,0.07790843397378922,-0.3926442563533783,1.4809999465942383,0.024020671844482422,-0.37324875593185425,1.4164999723434448,0.1626349687576294,-0.2629730701446533,1.5815000534057617,-0.12476619333028793,-0.24323920905590057,1.5864999294281006,0.21608386933803558,-0.09099426120519638,1.721500039100647,-0.16622106730937958,-0.059576380997896194,1.7829999923706055,0.1251172125339508,0.05578160285949707,1.7764999866485596,-0.06984024494886398,0.077618807554245,1.687999963760376
0.08003702759742737,-0.3674025237560272,1.4759999513626099,0.09763079136610031,-0.4020032584667206,1.4889999628067017,0.04286111891269684,-0.38442811369895935,1.4325000047683716,0.17639079689979553,-0.27469176054000854,1.590000033378601,-0.10443069785833359,-0.2515048086643219,1.590000033378601,0.23040959239006042,-0.09791943430900574,1.745500087738037,-0.1581723988056183,-0.06561106443405151,1.7899999618530273,0.14290942251682281,0.044429488480091095,1.7829999923706055,-0.05616455152630806,0.077618807554245,1.687999963760376
0.08969458937644958,-0.3725639879703522,1.4774999618530273,0.11017309129238129,-0.4086045026779175,1.4954999685287476,0.05480901896953583,-0.3891791105270386,1.441499948501587,0.1841198205947876,-0.27726811170578003,1.590000033378601,-0.09209596365690231,-0.2530075013637543,1.5994999408721924,0.23931200802326202,-0.10500013828277588,1.7695000171661377,-0.14963817596435547,-0.0685880035161972,1.7920000553131104,0.15255427360534668,0.03890068084001541,1.7944999933242798,-0.04533117264509201,0.07506113499403,1.6920000314712524
0.10486886650323868,-0.37787652015686035,1.4889999628067017,0.12026672810316086,-0.4124019742012024,1.500499963760376,0.06683356314897537,-0.3958996832370758,1.4490000009536743,0.18951059877872467,-0.28277599811553955,1.5920000076293945,-0.07968151569366455,-0.25735703110694885,1.6104999780654907,0.24753911793231964,-0.11186092346906662,1.787500023841858,-0.14419205486774445,-0.06584931910037994,1.7964999675750732,0.16505427658557892,0.03618353605270386,1.8040000200271606,-0.03449670970439911,0.07810162752866745,1.6984999179840088
0.11771761626005173,-0.38284316658973694,1.4989999532699585,0.13312937319278717,-0.4170449674129486,1.5084999799728394,0.08142343163490295,-0.39835867285728455,1.4579999446868896,0.2021510750055313,-0.2886715531349182,1.6104999780654907,-0.06939376145601273,-0.25268590450286865,1.6140000820159912,0.25852170586586,-0.1303957998752594,1.8034999370574951,-0.13583624362945557,-0.06603258848190308,1.8015000820159912,0.189170241355896,0.024586254730820656,1.8109999895095825,-0.023660967126488686,0.07867641001939774,1.7109999656677246
0.13038188219070435,-0.386814147233963,1.5049999952316284,0.20971520245075226,-0.5952381491661072,2.140500068664551,0.09361941367387772,-0.4023702144622803,1.4639999866485596,0.2109754979610443,-0.2963452935218811,1.6384999752044678,-0.05121374502778053,-0.25593382120132446,1.6180000305175781,0.267955482006073,-0.13658028841018677,1.8079999685287476,-0.1241600438952446,-0.06603258848190308,1.8015000820159912,0.21399608254432678,0.01588321477174759,1.8224999904632568,-0.0070696547627449036,0.07915922999382019,1.7214999198913574
0.1457844078540802,-0.39132189750671387,1.5130000114440918,0.29696139693260193,-0.7830314636230469,2.799499988555908,0.10818400979042053,-0.4083659052848816,1.468500018119812,0.22877460718154907,-0.30681729316711426,1.6519999504089355,-0.02765246108174324,-0.2615000605583191,1.6200000047683716,0.27457189559936523,-0.14283332228660583,1.812999963760376,-0.11540290713310242,-0.07187064737081528,1.8015000820159912,0.23556891083717346,0.010015425272285938,1.8294999599456787,0.0068594622425735,0.08173441886901855,1.7170000076293945
0.1765929013490677,-0.3993675410747528,1.524999976158142,0.3554081320762634,-0.8116267919540405,2.868499994277954,0.1350901573896408,-0.4129830300807953,1.4765000343322754,0.24274498224258423,-0.3182933032512665,1.656000018119812,-0.001404650160111487,-0.25393837690353394,1.621999979019165,0.2878229320049286,-0.1642531454563141,1.8224999904632568,-0.08350145071744919,-0.07497649639844894,1.805999994277954,0.28415971994400024,-0.01077936589717865,1.8370000123977661,0.02640337124466896,0.07915922999382019,1.7214999198913574
0.1876997947692871,-0.40198636054992676,1.534999966621399,0.3841259479522705,-0.8280841708183289,2.9099998474121094,0.14799849689006805,-0.4156402051448822,1.4860000610351562,0.25230932235717773,-0.3256143033504486,1.6660000085830688,0.014413227327167988,-0.26271072030067444,1.627500057220459,0.2980000376701355,-0.17263345420360565,1.8489999771118164,-0.07773476839065552,-0.08091863989830017,1.8079999685287476,0.3074031174182892,-0.016864538192749023,1.8515000343322754,0.029303014278411865,0.07945811748504639,1.7279999256134033
0.2039431631565094,-0.4071086049079895,1.5449999570846558,0.40518009662628174,-0.8276481032371521,2.892000198364258,0.15847840905189514,-0.41787782311439514,1.49399995803833,0.26228347420692444,-0.32795965671539307,1.6779999732971191,0.025107361376285553,-0.26689669489860535,1.6370000839233398,0.30498436093330383,-0.1749209314584732,1.873500108718872,-0.06894603371620178,-0.08091863989830017,1.8079999685287476,0.33186233043670654,-0.020073799416422844,1.871000051498413,0.03783378377556801,0.07692435383796692,1.7339999675750732
