0.4375584125518799,-0.14073026180267334,1.247499942779541,0.4840640127658844,-0.17953020334243774,1.3250000476837158,0.40155482292175293,-0.16897939145565033,1.2179999351501465,0.46307820081710815,-0.06444848328828812,1.440000057220459,0.24239081144332886,-0.05080614238977432,1.2734999656677246,0.33361753821372986,0.1127641499042511,1.0810000896453857,0.31957271695137024,0.09994526207447052,1.0750000476837158,0.5175528526306152,0.3682800829410553,1.6424999237060547,0.4884013831615448,0.17583893239498138,0.8725000023841858
0.43675896525382996,-0.14112508296966553,1.250999927520752,0.4828263521194458,-0.1820199191570282,1.3275001049041748,0.3979341387748718,-0.16911813616752625,1.218999981880188,0.45376282930374146,-0.060093287378549576,1.4474999904632568,0.23779606819152832,-0.0507064014673233,1.2709999084472656,0.3020889163017273,0.11977047473192215,1.0810000896453857,0.31362301111221313,0.09328055381774902,1.0785000324249268,0.4937783181667328,0.365056574344635,1.6519999504089355,0.4855738878250122,0.1730114370584488,0.8725000023841858
0.4365096390247345,-0.1444108635187149,1.2619999647140503,0.474222332239151,-0.1820199191570282,1.3275001049041748,0.39398375153541565,-0.16911813616752625,1.218999981880188,0.44668352603912354,-0.058047063648700714,1.4549999237060547,0.23143547773361206,-0.05066651105880737,1.2699999809265137,0.2985857427120209,0.1127641499042511,1.0810000896453857,0.31009602546691895,0.09204225242137909,1.0845000743865967,0.4875187873840332,0.36503759026527405,1.6765000820159912,0.482746422290802,0.1687702089548111,0.8725000023841858
0.42966315150260925,-0.14555515348911285,1.2719999551773071,0.4661444127559662,-0.18437901139259338,1.3289999961853027,0.38639968633651733,-0.171233668923378,1.2200000286102295,0.4319542646408081,-0.06302104145288467,1.4609999656677246,0.22526197135448456,-0.0486086867749691,1.2699999809265137,0.29333096742630005,0.10750941932201385,1.0810000896453857,0.30771228671073914,0.09414546191692352,1.0885000228881836,0.4759087860584259,0.35976994037628174,1.7030000686645508,0.47567763924598694,0.1687702089548111,0.8725000023841858
0.4193577468395233,-0.1476162225008011,1.2719999551773071,0.4553772509098053,-0.18437901139259338,1.3289999961853027,0.375613272190094,-0.17172491550445557,1.2235000133514404,0.41708895564079285,-0.07278796285390854,1.4670000076293945,0.21291495859622955,-0.05066651105880737,1.2699999809265137,0.29090020060539246,0.10087498277425766,1.0850000381469727,0.31438499689102173,0.10222306847572327,1.0994999408721924,0,0,0,0.46374982595443726,0.1633956879377365,0.8740000128746033
0.40286916494369507,-0.15173834562301636,1.2719999551773071,0.43599632382392883,-0.1886858493089676,1.3289999961853027,0.3627706468105316,-0.17420431971549988,1.2269999980926514,0.39372068643569946,-0.07524184882640839,1.468500018119812,0.20056796073913574,-0.05066651105880737,1.2699999809265137,0.2567557096481323,0.11521553993225098,1.1045000553131104,0.3174605965614319,0.10621915012598038,1.1039999723434448,0.40968215465545654,0.35149168968200684,1.7030000686645508,0.457075834274292,0.15836265683174133,0.8774999976158142
0.38744375109672546,-0.15215587615966797,1.2755000591278076,0.4201304614543915,-0.1904802769422531,1.3264999389648438,0.34870287775993347,-0.17712584137916565,1.2335000038146973,0.38868826627731323,-0.07325932383537292,1.4765000343322754,0.18822094798088074,-0.0486086867749691,1.2699999809265137,0.25718772411346436,0.1134050190448761,1.121999979019165,0.30356162786483765,0.10457219183444977,1.1054999828338623,0.3876066505908966,0.34045398235321045,1.7030000686645508,0.4503338038921356,0.15613926947116852,0.8809999823570251
0.3726545572280884,-0.157024547457695,1.2815001010894775,0.40033283829689026,-0.19241182506084442,1.3250000476837158,0.3332616984844208,-0.18050406873226166,1.2430000305175781,0.3711756765842438,-0.07117888331413269,1.4830000400543213,0.1717582643032074,-0.05478215217590332,1.2699999809265137,0.2990022897720337,0.11158701032400131,1.121999979019165,0.30356162786483765,0.10278090834617615,1.1054999828338623,0,0,0,0.4410908818244934,0.15354523062705994,0.8824999928474426
0.35285094380378723,-0.15953552722930908,1.2850000858306885,0.38144153356552124,-0.19477900862693787,1.3264999389648438,0.3165293335914612,-0.18332575261592865,1.2484999895095825,0.35230788588523865,-0.07606164366006851,1.4844999313354492,0.15735343098640442,-0.05683997645974159,1.2699999809265137,0.2790040075778961,0.10249694436788559,1.121999979019165,0.2910225987434387,0.10457219183444977,1.1054999828338623,0,0,0,0.41939640045166016,0.15111221373081207,0.8849999904632568
0.3114503026008606,-0.16382716596126556,1.2860000133514404,0.3359242081642151,-0.20099958777427673,1.3250000476837158,0.2748146653175354,-0.1878969818353653,1.2519999742507935,0.30753475427627563,-0.0835302323102951,1.4889999628067017,0.1203124150633812,-0.06095561757683754,1.2699999809265137,0.22809934616088867,0.1006789356470108,1.121999979019165,0.24108441174030304,0.09570229053497314,1.1064999103546143,0,0,0,0.3914816677570343,0.13898710906505585,0.8899999856948853
0.2885289490222931,-0.1679946631193161,1.2860000133514404,0.31112921237945557,-0.20237994194030762,1.3200000524520874,0.25493454933166504,-0.19226093590259552,1.253999948501587,0.29152432084083557,-0.08378268033266068,1.493499994277954,0.09973406791687012,-0.05889779329299927,1.2699999809265137,0.1922515332698822,0.09183375537395477,1.125,0.2141907811164856,0.08673780411481857,1.1064999103546143,0.2799883484840393,0.33493512868881226,1.7030000686645508,0.3820793628692627,0.14266832172870636,0.8949999809265137
0.2666402757167816,-0.16864784061908722,1.2910000085830688,0.2886432111263275,-0.2037440836429596,1.315000057220459,0.23073551058769226,-0.19444777071475983,1.2549999952316284,0.26119643449783325,-0.08900831639766693,1.5,0.07915572822093964,-0.05889779329299927,1.2699999809265137,0.17433208227157593,0.09382314234972,1.127000093460083,0.1855042427778244,0.08315200358629227,1.1064999103546143,0.24935570359230042,0.3309033215045929,1.6825000047683716,0.3648500442504883,0.14184926450252533,0.8990000486373901
0.24572166800498962,-0.17283152043819427,1.2910000085830688,0.2673357129096985,-0.20587483048439026,1.315000057220459,0.21132229268550873,-0.1952999234199524,1.2604999542236328,0.242074653506279,-0.09399446099996567,1.5019999742507935,0.06058747321367264,-0.05679522454738617,1.2690000534057617,0.17136134207248688,0.08686414361000061,1.131500005722046,0.18371133506298065,0.09570229053497314,1.1064999103546143,0.25328314304351807,0.33888429403305054,1.7089999914169312,0.3470674455165863,0.14378416538238525,0.9020000100135803
0.23005099594593048,-0.17363476753234863,1.2969999313354492,0.24556046724319458,-0.20548342168331146,1.3125,0.19660696387290955,-0.1969267725944519,1.2709999084472656,0.2257125824689865,-0.08695298433303833,1.506500005722046,0.040088411420583725,-0.06306304782629013,1.2709999084472656,0.16359275579452515,0.09394801408052444,1.128499984741211,0.15143898129463196,0.09211649745702744,1.1064999103546143,0.24027793109416962,0.342852920293808,1.7149999141693115,0.33190351724624634,0.14482030272483826,0.9085000157356262
0.20927694439888,-0.17383559048175812,1.2985000610351562,0.22581638395786285,-0.20705646276474,1.309000015258789,0.17891249060630798,-0.19992557168006897,1.2769999504089355,0.2039460390806198,-0.09436994045972824,1.5080000162124634,0.023631351068615913,-0.061051610857248306,1.2719999551773071,0.14234046638011932,0.09073098003864288,1.1340000629425049,0.13709571957588196,0.09211649745702744,1.1064999103546143,0.2482725828886032,0.3462514877319336,1.7319999933242798,0.3232981860637665,0.1522015780210495,0.9175000190734863
0.19296354055404663,-0.17430414259433746,1.3020000457763672,0.20672713220119476,-0.20705646276474,1.309000015258789,0.1602899134159088,-0.19992557168006897,1.2769999504089355,0.1819547712802887,-0.09192648530006409,1.5080000162124634,0.003020599717274308,-0.06311266869306564,1.2719999551773071,0.13303568959236145,0.09799429774284363,1.1329998970031738,0.12188874930143356,0.09824414551258087,1.1150000095367432,0.24357038736343384,0.36163565516471863,1.7384999990463257,0.3003276586532593,0.15559770166873932,0.9200000166893005
0.17431041598320007,-0.17463882267475128,1.3044999837875366,0.18813958764076233,-0.2076101005077362,1.3125,0.14009007811546326,-0.2006300985813141,1.281499981880188,0.16485044360160828,-0.08459610491991043,1.5080000162124634,-0.015547389164566994,-0.06731408089399338,1.2734999656677246,0.12919273972511292,0.10153138637542725,1.131500005722046,0.09572366625070572,0.10651134699583054,1.1260000467300415,0.24305683374404907,0.3623049855232239,1.7149999141693115,0.27542710304260254,0.16870693862438202,0.9265000224113464
0.1531730443239212,-0.17463882267475128,1.3044999837875366,0.16887053847312927,-0.2053268700838089,1.311500072479248,0.1220650002360344,-0.1996382176876068,1.2885000705718994,0.1529873162508011,-0.08479245007038116,1.5115000009536743,-0.03628188744187355,-0.06129159405827522,1.2769999504089355,0.11819223314523697,0.11986544728279114,1.131500005722046,0.0704922303557396,0.13447324931621552,1.13100004196167,0.4407147765159607,0.3285672068595886,1.684499979019165,0.15188172459602356,0.1850082278251648,0.9330000281333923
0.13414941728115082,-0.172525092959404,1.3044999837875366,0.15186990797519684,-0.2053268700838089,1.311500072479248,0.10339491814374924,-0.19778038561344147,1.2899999618530273,0.1359780877828598,-0.08732815086841583,1.5130000114440918,-0.05712980404496193,-0.061459578573703766,1.2804999351501465,0.10366212576627731,0.12920351326465607,1.1329998970031738,0.04309818148612976,0.15681025385856628,1.133500099182129,0.38066649436950684,0.3504027724266052,1.684499979019165,0.21886417269706726,0.19584697484970093,0.9415000081062317
0.11737434566020966,-0.17272347211837769,1.305999994277954,0.13548630475997925,-0.20626623928546906,1.317500114440918,0.08674018085002899,-0.19793371856212616,1.2910000085830688,0.1212686225771904,-0.08732815086841583,1.5130000114440918,-0.07193353772163391,-0.06169956922531128,1.2855000495910645,0.09464968740940094,0.10000637173652649,1.1349999904632568,-0.000983774778433144,0.17188167572021484,1.1360000371932983,0.23327532410621643,0.3531322479248047,1.684499979019165,0.15276707708835602,0.2131384313106537,0.9574999809265137
