0.0037638763897120953,-0.0503922700881958,1.5850000381469727,0.03245890513062477,-0.07713045924901962,1.6069999933242798,-0.02596258744597435,-0.08286085724830627,1.5210000276565552,0.0325859971344471,0.04370685666799545,1.753999948501587,-0.14506670832633972,0.045547571033239365,1.5295000076293945,0.03171282634139061,0.2001923769712448,1.7070000171661377,-0.1719902604818344,0.11399514228105545,1.3179999589920044,0.12084455788135529,0.4854234755039215,2.447999954223633,-0.1653164178133011,0.05911212041974068,0.9760000109672546
0.0037591268774122,-0.050328679382801056,1.5829999446868896,0.03494279459118843,-0.07686647772789001,1.6015000343322754,-0.02593698352575302,-0.08277913928031921,1.5195000171661377,0.0325859971344471,0.04370685666799545,1.753999948501587,-0.1447821706533432,0.04545823112130165,1.5264999866485596,0.02618098072707653,0.19189466536045074,1.7070000171661377,-0.17592714726924896,0.11377891898155212,1.315500020980835,0.133991539478302,0.4539497494697571,2.4710001945495605,-0.1653164178133011,0.05911212041974068,0.9760000109672546
0.003750815521925688,-0.050217404961586,1.5794999599456787,0.03482278808951378,-0.07401643693447113,1.5959999561309814,-0.02585163712501526,-0.08005274832248688,1.5145000219345093,0.02971000224351883,0.04365701973438263,1.7519999742507935,-0.1424485594034195,0.04550290107727051,1.527999997138977,0.03171282634139061,0.1863628476858139,1.7070000171661377,-0.17412586510181427,0.11826633661985397,1.3179999589920044,0.16653865575790405,0.4865460693836212,2.671999931335449,-0.1627350151538849,0.06091121584177017,0.9795000553131104
0.0037472534459084272,-0.04761283099651337,1.5779999494552612,0.03740885481238365,-0.07401643693447113,1.5959999561309814,-0.023343557491898537,-0.07986775040626526,1.5110000371932983,0.03803015127778053,0.040608517825603485,1.7430000305175781,-0.1447821706533432,0.04545823112130165,1.5264999866485596,0.04054969921708107,0.18887388706207275,1.7300000190734863,-0.17359739542007446,0.1200365200638771,1.313999891281128,0.20996545255184174,0.5148013234138489,2.7300000190734863,-0.16381493210792542,0.06291306763887405,0.9860000014305115
0.006284177768975496,-0.047461967915296555,1.5729999542236328,0.03736197575926781,-0.07392369210720062,1.593999981880188,-0.023343557491898537,-0.07986775040626526,1.5110000371932983,0.040690332651138306,0.04044542834162712,1.7359999418258667,-0.14216889441013336,0.045413561165332794,1.524999976158142,0.05027523264288902,0.19682908058166504,1.7764999866485596,-0.17425546050071716,0.1169203668832779,1.3029999732971191,0.23966874182224274,0.5306495428085327,2.7664999961853027,-0.16760306060314178,0.06313638389110565,0.9894999861717224
0.008832976222038269,-0.047461967915296555,1.5729999542236328,0.03989468514919281,-0.07383093982934952,1.5920000076293945,-0.020874477922916412,-0.07734257727861404,1.5095000267028809,0.04350324720144272,0.04044542834162712,1.7359999418258667,-0.13951465487480164,0.0478217713534832,1.5230000019073486,0.057104695588350296,0.2035297304391861,1.810499906539917,-0.17285126447677612,0.1159781888127327,1.2925000190734863,0.25759944319725037,0.5261668562889099,2.7664999961853027,-0.1713275909423828,0.0617196299135685,0.9925000071525574
0.011381774209439754,-0.047461967915296555,1.5729999542236328,0.04247426986694336,-0.07383093982934952,1.5920000076293945,-0.015935018658638,-0.07711200416088104,1.5049999952316284,0.04350324720144272,0.04325832426548004,1.7359999418258667,-0.13951465487480164,0.05275730416178703,1.5230000019073486,0.06020413339138031,0.20409183204174042,1.815500020980835,-0.1707569658756256,0.12226102501153946,1.2925000190734863,0.27020180225372314,0.5159915685653687,2.7129998207092285,-0.16997592151165009,0.06986596435308456,0.9940000176429749
0.01645841635763645,-0.044856078922748566,1.5709999799728394,0.044954802840948105,-0.07366862148046494,1.5885000228881836,-0.013469499535858631,-0.07695829123258591,1.5019999742507935,0.04631616175174713,0.04325832426548004,1.7359999418258667,-0.13933144509792328,0.05515254661440849,1.5210000276565552,0.06965669244527817,0.20891514420509338,1.8320000171661377,-0.1729849874973297,0.13283510506153107,1.2934999465942383,0.29218173027038574,0.5159915685653687,2.7129998207092285,-0.16725794970989227,0.07815417647361755,0.996999979019165
0.02406441606581211,-0.04479897394776344,1.569000005722046,0.04983453080058098,-0.07327441871166229,1.5799999237060547,-0.008601991459727287,-0.07452455163002014,1.5019999742507935,0.049129072576761246,0.04325832426548004,1.7359999418258667,-0.13673192262649536,0.05509815365076065,1.5195000171661377,0.0792696624994278,0.20780156552791595,1.8485000133514404,-0.1731187254190445,0.1413278877735138,1.2944999933242798,0.30976569652557373,0.5159915685653687,2.7129998207092285,-0.16614089906215668,0.08487067371606827,1.0
0.029149049893021584,-0.0422566756606102,1.569000005722046,0.05744214728474617,-0.07062479108572006,1.5779999494552612,-0.0013007302768528461,-0.07209081947803497,1.5019999742507935,0.049072474241256714,0.04320848733186722,1.7339999675750732,-0.13413727283477783,0.05750342831015587,1.5180000066757202,0.0792696624994278,0.20780156552791595,1.8485000133514404,-0.17941132187843323,0.1539130061864853,1.2944999933242798,0.3241521716117859,0.5065984725952148,2.686500072479248,-0.16843226552009583,0.08683696389198303,1.003999948501587
0.041860632598400116,-0.039714373648166656,1.569000005722046,0.06540168821811676,-0.06836985051631927,1.5850000381469727,0.008451131172478199,-0.06979620456695557,1.5049999952316284,0.05750149488449097,0.04320848733186722,1.7339999675750732,-0.13356290757656097,0.06950286030769348,1.5115000009536743,0.0792696624994278,0.21079674363136292,1.8485000133514404,-0.18693099915981293,0.1719898134469986,1.2885000705718994,0.33526575565338135,0.5036755800247192,2.6710000038146973,-0.1692710965871811,0.09707891941070557,1.0090000629425049
0.05202990025281906,-0.03717207536101341,1.569000005722046,0.07567466050386429,-0.06580162793397903,1.5850000381469727,0.018205590546131134,-0.06491900980472565,1.5049999952316284,0.05750149488449097,0.048827797174453735,1.7339999675750732,-0.12811130285263062,0.06676537543535233,1.5049999952316284,0.0792696624994278,0.21079674363136292,1.8485000133514404,-0.19095830619335175,0.1843733936548233,1.287500023841858,0.341990202665329,0.4965434670448303,2.6560001373291016,-0.17141416668891907,0.10064711421728134,1.0120000839233398
0.06474148482084274,-0.03208747133612633,1.569000005722046,0.08812494575977325,-0.0629541352391243,1.5779999494552612,0.030368365347385406,-0.0624181367456913,1.503499984741211,0.06593051552772522,0.05163745582103729,1.7339999675750732,-0.1134796142578125,0.06676537543535233,1.5049999952316284,0.09149729460477829,0.21737349033355713,1.8534998893737793,-0.1930444836616516,0.2031489759683609,1.287500023841858,0.3635083734989166,0.4965434670448303,2.6560001373291016,-0.16888222098350525,0.1043887808918953,1.0164999961853027
0.07991890609264374,-0.02697705291211605,1.5674999952316284,0.1031385064125061,-0.05765709653496742,1.5729999542236328,0.04498547315597534,-0.05510962754487991,1.503499984741211,0.07997887581586838,0.05444711074233055,1.7339999675750732,-0.1010846272110939,0.07149975746870041,1.5019999742507935,0.10064277052879333,0.21465934813022614,1.8559999465942383,-0.1993030607700348,0.2281831055879593,1.287500023841858,0.38215628266334534,0.494093120098114,2.6659998893737793,-0.15962542593479156,0.11472085118293762,1.0204999446868896
0.12321477383375168,-0.01683366671204567,1.569000005722046,0.144376739859581,-0.04761283099651337,1.5779999494552612,0.08657300472259521,-0.04545547068119049,1.506500005722046,0.11369495838880539,0.07411470264196396,1.7339999675750732,-0.062144577503204346,0.0934034064412117,1.5019999742507935,0.13106848299503326,0.22126853466033936,1.8610000610351562,-0.21071141958236694,0.2606849670410156,1.2934999465942383,0.41239508986473083,0.4768139123916626,2.6659998893737793,-0.1387382596731186,0.13349595665931702,1.024999976158142
0.1460956186056137,-0.01174906361848116,1.569000005722046,0.16813138127326965,-0.040119364857673645,1.5850000381469727,0.11135181039571762,-0.04070807248353958,1.5115000009536743,0.1249336451292038,0.085353322327137,1.7339999675750732,-0.04997580498456955,0.10557210445404053,1.5019999742507935,0.15602605044841766,0.22245749831199646,1.871000051498413,-0.20707838237285614,0.2613903284072876,1.2969999313354492,0.43921834230422974,0.47779759764671326,2.6714999675750732,-0.12082148343324661,0.14554660022258759,1.027999997138977
0.17914573848247528,-0.0015798605745658278,1.569000005722046,0.19656787812709808,-0.035016018897295,1.5864999294281006,0.14106746017932892,-0.030983123928308487,1.5149999856948853,0.1358582228422165,0.09636912494897842,1.7300000190734863,-0.023204514756798744,0.11287331581115723,1.5019999742507935,0.17918971180915833,0.2279597520828247,1.8914999961853027,-0.20232777297496796,0.2585890591144562,1.2934999465942383,0.47127705812454224,0.47524115443229675,2.68149995803833,-0.09936016798019409,0.15417446196079254,1.0299999713897705
0.21219584345817566,0.008589343167841434,1.569000005722046,0.22590824961662292,-0.022267509251832962,1.5940001010894775,0.17298011481761932,-0.021163910627365112,1.5149999856948853,0.15250086784362793,0.10185758024454117,1.7279999256134033,0.003558465978130698,0.12232256680727005,1.4984999895095825,0.200643852353096,0.22489489614963531,1.8914999961853027,-0.17857976257801056,0.24923832714557648,1.2885000705718994,0.5052400827407837,0.4868766963481903,2.7725000381469727,-0.07853090763092041,0.1677088737487793,1.0414999723434448
0.24501152336597443,0.018740613013505936,1.5674999952316284,0.4038875699043274,-0.02282610535621643,2.50600004196167,0.20686854422092438,-0.011318489909172058,1.5115000009536743,0.18282298743724823,0.10717761516571045,1.7235000133514404,0.0205550454556942,0.11989449709653854,1.4984999895095825,0.21290335059165955,0.2310246080160141,1.8914999961853027,-0.17055879533290863,0.23717081546783447,1.2910000085830688,0.5448321104049683,0.5073196887969971,2.862499952316284,-0.04531661793589592,0.18338434398174286,1.0540000200271606
0.2782960832118988,0.021300848573446274,1.569000005722046,0.6339251399040222,-0.025819484144449234,3.447999954223633,0.23791782557964325,-0.008840018883347511,1.506500005722046,0.20516426861286163,0.0987996906042099,1.7235000133514404,0.05691925063729286,0.11734884977340698,1.496999979019165,0.24112297594547272,0.2285623550415039,1.8965001106262207,-0.146977499127388,0.22274111211299896,1.3044999837875366,0.5680232644081116,0.5212343335151672,2.862499952316284,-0.018827570602297783,0.21335650980472565,1.1030000448226929
