0.12729594111442566,-0.055764712393283844,1.0550000667572021,0.15801876783370972,-0.08842135220766068,1.0779999494552612,0.09495098888874054,-0.08323408663272858,1.05649995803833,0.3089843690395355,0.033255841583013535,1.180999994277954,0.023854367434978485,0.05430557578802109,1.180999994277954,0.3612799048423767,0.24299024045467377,1.2355000972747803,-0.062278300523757935,0.2262820303440094,1.0239999294281006,0.21113577485084534,0.3284081220626831,1.1689999103546143,-0.03736032545566559,0.07370012998580933,0.23399999737739563
0.13926218450069427,-0.055764712393283844,1.0550000667572021,0.17016690969467163,-0.09187215566635132,1.0774999856948853,0.1085432916879654,-0.08828608691692352,1.0555000305175781,0.3125467300415039,0.031315695494413376,1.1800000667572021,0.029770655557513237,0.05655240640044212,1.187999963760376,0.36328184604644775,0.24299024045467377,1.2355000972747803,-0.05027263984084129,0.22192500531673431,1.0504999160766602,0.22060668468475342,0.3208314776420593,1.1689999103546143,-0.025227205827832222,0.06915023922920227,0.23399999737739563
0.1546473354101181,-0.05918361619114876,1.0550000667572021,0.18588018417358398,-0.09187215566635132,1.0774999856948853,0.12234124541282654,-0.0900816097855568,1.05649995803833,0.3172038197517395,0.033115047961473465,1.1759999990463257,0.029971132054924965,0.06274698674678802,1.1959999799728394,0.3695865273475647,0.23316918313503265,1.2365000247955322,-0.04285503551363945,0.22598785161972046,1.0779999494552612,0.23066803812980652,0.3216548264026642,1.1719999313354492,-0.017681706696748734,0.06283853203058243,0.234499990940094
0.16848254203796387,-0.06095077842473984,1.055999994277954,0.19837738573551178,-0.09374839812517166,1.0789999961853027,0.13584324717521667,-0.09337262064218521,1.0550000667572021,0.3204689025878906,0.034961000084877014,1.1740000247955322,0.03778592869639397,0.060910750180482864,1.1979999542236328,0.376463919878006,0.23697955906391144,1.246000051498413,-0.03808590769767761,0.21820640563964844,1.0915000438690186,0.2390774041414261,0.3227526545524597,1.1759999990463257,-0.030044803395867348,0.14899051189422607,0.5879999995231628
0.18225745856761932,-0.06269151717424393,1.05649995803833,0.21275784075260162,-0.09392217546701431,1.0810000896453857,0.1490229070186615,-0.09135907888412476,1.0515000820159912,0.3280780613422394,0.03876553848385811,1.1740000247955322,0.041859567165374756,0.05924033001065254,1.2035000324249268,0.3882649540901184,0.23802560567855835,1.2515000104904175,-0.030153801664710045,0.21588505804538727,1.125499963760376,0.24666738510131836,0.3156221807003021,1.184999942779541,-0.016540268436074257,0.2502405345439911,0.968999981880188
0.19414876401424408,-0.06266184896230698,1.055999994277954,0.2232673615217209,-0.09392217546701431,1.0810000896453857,0.16218915581703186,-0.09109842777252197,1.0485000610351562,0.3315999209880829,0.03493122383952141,1.1730000972747803,0.04583577811717987,0.06129208207130432,1.2055000066757202,0.39891016483306885,0.24158796668052673,1.2595000267028809,-0.018129494041204453,0.21178185939788818,1.1735000610351562,0.2543448805809021,0.32382336258888245,1.194000005722046,0.011021168902516365,0.25292453169822693,1.0520000457763672
0.20793582499027252,-0.06097963824868202,1.05649995803833,0.23377689719200134,-0.09392217546701431,1.0810000896453857,0.17399862408638,-0.08935686200857162,1.0479999780654907,0.3386242091655731,0.036769069731235504,1.1710000038146973,0.05184583365917206,0.06147003546357155,1.2089999914169312,0.409114271402359,0.24566957354545593,1.2595000267028809,0.0028828680515289307,0.20728838443756104,1.2139999866485596,0.26014894247055054,0.32769274711608887,1.194000005722046,0.043668508529663086,0.2705424427986145,1.1484999656677246
0.22002315521240234,-0.061008501797914505,1.0570000410079956,0.24546903371810913,-0.0937049612402916,1.0785000324249268,0.18570809066295624,-0.09096808731555939,1.0469999313354492,0.34911203384399414,0.03856741636991501,1.1679999828338623,0.06164080277085304,0.057552073150873184,1.2089999914169312,0.4278053641319275,0.24908709526062012,1.2664999961853027,0.019171778112649918,0.19925743341445923,1.25,0.265953004360199,0.32769274711608887,1.194000005722046,0.06428366154432297,0.2660757005214691,1.222000002861023
0.23372475802898407,-0.06272119283676147,1.0570000410079956,0.2577017843723297,-0.09545248746871948,1.0785000324249268,0.19720616936683655,-0.09079433232545853,1.0450000762939453,0.3579608201980591,0.04039068520069122,1.1660000085830688,0.0733947604894638,0.055593091994524,1.2089999914169312,0.4425508677959442,0.2504638135433197,1.2734999656677246,0.03618175536394119,0.19758573174476624,1.2785000801086426,0.27756115794181824,0.3315620720386505,1.194000005722046,0.08800110965967178,0.270038902759552,1.249500036239624
0.24913908541202545,-0.06272119283676147,1.0570000410079956,0.27406346797943115,-0.09567375481128693,1.0810000896453857,0.2121405154466629,-0.09066399186849594,1.0434999465942383,0.3719555139541626,0.04026944562792778,1.162500023841858,0.0871797725558281,0.0536784753203392,1.2100000381469727,0.45080485939979553,0.2504638135433197,1.2734999656677246,0.053786180913448334,0.20144933462142944,1.3034999370574951,0.3039797246456146,0.3310077488422394,1.1990000009536743,0.11837036907672882,0.27611270546913147,1.249500036239624
0.2682323157787323,-0.06278053671121597,1.058000087738037,0.292253702878952,-0.09589500725269318,1.0835000276565552,0.2306290566921234,-0.09062055498361588,1.0429999828338623,0.3811144530773163,0.041917383670806885,1.156000018119812,0.10107085108757019,0.05376719683408737,1.2120000123977661,0.4674414396286011,0.24749740958213806,1.2795000076293945,0.06724914908409119,0.2059820145368576,1.319000005722046,0.3264358639717102,0.33990907669067383,1.2030000686645508,0.1426657736301422,0.2862357497215271,1.249500036239624
0.28604987263679504,-0.06292887777090073,1.0605000257492065,0.31123974919319153,-0.09633753448724747,1.0885000228881836,0.24752922356128693,-0.08893053978681564,1.0429999828338623,0.3932031989097595,0.0418086014688015,1.152999997138977,0.11285397410392761,0.051803357899188995,1.2120000123977661,0.48213112354278564,0.24449214339256287,1.2855000495910645,0.07637273520231247,0.20969706773757935,1.3289999961853027,0.3537256419658661,0.33795982599258423,1.2030000686645508,0.15683810412883759,0.28016194701194763,1.249500036239624
0.30710411071777344,-0.06301788985729218,1.062000036239624,0.33347347378730774,-0.09487789869308472,1.0920000076293945,0.26611942052841187,-0.08893053978681564,1.0429999828338623,0.41188570857048035,0.043676845729351044,1.152999997138977,0.13630767166614532,0.05372283235192299,1.2109999656677246,0.49853983521461487,0.23713134229183197,1.2795000076293945,0.09006601572036743,0.21585574746131897,1.3405001163482666,0.3824406564235687,0.3392239809036255,1.2074999809265137,0.17303504049777985,0.2862357497215271,1.249500036239624
0.32993990182876587,-0.059660449624061584,1.0635000467300415,0.3519454598426819,-0.0923837423324585,1.0835000276565552,0.2897796332836151,-0.08555053174495697,1.0429999828338623,0.43056827783584595,0.04928157478570938,1.152999997138977,0.15250764787197113,0.05390028655529022,1.215000033378601,0.518950343132019,0.23680339753627777,1.2890000343322754,0.10340606421232224,0.2273925244808197,1.3445000648498535,0.41237810254096985,0.3393622934818268,1.215000033378601,0.1868845671415329,0.28668397665023804,1.2339999675750732
0.351937472820282,-0.059884846210479736,1.067500114440918,0.7344915270805359,-0.17417696118354797,2.123500108718872,0.3117498755455017,-0.08386053144931793,1.0429999828338623,0.4473825693130493,0.05301805958151817,1.152999997138977,0.17584228515625,0.057742487639188766,1.2130000591278076,0.5335707068443298,0.23262616991996765,1.2890000343322754,0.12105914205312729,0.23218050599098206,1.347000002861023,0.44663703441619873,0.3529421091079712,1.2279999256134033,0.19689276814460754,0.28883129358291626,1.2095000743865967
0.379968523979187,-0.056478288024663925,1.06850004196167,0.782109797000885,-0.17405392229557037,2.121999979019165,0.3371001183986664,-0.0821705162525177,1.0429999828338623,0.4698016345500946,0.047413330525159836,1.152999997138977,0.20419718325138092,0.0579804964363575,1.2179999351501465,0.562751293182373,0.2385486513376236,1.2985000610351562,0.14288516342639923,0.23872826993465424,1.347000002861023,0.48288601636886597,0.3576844334602356,1.244499921798706,0.21178174018859863,0.29286855459213257,1.194000005722046
0.40688836574554443,-0.05487506091594696,1.071000099182129,1.197245717048645,-0.24603377282619476,3.059999942779541,0.3626241385936737,-0.08051909506320953,1.0434999465942383,0.49264761805534363,0.05867363139986992,1.1540000438690186,0.21550653874874115,0.05783769115805626,1.215000033378601,0.5832553505897522,0.23919163644313812,1.3020000457763672,0.16004836559295654,0.24482081830501556,1.3445000648498535,0.5150324702262878,0.3659319579601288,1.2590000629425049,0.23016074299812317,0.3032015860080719,1.1890000104904175
0.4339296817779541,-0.055003151297569275,1.0735000371932983,1.266661286354065,-0.2410755306482315,3.059999942779541,0.3902375400066376,-0.08063484728336334,1.0450000762939453,0.5175409913063049,0.06271082162857056,1.159500002861023,0.24366870522499084,0.06587475538253784,1.2179999351501465,0.6000900268554688,0.2442522495985031,1.30649995803833,0.18401242792606354,0.2469993680715561,1.3445000648498535,0.5606889724731445,0.37118691205978394,1.2699999809265137,0.24666738510131836,0.3156221807003021,1.184999942779541
0.46412643790245056,-0.053536612540483475,1.0789999961853027,1.3509514331817627,-0.23611733317375183,3.059999942779541,0.41663071513175964,-0.0808277502655983,1.0475000143051147,0.5402964353561401,0.06672634184360504,1.1640000343322754,0.2673516273498535,0.0678483173251152,1.2179999351501465,0.6269620656967163,0.26448655128479004,1.3229999542236328,0.20797646045684814,0.25571349263191223,1.3445000648498535,0.5869996547698975,0.3859498202800751,1.277999997138977,0.26665863394737244,0.33532240986824036,1.1800000667572021
0.892985999584198,-0.09397724270820618,1.9579999446868896,1.3370574712753296,-0.22149503231048584,2.870500087738037,0.4454849660396576,-0.07743314653635025,1.0475000143051147,0.5676752328872681,0.06495168060064316,1.1660000085830688,0.29622387886047363,0.06571250408887863,1.215000033378601,0.6639261841773987,0.2586198151111603,1.3370000123977661,0.23585821688175201,0.25523799657821655,1.3420000076293945,0.6360219120979309,0.38806381821632385,1.2850000858306885,0.28408336639404297,0.35614094138145447,1.1729999780654907
