0.4105849862098694,-0.4929838180541992,2.8010001182556152,0,0,0,0.1864321082830429,-0.26495611667633057,1.378499984741211,0.06113652512431145,-0.10918077826499939,1.2804999351501465,0.022832492366433144,-0.08487580716609955,1.2289999723434448,0,0,0,-0.004043279681354761,0.05534287542104721,0.7059999704360962,0,0,0,0,0,0
0.29095959663391113,-0.3480275273323059,2.052999973297119,0,0,0,0.17530860006809235,-0.252864271402359,1.3615000247955322,0.06113652512431145,-0.10088144242763519,1.2804999351501465,0.010844237171113491,-0.08059683442115784,1.2244999408721924,0.0753641426563263,0.07080021500587463,1.3494999408721924,-0.013194971717894077,0.04047147184610367,0.7059999704360962,0.23704703152179718,0.2469860166311264,2.1059999465942383,-0.008009861223399639,0.07278513163328171,0.7565000057220459
0.18799124658107758,-0.21252857148647308,1.3575000762939453,0,0,0,0.16100066900253296,-0.23585225641727448,1.3524999618530273,0.06355693191289902,-0.09934675693511963,1.287500023841858,0.002907802117988467,-0.0746445432305336,1.2244999408721924,0.078910231590271,0.0743936225771904,1.3355000019073486,-0.021202702075242996,0.048479147255420685,0.7059999704360962,0.268098920583725,0.2784459888935089,2.192500114440918,-0.026361797004938126,0.08493052423000336,0.7554999589920044
0.17681674659252167,-0.2010287493467331,1.3394999504089355,0.1679968535900116,-0.22469179332256317,1.2885000705718994,0.14686773717403412,-0.22122129797935486,1.3434998989105225,0.06368034332990646,-0.09744942933320999,1.2899999618530273,-0.0010604155249893665,-0.06869225949048996,1.2244999408721924,0.08540213108062744,0.08088548481464386,1.3355000019073486,-0.04179400950670242,0.07364614307880402,0.7059999704360962,0.3406222462654114,0.3444850444793701,2.612499952316284,-0.01901678927242756,0.10818958282470703,0.7554999589920044
0.16687975823879242,-0.19091106951236725,1.3294999599456787,0.16267481446266174,-0.21969980001449585,1.2960000038146973,0.13708023726940155,-0.2130126655101776,1.3329999446868896,0.07257184386253357,-0.09185022115707397,1.2994999885559082,-0.0030445242300629616,-0.05480358004570007,1.2244999408721924,0.08540213108062744,0.08521338552236557,1.3355000019073486,-0.054531630128622055,0.09909306466579437,0.7080000042915344,0.35570278763771057,0.35532546043395996,2.6619999408721924,-0.014120114967226982,0.11798286437988281,0.7554999589920044
0.15902942419052124,-0.17858172953128815,1.3179999589920044,0.16267481446266174,-0.20710009336471558,1.2960000038146973,0.12519122660160065,-0.20046864449977875,1.3215000629425049,0.08520565181970596,-0.08553335070610046,1.2994999885559082,-0.011003379710018635,-0.044974736869335175,1.2269999980926514,0.08756610751152039,0.09819710999727249,1.3355000019073486,-0.06366660445928574,0.1136845275759697,0.7204999923706055,0.3756181597709656,0.3708939254283905,2.680999994277954,-0.011679503135383129,0.13153564929962158,0.7560000419616699
0.15346659719944,-0.17073795199394226,1.306999921798706,0.1584748774766922,-0.20290020108222961,1.2960000038146973,0.11800345033407211,-0.1906692087650299,1.312999963760376,0.0959697961807251,-0.07472281903028488,1.3320000171661377,-0.009037261828780174,-0.03511965647339821,1.2300000190734863,0.09658221900463104,0.0985647588968277,1.3405001163482666,-0.08694438636302948,0.1474795639514923,0.871999979019165,0.4339652955532074,0.4239513874053955,2.9605000019073486,-0.005554609932005405,0.14378535747528076,0.7560000419616699
0.150248721241951,-0.16108742356300354,1.2975000143051147,0.15920856595039368,-0.19751054048538208,1.3020000457763672,0.11732941120862961,-0.18111874163150787,1.3055000305175781,0.11582902073860168,-0.07422610372304916,1.3624999523162842,-0.007081466726958752,-0.02128046378493309,1.2365000247955322,0.10566314309835434,0.1054728627204895,1.3454999923706055,-0.10058773308992386,0.1751023530960083,1.0255000591278076,0.4657048285007477,0.4504835605621338,3.0425000190734863,0.005488287191838026,0.1602381020784378,0.7584999799728394
0.14966973662376404,-0.15208955109119415,1.2925000190734863,0.16131824254989624,-0.19118152558803558,1.3020000457763672,0.11244895309209824,-0.17376863956451416,1.2979999780654907,0.12970757484436035,-0.06911631673574448,1.3930000066757202,-0.009099714457988739,-0.017301322892308235,1.2384999990463257,0.11266231536865234,0.11684935539960861,1.3510000705718994,-0.09930358827114105,0.18216641247272491,1.0469999313354492,0.4903542995452881,0.47513288259506226,3.0425000190734863,0.01187883410602808,0.17993253469467163,0.7745000123977661
0.14938022196292877,-0.14552468061447144,1.2899999618530273,0.16280032694339752,-0.1862441897392273,1.2969999313354492,0.11162594705820084,-0.16832125186920166,1.2885000705718994,0.15151377022266388,-0.07196928560733795,1.4505000114440918,-0.011164798401296139,-0.005288244690746069,1.2450000047683716,0.12141864001750946,0.11247122287750244,1.3510000705718994,-0.10012443363666534,0.19194090366363525,1.0929999351501465,0.505143940448761,0.4899224638938904,3.0425000190734863,0.01922008767724037,0.20644718408584595,0.8199999928474426
0.1488591432571411,-0.1366852968931198,1.2855000495910645,0.16578026115894318,-0.17653532326221466,1.287500023841858,0.10826294869184494,-0.1601712703704834,1.2734999656677246,0.18225833773612976,-0.07153885811567307,1.4904999732971191,-0.017230605706572533,0.0007643088465556502,1.246000051498413,0.14195603132247925,0.11754126846790314,1.3589999675750732,-0.09511042386293411,0.198173388838768,1.1389999389648438,0.514600396156311,0.5091909766197205,3.069499969482422,0.024748489260673523,0.22867026925086975,0.874500036239624
0.15147754549980164,-0.12911739945411682,1.2725000381469727,0.16949065029621124,-0.17189441621303558,1.284000039100647,0.10924354195594788,-0.15451261401176453,1.2609999179840088,0.20070083439350128,-0.06722334027290344,1.5019999742507935,-0.01730666309595108,0.0027955281548202038,1.2515000104904175,0.16254818439483643,0.11146577447652817,1.3654999732971191,-0.08920026570558548,0.20391206443309784,1.183000087738037,0.534494936466217,0.5340590476989746,3.069499969482422,0.030392225831747055,0.24707788228988647,0.9164999723434448
0.15215182304382324,-0.12386404722929001,1.2609999179840088,0.17365166544914246,-0.16565288603305817,1.284000039100647,0.1126110702753067,-0.14947181940078735,1.253000020980835,0.21286961436271667,-0.05748838186264038,1.5019999742507935,-0.015333742834627628,0.006875853985548019,1.25600004196167,0.190414696931839,0.11224126070737839,1.375,-0.07769907265901566,0.20391206443309784,1.183000087738037,0.5406109690666199,0.5800471901893616,3.0759999752044678,0.03971553593873978,0.2657172381877899,0.9624999761581421
0.1535225361585617,-0.11722081899642944,1.2554999589920044,0.1774665117263794,-0.1591009944677353,1.2815001010894775,0.11784932017326355,-0.14235112071037292,1.24399995803833,0.2299058735370636,-0.055054645985364914,1.5019999742507935,-0.015352054499089718,0.015034334734082222,1.2574999332427979,0.21789222955703735,0.12734469771385193,1.3940000534057617,-0.0714830532670021,0.2160072773694992,1.2415000200271606,0.5605476498603821,0.6099520325660706,3.0759999752044678,0.05231055989861488,0.2865726053714752,1.0260000228881836
0.15683810412883759,-0.11058681458234787,1.249500036239624,0.18126514554023743,-0.1525733917951584,1.2790000438690186,0.11890148371458054,-0.13720783591270447,1.2339999675750732,0.24694214761257172,-0.047753430902957916,1.5019999742507935,-0.011276894249022007,0.019109468907117844,1.2574999332427979,0.25027137994766235,0.142615407705307,1.4110000133514404,-0.06599126756191254,0.2267993837594986,1.2915000915527344,0.5804843306541443,0.6647776365280151,3.0759999752044678,0.060201965272426605,0.2993500232696533,1.0780000686645508
0.16245563328266144,-0.10623917728662491,1.246000051498413,0.187335804104805,-0.14624173939228058,1.277999997138977,0.12250211089849472,-0.12879104912281036,1.2300000190734863,0.26884594559669495,-0.030717261135578156,1.5019999742507935,-0.01131724938750267,0.02735729143023491,1.2619999647140503,0.279084712266922,0.15710870921611786,1.4179999828338623,-0.05900364741683006,0.2386719137430191,1.3224999904632568,0.5865324139595032,0.69411301612854,3.0299999713897705,0.07046106457710266,0.3175923526287079,1.130500078201294
0.16776859760284424,-0.10175018012523651,1.2404999732971191,0.19271524250507355,-0.14148864150047302,1.2725000381469727,0.1262824833393097,-0.12858164310455322,1.2280000448226929,0.2816556990146637,-0.018431250005960464,1.4925000667572021,-0.0031539234332740307,0.02955358661711216,1.2684999704360962,0.3144468665122986,0.18130642175674438,1.465000033378601,-0.05815059319138527,0.24189452826976776,1.3524999618530273,0.60126131772995,0.723570704460144,3.0299999713897705,0.07696104049682617,0.33615022897720337,1.2035000324249268
0.16888904571533203,-0.09521855413913727,1.2339999675750732,0.19591088593006134,-0.13466504216194153,1.2664999961853027,0.13198259472846985,-0.12434843927621841,1.2255001068115234,0.2971706986427307,-0.006258818320930004,1.4735000133514404,0.007151172962039709,0.027606584131717682,1.2734999656677246,0.34910598397254944,0.21562983095645905,1.5230000019073486,-0.05959092080593109,0.24788600206375122,1.3859999179840088,0.5849364399909973,0.7578765153884888,2.9720001220703125,0.08102171123027802,0.3538864254951477,1.2669999599456787
0.17396633327007294,-0.09073907881975174,1.2274999618530273,0.203877791762352,-0.13040611147880554,1.2649999856948853,0.1374332457780838,-0.11993497610092163,1.2209999561309814,0.3085365891456604,0.005625021178275347,1.4595000743865967,0.013415023684501648,0.03190799802541733,1.2804999351501465,0.3749731183052063,0.23519805073738098,1.5379999876022339,-0.055536627769470215,0.25438055396080017,1.3969999551773071,0.5787388682365417,0.7768035531044006,2.9165000915527344,0.0875464379787445,0.36394160985946655,1.3029999732971191
0.179127037525177,-0.08835247159004211,1.222000002861023,0.21190905570983887,-0.12825492024421692,1.2639999389648438,0.14289888739585876,-0.11954206973314285,1.2170000076293945,0.3250998854637146,0.012628136202692986,1.4490000009536743,0.02183312177658081,0.034168604761362076,1.287500023841858,0.39241769909858704,0.24267426133155823,1.5379999876022339,-0.04681488871574402,0.25392165780067444,1.4070000648498535,0.44192466139793396,0.6098383069038391,2.2090001106262207,0.08852068334817886,0.3701264262199402,1.317500114440918
