0.2904846668243408,-0.2184777855873108,1.3954999446868896,0.3132109045982361,-0.2439398616552353,1.3860000371932983,0.2505751848220825,-0.23597398400306702,1.316499948501587,0.27406591176986694,-0.1841634213924408,1.3924999237060547,0.09307382255792618,-0.17853406071662903,1.4195001125335693,0.29230597615242004,-0.0526597760617733,1.5759999752044678,0.0011266116052865982,0.027535751461982727,1.493499994277954,0.7319796085357666,0.10772791504859924,3.262500047683716,0.20190881192684174,0.05286811664700508,1.4579999446868896
0.2873973250389099,-0.21334218978881836,1.3914999961853027,0.3177025020122528,-0.2439398616552353,1.3860000371932983,0.24602821469306946,-0.23144367337226868,1.315000057220459,0.28768113255500793,-0.19251102209091187,1.437999963760376,0.09051795303821564,-0.17803096771240234,1.4155000448226929,0.2952338457107544,-0.05016971752047539,1.5780000686645508,0.0011266116052865982,0.02995571680366993,1.493499994277954,0.7286141514778137,0.10723260790109634,3.247499942779541,0.20149338245391846,0.0551169253885746,1.4550000429153442
0.29075297713279724,-0.20800736546516418,1.3860000371932983,0.31545671820640564,-0.23944829404354095,1.3860000371932983,0.2500993609428406,-0.23126766085624695,1.3140000104904175,0.2965836226940155,-0.19366413354873657,1.4824999570846558,0.09281154721975327,-0.1757373809814453,1.4155000448226929,0.3010137975215912,-0.045155882835388184,1.5815000534057617,0.0011266116052865982,0.03237568587064743,1.493499994277954,0.7338761687278748,0.11249464005231857,3.247499942779541,0.19851990044116974,0.05964704230427742,1.4505000114440918
0.29075297713279724,-0.2057615965604782,1.3860000371932983,0.3177025020122528,-0.23720252513885498,1.3860000371932983,0.2492428421974182,-0.2241101711988449,1.309499979019165,0.30029669404029846,-0.1945132613182068,1.4889999628067017,0.09261484444141388,-0.1707874834537506,1.412500023841858,0.30206063389778137,-0.042741455137729645,1.5870000123977661,0.0011266116052865982,0.034795649349689484,1.493499994277954,0.7223511338233948,0.11072798818349838,3.196500062942505,0.19983159005641937,0.06635305285453796,1.443000078201294
0.29268166422843933,-0.2010522037744522,1.3845000267028809,0.3177025020122528,-0.23271094262599945,1.3860000371932983,0.25164756178855896,-0.2203778773546219,1.2999999523162842,0.3027094006538391,-0.19210056960582733,1.4889999628067017,0.09470200538635254,-0.17042474448680878,1.409500002861023,0.30357640981674194,-0.0425933301448822,1.5815000534057617,0.005954588297754526,0.0371408611536026,1.4904999732971191,0.7275305986404419,0.11590737104415894,3.196500062942505,0.20174941420555115,0.06854837387800217,1.440000057220459
0.29343390464782715,-0.19780369102954865,1.377500057220459,0.32126423716545105,-0.22756074368953705,1.3819999694824219,0.2504861354827881,-0.21307063102722168,1.2940000295639038,0.30753475427627563,-0.18968789279460907,1.4889999628067017,0.09450043737888336,-0.16322502493858337,1.406499981880188,0.3108486533164978,-0.037728823721408844,1.5924999713897705,0.008352861739695072,0.0418865904211998,1.4874999523162842,0.7430688738822937,0.13144554197788239,3.196500062942505,0.20090879499912262,0.07523342967033386,1.434000015258789
0.2961678206920624,-0.18999777734279633,1.369499921798706,0.3253893256187439,-0.22284004092216492,1.380500078201294,0.2546795904636383,-0.20678050816059113,1.2940000295639038,0.3147728145122528,-0.18968789279460907,1.4889999628067017,0.09640100598335266,-0.16485683619976044,1.4010000228881836,0.3160094618797302,-0.037728823721408844,1.5924999713897705,0.008299516513943672,0.04401393234729767,1.4780000448226929,0.6582032442092896,0.12388192862272263,2.7925000190734863,0.1923827826976776,0.07693500816822052,1.4225000143051147
0.29201704263687134,-0.18213577568531036,1.3604999780654907,0.3233858048915863,-0.21479865908622742,1.371999979019165,0.2504861354827881,-0.2025870829820633,1.2940000295639038,0.3205640912055969,-0.1733214110136032,1.493499994277954,0.09602255374193192,-0.1551649421453476,1.3954999446868896,0.33077025413513184,-0.022372279316186905,1.6015000343322754,0.008246170356869698,0.050869401544332504,1.468500018119812,0.5949171781539917,0.12573647499084473,2.4730000495910645,0.19602328538894653,0.08573074638843536,1.4155000448226929
0.296425998210907,-0.17331792414188385,1.3604999780654907,0.32430359721183777,-0.20508083701133728,1.366499900817871,0.25418755412101746,-0.19382505118846893,1.2915000915527344,0.3302440047264099,-0.1733214110136032,1.493499994277954,0.09817811101675034,-0.15273943543434143,1.3940000534057617,0.34003499150276184,-0.019863761961460114,1.6085000038146973,0.008204054087400436,0.05771150812506676,1.4609999656677246,0.5896247625350952,0.12461791187524796,2.4509999752044678,0.19352440536022186,0.09480448812246323,1.4140000343322754
0.29303207993507385,-0.1638350635766983,1.3550000190734863,0.3231170177459717,-0.19550615549087524,1.3615000247955322,0.2527114152908325,-0.18437744677066803,1.284000039100647,0.332998126745224,-0.16380590200424194,1.4950000047683716,0.09761467576026917,-0.14287973940372467,1.3860000371932983,0.34785395860671997,-0.02247006632387638,1.6085000038146973,0.010517106391489506,0.06448071449995041,1.4535000324249268,0.5975676774978638,0.13653221726417542,2.4509999752044678,0.18947507441043854,0.10301321744918823,1.4010000228881836
0.2943561375141144,-0.15897329151630402,1.3510000705718994,0.3234115540981293,-0.1855848878622055,1.3535000085830688,0.25064483284950256,-0.1787426769733429,1.2734999656677246,0.3382948935031891,-0.15674813091754913,1.496999979019165,0.09694559872150421,-0.13297885656356812,1.3765000104904175,0.3504602909088135,0.0009866699110716581,1.6085000038146973,0.008119824342429638,0.07117699086666107,1.4459999799728394,0.6063737273216248,0.15559178590774536,2.438499927520752,0.1871759444475174,0.10624832659959793,1.3840000629425049
0.29566720128059387,-0.1497722566127777,1.347000002861023,0.32126107811927795,-0.17999380826950073,1.3445000648498535,0.24867668747901917,-0.16710267961025238,1.2634999752044678,0.3436046242713928,-0.15209978818893433,1.4989999532699585,0.09634695202112198,-0.12550786137580872,1.3680000305175781,0.3616708219051361,0.008824742399156094,1.6119999885559082,0.01276600081473589,0.08263403177261353,1.441499948501587,0.6221784949302673,0.17139652371406555,2.438499927520752,0.18353036046028137,0.10989329218864441,1.3734999895095825
0.2948989272117615,-0.1450292468070984,1.3434998989105225,0.3244072198867798,-0.17498354613780975,1.3394999504089355,0.2466101348400116,-0.16165347397327423,1.253000020980835,0.3479975163936615,-0.15189684927463531,1.496999979019165,0.1024697870016098,-0.12045509368181229,1.3609999418258667,0.371310830116272,0.01401819009333849,1.6085000038146973,0.017383012920618057,0.08936131745576859,1.437000036239624,0.6379833817481995,0.1990547627210617,2.438499927520752,0.18785274028778076,0.1129290834069252,1.3564999103546143
0.29780498147010803,-0.1356620490550995,1.3369998931884766,0.32813456654548645,-0.1659914255142212,1.3370000123977661,0.24927030503749847,-0.1546935886144638,1.246000051498413,0.3549184501171112,-0.13962861895561218,1.4954999685287476,0.10008034110069275,-0.1158313900232315,1.3585000038146973,0.37019774317741394,0.024200262501835823,1.5924999713897705,0.021993864327669144,0.09614542871713638,1.434000015258789,0.6498369574546814,0.21881067752838135,2.438499927520752,0.19005203247070312,0.12250302731990814,1.340999960899353
0.29873740673065186,-0.13078905642032623,1.3315000534057617,0.3290657103061676,-0.1588958203792572,1.3320000171661377,0.24816998839378357,-0.1459706574678421,1.2404999732971191,0.3621881306171417,-0.13720540702342987,1.4954999685287476,0.09971198439598083,-0.11321194469928741,1.3534998893737793,0.3805193305015564,0.026780640706419945,1.5924999713897705,0.021970856934785843,0.10532936453819275,1.4325000047683716,0.64424067735672,0.22476060688495636,2.4175000190734863,0.18877652287483215,0.13031399250030518,1.3320000171661377
0.2997649610042572,-0.12170041352510452,1.3264999389648438,0.3286130428314209,-0.1512194573879242,1.3215000629425049,0.24576929211616516,-0.1385868638753891,1.2284998893737793,0.37188103795051575,-0.13235899806022644,1.4954999685287476,0.10085105150938034,-0.10552962869405746,1.3394999504089355,0.38265278935432434,0.034250810742378235,1.5800000429153442,0.02637162245810032,0.10897362232208252,1.4194999933242798,0.6398435831069946,0.2310074120759964,2.4010000228881836,0.19229577481746674,0.13622401654720306,1.3264999389648438
0.3009692430496216,-0.11620686948299408,1.312999963760376,0.330376535654068,-0.14582504332065582,1.311500072479248,0.24720928072929382,-0.1332361102104187,1.215999960899353,0.3791506588459015,-0.12993580102920532,1.4954999685287476,0.09987228363752365,-0.0980573445558548,1.3264999389648438,0.38728225231170654,0.031650569289922714,1.5780000686645508,0.028328321874141693,0.10994105041027069,1.4024999141693115,0.635505199432373,0.23671530187129974,2.3420000076293945,0.18764272332191467,0.14025792479515076,1.3240000009536743
0.29940325021743774,-0.10848607122898102,1.2969999313354492,0.331614226102829,-0.1369582861661911,1.3079999685287476,0.25114279985427856,-0.1263304203748703,1.2065000534057617,0.37953272461891174,-0.12200998514890671,1.4874999523162842,0.10117565840482712,-0.09298112243413925,1.315500020980835,0.3915256857872009,0.04178521782159805,1.5744999647140503,0.030480848625302315,0.11630072444677353,1.3969999551773071,0.6219512224197388,0.23260262608528137,2.2649998664855957,0.1953348070383072,0.1503002941608429,1.3179999589920044
0.3024081587791443,-0.10107840597629547,1.2829999923706055,0.3373264968395233,-0.13246582448482513,1.3055000305175781,0.2543448805809021,-0.11921752989292145,1.194000005722046,0.37911856174468994,-0.12110773473978043,1.4765000343322754,0.10618022829294205,-0.08967554569244385,1.2985000610351562,0.3939831256866455,0.04657495766878128,1.563999891281128,0.03041539527475834,0.12056846171617508,1.3940000534057617,0.6183170080184937,0.2465764880180359,2.2255001068115234,0.19318582117557526,0.1592072695493698,1.3034999370574951
0.30429598689079285,-0.08794901520013809,1.2734999656677246,0.3427512049674988,-0.12156233936548233,1.3020000457763672,0.2543215751647949,-0.1078927218914032,1.1759999990463257,0.38302549719810486,-0.1105937734246254,1.4639999866485596,0.10548516362905502,-0.07654714584350586,1.2899999618530273,0.3983761668205261,0.061286382377147675,1.5514999628067017,0.03260383382439613,0.1293245106935501,1.3910000324249268,0.507337749004364,0.2146102488040924,1.8049999475479126,0.19692005217075348,0.16546916961669922,1.2864999771118164
