0.26714619994163513,0.08709053695201874,1.0885000228881836,0.30547717213630676,0.06302887201309204,1.0994999408721924,0.18574152886867523,0.04134763404726982,0.8400000333786011,0.34102439880371094,0.06871555745601654,1.1050000190734863,0.06225503236055374,0.04549361765384674,1.0255000591278076,0.8111368417739868,0.6264948844909668,2.4724998474121094,-0.06428354978561401,0.25427207350730896,1.003499984741211,0.26981908082962036,0.39818093180656433,1.0575000047683716,0.06869909912347794,0.35902178287506104,0.9535000324249268
0.28321385383605957,0.08836448192596436,1.0824999809265137,0.3250744044780731,0.06302887201309204,1.0994999408721924,0.20042036473751068,0.04156913608312607,0.8445000052452087,0.3625101149082184,0.06692509353160858,1.1050000190734863,0.08430636674165726,0.0457376092672348,1.031000018119812,0.8391808867454529,0.6465262174606323,2.4724998474121094,-0.04967416450381279,0.24626466631889343,1.003999948501587,0.27495959401130676,0.39818093180656433,1.0575000047683716,0,0,0
0.2958730459213257,0.08446452021598816,1.0774999856948853,0.339326947927475,0.05946575477719307,1.0994999408721924,0.21298769116401672,0.03887837752699852,0.8454999923706055,0.37504345178604126,0.0705060213804245,1.1050000190734863,0.0993896946310997,0.04241704195737839,1.031499981880188,0.8792438507080078,0.6505324840545654,2.4724998474121094,-0.031779106706380844,0.24301104247570038,1.003999948501587,0.2835271656513214,0.39475393295288086,1.0575000047683716,0.09706571698188782,0.3610926866531372,0.9589999914169312
0.3153539001941681,0.08059696108102798,1.0724999904632568,0.3629436790943146,0.057474348694086075,1.0954999923706055,0.22735793888568878,0.03761929273605347,0.8479999899864197,0.4036911129951477,0.06155369058251381,1.1050000190734863,0.11834579706192017,0.034225281327962875,1.0364999771118164,0.9072878956794739,0.6545388102531433,2.4724998474121094,-0.020401498302817345,0.24150443077087402,1.004499912261963,0.2898850440979004,0.3951686918735504,1.0494999885559082,0.11018205434083939,0.36335188150405884,0.9650000333786011
0.3261864483356476,0.07812386751174927,1.0625,0.38069453835487366,0.05392420291900635,1.0954999923706055,0.2387719750404358,0.03355642035603523,0.8495000004768372,0.4230031967163086,0.06507568061351776,1.1039999723434448,0.13248096406459808,0.03440689295530319,1.0420000553131104,0.9247116446495056,0.6443468332290649,2.434000015258789,-0.007413493935018778,0.23277686536312103,1.0090000629425049,0.29329484701156616,0.38896921277046204,1.0374999046325684,0.12061697989702225,0.3665523827075958,0.9735000133514404
0.3397514522075653,0.07597082108259201,1.05649995803833,0.3954029679298401,0.05021311715245247,1.0920000076293945,0.25116026401519775,0.03080347552895546,0.8495000004768372,0.43513068556785583,0.0632295086979866,1.1029999256134033,0.14274819195270538,0.032749906182289124,1.0429999828338623,0.7016785740852356,0.47569727897644043,1.7860000133514404,0.00240674358792603,0.2288883775472641,1.0134999752044678,0,0,0,0.13165879249572754,0.3649750053882599,0.9735000133514404
0.3499036431312561,0.07046642154455185,1.0509999990463257,0.4050898849964142,0.05009815841913223,1.0894999504089355,0.262172132730484,0.028050532564520836,0.8495000004768372,0.44840994477272034,0.06308619678020477,1.1004999876022339,0.1614157110452652,0.02938397042453289,1.0434999465942383,0.461927592754364,0.3086993396282196,1.1519999504089355,0.012302381917834282,0.22308731079101562,1.0169999599456787,0.31211164593696594,0.38688498735427856,1.0274999141693115,0.13954582810401917,0.36339759826660156,0.9735000133514404
0.3621028959751129,0.06817461550235748,1.0420000553131104,0.4192394018173218,0.04461705684661865,1.0850000381469727,0.27456045150756836,0.023921117186546326,0.8495000004768372,0.45409393310546875,0.06466306000947952,1.097000002861023,0.17180730402469635,0.0294262133538723,1.0450000762939453,0.4692215621471405,0.30125993490219116,1.1380000114440918,0.028951061889529228,0.22937627136707306,1.0230000019073486,0,0,0,0.14927279949188232,0.361788272857666,0.9650000333786011
0.3717685341835022,0.06778205186128616,1.0360000133514404,0.4325052499771118,0.042779989540576935,1.0829999446868896,0.2831522822380066,0.022571183741092682,0.8504999876022339,0.46923449635505676,0.06277091056108475,1.0950000286102295,0.18240216374397278,0.026102013885974884,1.0475000143051147,0.4773309826850891,0.3067372143268585,1.13100004196167,0.03568584844470024,0.2217366248369217,1.0260000228881836,0,0,0,0.14963632822036743,0.35369205474853516,0.9474999904632568
0.38018205761909485,0.06414489448070526,1.0315001010894775,0.4412793815135956,0.04102517291903496,1.0829999446868896,0.29038381576538086,0.021218011155724525,0.8515000343322754,0.4787845015525818,0.06262759864330292,1.0924999713897705,0.19304564595222473,0.02446296066045761,1.0499999523162842,0.48832663893699646,0.31040242314338684,1.13100004196167,0.04579418525099754,0.2190503478050232,1.0290000438690186,0,0,0,0.16940990090370178,0.37720927596092224,1.0104999542236328
0.3875972628593445,0.06065477803349495,1.0290000438690186,0.4480917751789093,0.04100623354315758,1.0824999809265137,0.3000418543815613,0.019838297739624977,0.8515000343322754,0.48651981353759766,0.06601660698652267,1.090000033378601,0.20174440741539001,0.021080320701003075,1.0509999990463257,0.4984392523765564,0.3043654263019562,1.128999948501587,0.05434126406908035,0.2115328311920166,1.0329999923706055,0.3422161340713501,0.3833079934120178,1.0180000066757202,0.17268459498882294,0.36411052942276,1.0104999542236328
0.40534618496894836,0.05890147015452385,1.027500033378601,0.46697306632995605,0.03732501342892647,1.0774999856948853,0.31264281272888184,0.018469423055648804,0.8519999980926514,0.5059477090835571,0.05718579888343811,1.090000033378601,0.2137669324874878,0.017682792618870735,1.0515000820159912,0.5098868012428284,0.290530800819397,1.1180000305175781,0.06447763741016388,0.20848752558231354,1.034500002861023,0.3700806200504303,0.36501139402389526,1.0130000114440918,0.18055573105812073,0.32880616188049316,0.9249999523162842
0.4080793559551239,0.06047794222831726,1.0260000228881836,0.4682817757129669,0.03888961300253868,1.0724999904632568,0.31965863704681396,0.018556132912635803,0.8559999465942383,0.5077138543128967,0.06425044685602188,1.090000033378601,0.22068695724010468,0.017691200599074364,1.0520000457763672,0.5150514841079712,0.2821444272994995,1.1134999990463257,0.07011105865240097,0.21030132472515106,1.0434999465942383,0.3782876431941986,0.35680440068244934,1.0130000114440918,0.198541522026062,0.3258085250854492,0.9249999523162842
0.4112038314342499,0.06211012229323387,1.0255000591278076,0.4710976481437683,0.04057060554623604,1.071000099182129,0.32337436079978943,0.018610328435897827,0.8585000038146973,0.516544759273529,0.06601660698652267,1.090000033378601,0.22430917620658875,0.014295597560703754,1.0529999732971191,0.5222684741020203,0.2749274671077728,1.1134999990463257,0.07594006508588791,0.20387829840183258,1.0540000200271606,0.3864946663379669,0.345314621925354,1.0130000114440918,0.1938353180885315,0.3119816482067108,0.9240000247955322
0.40763169527053833,0.06132277101278305,1.0125000476837158,0.46647900342941284,0.04017285257577896,1.0605000257492065,0.3249545991420746,0.020013032481074333,0.859000027179718,0.5183109045028687,0.06248428672552109,1.090000033378601,0.22687393426895142,0.012637210078537464,1.056999921798706,0.5276812314987183,0.27312323451042175,1.1134999990463257,0.07820042967796326,0.20188908278942108,1.061500072479248,0.3943121135234833,0.3351351022720337,1.0120000839233398,0.19682970643043518,0.30299851298332214,0.9240000247955322
0.40058618783950806,0.06026286631822586,0.9950000047683716,0.460540771484375,0.04135793820023537,1.0469999313354492,0.32748621702194214,0.0214796531945467,0.8619999885559082,0.5218432545661926,0.06248428672552109,1.090000033378601,0.23149770498275757,0.0109813641756773,1.0625,0.5312896966934204,0.2695147395133972,1.1134999990463257,0.07860561460256577,0.19947735965251923,1.0670000314712524,0.3975916802883148,0.32529643177986145,1.0120000839233398,0.2032574862241745,0.2976526618003845,0.9259999990463257
0.39917710423469543,0.06165744364261627,0.9915000200271606,0.460540771484375,0.043054427951574326,1.0469999313354492,0.3281700909137726,0.02302234247326851,0.8675000071525574,0.5306740999221802,0.058951959013938904,1.090000033378601,0.23409730195999146,0.005838453304022551,1.066499948501587,0.5369240641593933,0.26418226957321167,1.121500015258789,0.07878978550434113,0.19647884368896484,1.0694999694824219,0.404550164937973,0.3157694935798645,1.0130000114440918,0.2124893218278885,0.29196590185165405,0.9269999861717224
0.39556458592414856,0.06159525737166405,0.9904999732971191,0.4547463655471802,0.042828258126974106,1.0414999723434448,0.33062899112701416,0.024611013010144234,0.8740000128746033,0.5289079546928406,0.05541963502764702,1.090000033378601,0.23324072360992432,0.004125786013901234,1.0704998970031738,0.5403552651405334,0.25576329231262207,1.1324999332427979,0.08108741044998169,0.1943664699792862,1.0770000219345093,0.4078329801559448,0.30592110753059387,1.0130000114440918,0.21306239068508148,0.2807044982910156,0.9294999837875366
0.393959641456604,0.06159525737166405,0.9904999732971191,0.43706944584846497,0.041471242904663086,1.0084999799728394,0.32929685711860657,0.024723650887608528,0.878000020980835,0.5260986089706421,0.05372731015086174,1.0915000438690186,0.23312810063362122,0.002407973865047097,1.0779999494552612,0.5464991331100464,0.2540966272354126,1.1414999961853027,0.0779934674501419,0.19185103476047516,1.0824999809265137,0.4111157953739166,0.29443132877349854,1.0130000114440918,0.21420849859714508,0.2701008915901184,0.934499979019165
0.38272497057914734,0.06320019066333771,0.9904999732971191,0.4094919264316559,0.04320894926786423,0.9739999771118164,0.32094356417655945,0.029008112847805023,0.8784999847412109,0.5113497376441956,0.0503050871193409,1.0940001010894775,0.2324545681476593,-0.0028453159611672163,1.0829999446868896,0.5427998900413513,0.23929977416992188,1.1414999961853027,0.06976692378520966,0.17567966878414154,1.090999960899353,0.4152167737483978,0.2802108824253082,1.0149999856948853,0.20512323081493378,0.25041624903678894,0.934499979019165
