0.002295133424922824,0.06010279059410095,0.9664999842643738,0.0209053922444582,0.027467576786875725,1.034999966621399,-0.028864188119769096,0.03426744416356087,0.8675000071525574,0.06260231137275696,0.057302381843328476,1.059499979019165,-0.23036621510982513,0.06897635012865067,1.004499912261963,0.17817208170890808,0.25604867935180664,1.0945000648498535,-0.3086540699005127,0.22149428725242615,1.1169999837875366,0,0,0,-0.202649787068367,0.32866376638412476,1.0824999809265137
0.008612511679530144,0.058900136500597,0.9724999666213989,0.02761361002922058,0.027467576786875725,1.034999966621399,-0.024718279018998146,0.034366197884082794,0.8700000047683716,0.06603582203388214,0.05386890098452568,1.059499979019165,-0.2222280502319336,0.06897635012865067,1.004499912261963,0.1778464913368225,0.2538105547428131,1.0924999713897705,-0.305990070104599,0.2185571789741516,1.120500087738037,0.29034897685050964,0.3889559507369995,1.0329999923706055,-0.202649787068367,0.32515576481819153,1.0824999809265137
0.01193947996944189,0.05817906931042671,0.9869999885559082,0.030967717990279198,0.025790533050894737,1.034999966621399,-0.021924054250121117,0.03299438953399658,0.8709999918937683,0.06956768035888672,0.05394516512751579,1.0609999895095825,-0.2114642858505249,0.06754986941814423,1.0074999332427979,0.17430603504180908,0.24672970175743103,1.0924999713897705,-0.30054327845573425,0.21311043202877045,1.120500087738037,0.45492199063301086,0.6068021655082703,1.6469999551773071,-0.1973877251148224,0.32515576481819153,1.0824999809265137
0.015345091000199318,0.05897483229637146,1.000499963760376,0.03264477476477623,0.025790533050894737,1.034999966621399,-0.017740875482559204,0.03591981157660484,0.8734999895095825,0.07145483046770096,0.05407227948307991,1.0635000467300415,-0.2071819007396698,0.06447631865739822,1.0104999542236328,0.17253582179546356,0.24318929016590118,1.0924999713897705,-0.2950964868068695,0.21129484474658966,1.120500087738037,0.4522532820701599,0.5934587717056274,1.6469999551773071,-0.19045954942703247,0.32355108857154846,1.0829999446868896
0.022211525589227676,0.06000637263059616,1.0179998874664307,0.041406646370887756,0.02602725848555565,1.0444999933242798,-0.012127800844609737,0.03322167694568634,0.8769999742507935,0.0770208016037941,0.05261978507041931,1.069000005722046,-0.20390719175338745,0.061201632022857666,1.0104999542236328,0.17076560854911804,0.23964886367321014,1.0924999713897705,-0.2874487638473511,0.21282511949539185,1.11899995803833,0.43357232213020325,0.5614345073699951,1.6469999551773071,-0.1816854029893875,0.31653180718421936,1.0829999446868896
0.026011735200881958,0.0628671944141388,1.0379999876022339,0.04721830040216446,0.026438411325216293,1.0609999895095825,-0.009285720996558666,0.03464270755648613,0.8769999742507935,0.08802695572376251,0.05298895388841629,1.0764999389648438,-0.19417910277843475,0.05467929318547249,1.0110000371932983,0.16722515225410461,0.23256801068782806,1.0924999713897705,-0.28057175874710083,0.21492601931095123,1.120500087738037,0.4058971405029297,0.5440977811813354,1.6430000066757202,-0.17291125655174255,0.31126734614372253,1.0829999446868896
0.027693649753928185,0.06454909592866898,1.0379999876022339,0.049260348081588745,0.030073868110775948,1.0679999589920044,-0.005014010705053806,0.03458345681428909,0.8755000233650208,0.09562193602323532,0.051577892154455185,1.0835000276565552,-0.1865401417016983,0.0548415407538414,1.0139999389648438,0.166515052318573,0.2233688086271286,1.0994999408721924,-0.2714937925338745,0.21492601931095123,1.120500087738037,0.360639363527298,0.5015024542808533,1.6430000066757202,-0.15711776912212372,0.30775773525238037,1.0829999446868896
0.034653440117836,0.06667764484882355,1.0450000762939453,0.06166135519742966,0.0336918979883194,1.0729999542236328,0.0006577872554771602,0.03585813194513321,0.871999979019165,0.10825999826192856,0.049983203411102295,1.0870000123977661,-0.16418291628360748,0.048459891229867935,1.0180000066757202,0.16465629637241364,0.20230266451835632,1.1110000610351562,-0.24789105355739594,0.22763508558273315,1.120500087738037,0.2844468355178833,0.4595182538032532,1.6644999980926514,-0.1258206069469452,0.30846819281578064,1.0855000019073486
0.03634669631719589,0.07006414234638214,1.0450000762939453,0.06375450640916824,0.03912530839443207,1.0789999961853027,0.0006577872554771602,0.037271060049533844,0.871999979019165,0.11888253688812256,0.04648197814822197,1.0875000953674316,-0.15323610603809357,0.04699432849884033,1.0220000743865967,0.1746414303779602,0.21472704410552979,1.128999948501587,-0.23752625286579132,0.23724111914634705,1.1230000257492065,0.16667506098747253,0.2817520797252655,1.0774999856948853,-0.1064729169011116,0.31022703647613525,1.0855000019073486
0.03624235466122627,0.06986299902200699,1.0420000553131104,0.06556355953216553,0.039161570370197296,1.0800000429153442,0.0006577872554771602,0.03585813194513321,0.871999979019165,0.12422598898410797,0.04474042356014252,1.0880000591278076,-0.14704249799251556,0.04381059482693672,1.024999976158142,0.17796722054481506,0.211359441280365,1.1505000591278076,-0.22213411331176758,0.2456083595752716,1.128000020980835,0.15619955956935883,0.2747684717178345,1.0774999856948853,-0.08888410776853561,0.31550365686416626,1.0855000019073486
0.03961914777755737,0.06986299902200699,1.0420000553131104,0.07081347703933716,0.039161570370197296,1.0800000429153442,0.0034716788213700056,0.035734765231609344,0.8690000176429749,0.12975285947322845,0.04305650293827057,1.090000033378601,-0.140810027718544,0.04393881931900978,1.027999997138977,0.18406453728675842,0.2178920954465866,1.1655000448226929,-0.2088918536901474,0.24724137783050537,1.1354999542236328,0.14921587705612183,0.2712766230106354,1.0774999856948853,-0.07481306046247482,0.31374481320381165,1.0855000019073486
0.04122825339436531,0.06635860353708267,1.0399999618530273,0.07431340962648392,0.03741161525249481,1.0800000429153442,0.004854487255215645,0.034148942679166794,0.8645000457763672,0.13750791549682617,0.03794853761792183,1.0954999923706055,-0.1362752914428711,0.04074566811323166,1.031499981880188,0.19001732766628265,0.21468481421470642,1.1790000200271606,-0.20259717106819153,0.24854780733585358,1.1414999961853027,0.14572404325008392,0.2695307433605194,1.0774999856948853,-0.06425977498292923,0.31022703647613525,1.0855000019073486
0.04610570892691612,0.06442472338676453,1.0360000133514404,0.07774129509925842,0.037376973778009415,1.0789999961853027,0.010439485311508179,0.03129299730062485,0.8630000352859497,0.1451362520456314,0.034523990005254745,1.0994999408721924,-0.12829039990901947,0.03751170262694359,1.0344998836517334,0.19630421698093414,0.21354682743549347,1.194000005722046,-0.19579720497131348,0.24930988252162933,1.1449999809265137,0.14746996760368347,0.262547105550766,1.0774999856948853,-0.05284065008163452,0.30176466703414917,1.068000078201294
0.04748457670211792,0.06235238537192345,1.0295000076293945,0.07948964834213257,0.03388029709458351,1.0789999961853027,0.01178297121077776,0.031147951260209084,0.8589999675750732,0.15116527676582336,0.03110167756676674,1.1045000553131104,-0.12530022859573364,0.03257720544934273,1.0374999046325684,0.19705554842948914,0.21061360836029053,1.2105000019073486,-0.1905636042356491,0.24416980147361755,1.1469999551773071,0.1508084386587143,0.26182013750076294,1.0889999866485596,-0.04785382002592087,0.28740930557250977,1.034999966621399
0.04843655601143837,0.058156244456768036,1.0145000219345093,0.08252488076686859,0.03195327892899513,1.0729999542236328,0.013174845837056637,0.02836422063410282,0.8589999675750732,0.1555151492357254,0.029457978904247284,1.1099998950958252,-0.12211433053016663,0.03094078227877617,1.0390000343322754,0.20115427672863007,0.21684041619300842,1.2235000133514404,-0.18531055748462677,0.24087202548980713,1.1489999294281006,0.15212403237819672,0.2641041576862335,1.0985000133514404,-0.04568599909543991,0.28103628754615784,1.0239999294281006
0.04822170361876488,0.05462520569562912,1.0099999904632568,0.08394938707351685,0.03010202944278717,1.069000005722046,0.013128833845257759,0.025491153821349144,0.8560000061988831,0.15759721398353577,0.027709249407052994,1.1119999885559082,-0.11891867965459824,0.02929949387907982,1.0404999256134033,0.2040499448776245,0.20984962582588196,1.2290000915527344,-0.18344877660274506,0.23714850842952728,1.1489999294281006,0.15523496270179749,0.26459285616874695,1.1080000400543213,-0.04402676969766617,0.27771785855293274,1.0239999294281006
0.049858253449201584,0.052988674491643906,1.0099999904632568,0.0827714204788208,0.024556150659918785,1.053999900817871,0.014515846036374569,0.025491153821349144,0.8560000061988831,0.1578097939491272,0.02594238892197609,1.1134999990463257,-0.12066260725259781,0.02762681059539318,1.0410000085830688,0.20454801619052887,0.20437313616275787,1.2319999933242798,-0.1837681084871292,0.23756131529808044,1.1510000228881836,0.15986479818820953,0.2657134234905243,1.128000020980835,-0.04402676969766617,0.2760586440563202,1.0239999294281006
0.0461239218711853,0.050843700766563416,1.0,0.08029447495937347,0.02263154461979866,1.0439999103546143,0.011741820722818375,0.022717146202921867,0.8560000061988831,0.15649589896202087,0.024214019998908043,1.1169999837875366,-0.11926155537366867,0.026002340018749237,1.0434999465942383,0.20687958598136902,0.2007059007883072,1.2339999675750732,-0.18190310895442963,0.23383130133152008,1.1510000228881836,0.16206151247024536,0.2693646252155304,1.1434999704360962,-0.049004461616277695,0.2727401852607727,1.0239999294281006
0.04236863926053047,0.04703180119395256,0.9880000352859497,0.07672703266143799,0.020889773964881897,1.0414999723434448,0.01035480760037899,0.01994313858449459,0.8560000061988831,0.15362879633903503,0.022514423355460167,1.122499942779541,-0.12305456399917603,0.02778604067862034,1.0469999313354492,0.20378482341766357,0.19959208369255066,1.2395000457763672,-0.1837681084871292,0.23383130133152008,1.1510000228881836,0.16241581737995148,0.27552422881126404,1.1459999084472656,-0.053982146084308624,0.27108097076416016,1.0239999294281006
0.03758495673537254,0.04385220631957054,0.9884999990463257,0.07166427373886108,0.017514623701572418,1.0414999723434448,0.006215475965291262,0.018621167168021202,0.8589999675750732,0.14667943120002747,0.020741693675518036,1.125,-0.13002659380435944,0.02442801557481289,1.0485000610351562,0.20468907058238983,0.1944257766008377,1.2450000047683716,-0.18936315178871155,0.2301013022661209,1.1510000228881836,0.16354963183403015,0.2774476408958435,1.1540000438690186,-0.06073747202754021,0.2666230797767639,1.0260000228881836
