0.18483172357082367,-0.6180381178855896,2.9654998779296875,0.11182066053152084,-0.35865798592567444,1.5520000457763672,0.06186220794916153,-0.35556524991989136,1.5605000257492065,0.051320143043994904,-0.2023129016160965,1.4754999876022339,-0.07438360899686813,-0.16831982135772705,1.4110000133514404,0.09642039984464645,-0.026624241843819618,1.5469999313354492,-0.1052108034491539,0.0741301104426384,1.4579999446868896,0.1919800192117691,-0.012243288569152355,1.6349999904632568,0.10936272144317627,0.0754774734377861,1.4844999313354492
0.16029652953147888,-0.47802773118019104,2.2760000228881836,0.12439451366662979,-0.36368751525878906,1.5520000457763672,0.07271451503038406,-0.35195624828338623,1.5230000019073486,0.07996004074811935,-0.2108774185180664,1.5199999809265137,-0.06085927411913872,-0.1688566356897354,1.4155000448226929,0.13088341057300568,-0.034640807658433914,1.5694999694824219,-0.09576097875833511,0.0741301104426384,1.4579999446868896,0.22541218996047974,-0.006755786016583443,1.590499997138977,0.12620049715042114,0.07788285613059998,1.4844999313354492
0.1752413958311081,-0.47229716181755066,2.2314999103546143,0.13719137012958527,-0.3577119708061218,1.5264999866485596,0.08117576688528061,-0.345947802066803,1.496999979019165,0.11914654821157455,-0.2221125215291977,1.5824999809265137,-0.04709770530462265,-0.16426947712898254,1.4155000448226929,0.1640831083059311,-0.04704035446047783,1.6475000381469727,-0.08394867926836014,0.0741301104426384,1.4579999446868896,0.23073174059391022,-0.011531904339790344,1.5399999618530273,0.1358221024274826,0.08269362151622772,1.4844999313354492
0.13414429128170013,-0.31678229570388794,1.5199999809265137,0.15203209221363068,-0.3577119708061218,1.5264999866485596,0.09165235608816147,-0.3374411463737488,1.4704999923706055,0.1357201486825943,-0.22842852771282196,1.627500057220459,-0.026455359533429146,-0.15738874673843384,1.4155000448226929,0.20769259333610535,-0.04849653318524361,1.6985000371932983,-0.0716911032795906,0.08071611076593399,1.4490000009536743,0.2493787407875061,0.01537390984594822,1.4874999523162842,0.15091167390346527,0.08888015896081924,1.4674999713897705
0.14077500998973846,-0.30728861689567566,1.4860000610351562,0.16452248394489288,-0.3502351641654968,1.5049999952316284,0.10162913799285889,-0.3287924826145172,1.443000078201294,0.16018891334533691,-0.22683195769786835,1.6349999904632568,-0.024161765351891518,-0.1482144296169281,1.4155000448226929,0.21319690346717834,-0.04024013504385948,1.6985000371932983,-0.05945523455739021,0.09168973565101624,1.437000036239624,0.2590908706188202,0.029033076018095016,1.4474999904632568,0.14590221643447876,0.09197685867547989,1.441499948501587
0.14993472397327423,-0.2967735826969147,1.4579999446868896,0.17518910765647888,-0.33995726704597473,1.4919999837875366,0.10762716084718704,-0.3210839033126831,1.4294999837875366,0.18403224647045135,-0.21888422966003418,1.6349999904632568,0.0010632467456161976,-0.1430184543132782,1.409500002861023,0.23246194422245026,-0.029231594875454903,1.6985000371932983,-0.042765792459249496,0.09086024761199951,1.4240000247955322,0.28019988536834717,0.06421453505754471,1.4474999904632568,0.15403686463832855,0.09984428435564041,1.3884999752044678
0.1552451103925705,-0.2864079177379608,1.441499948501587,0.1834964007139206,-0.3326514661312103,1.4809999465942383,0.1160745695233345,-0.31423765420913696,1.4194999933242798,0.20257705450057983,-0.2109365016222,1.6349999904632568,0.01919705420732498,-0.1397361159324646,1.3995000123977661,0.25998345017433167,-0.026479462161660194,1.6985000371932983,-0.03302998095750809,0.08267087489366531,1.402500033378601,0.2919270992279053,0.08297798037528992,1.4474999904632568,0.15042990446090698,0.10541275143623352,1.3174999952316284
0.162589892745018,-0.27600884437561035,1.4240000247955322,0.19087883830070496,-0.3217165470123291,1.4639999866485596,0.12128547579050064,-0.30084705352783203,1.4000000953674316,0.21582335233688354,-0.20033952593803406,1.6349999904632568,0.03041539527475834,-0.13241073489189148,1.3940000534057617,0.2827011048793793,-0.004517563618719578,1.7195000648498535,-0.018890053033828735,0.08051936328411102,1.3659999370574951,0.31303611397743225,0.12050487101078033,1.4474999904632568,0.1430654078722,0.1083732321858406,1.253000020980835
0.1676073670387268,-0.2706261873245239,1.4079999923706055,0.19616958498954773,-0.31639960408210754,1.4505000114440918,0.12891611456871033,-0.2952728867530823,1.3845000267028809,0.23171891272068024,-0.1923917979001999,1.6349999904632568,0.039025917649269104,-0.1287515014410019,1.378999948501587,0.29063645005226135,0.02609221450984478,1.7170000076293945,-0.005443408619612455,0.07598432898521423,1.3255000114440918,0.329454243183136,0.1721043437719345,1.4474999904632568,0.1340002417564392,0.11261257529258728,1.190500020980835
0.17222146689891815,-0.26491421461105347,1.3899999856948853,0.20287805795669556,-0.30761608481407166,1.43149995803833,0.13525430858135223,-0.2899460792541504,1.380500078201294,0.24556995928287506,-0.1829211413860321,1.621500015258789,0.045182112604379654,-0.12941865622997284,1.3624999523162842,0.28475281596183777,0.03957175463438034,1.6985000371932983,0.005103647243231535,0.07116274535655975,1.2774999141693115,0.327108770608902,0.20259493589401245,1.4474999904632568,0.11381689459085464,0.12094596028327942,1.124500036239624
0.18130482733249664,-0.2595440149307251,1.3734999895095825,0.20911791920661926,-0.3054971396923065,1.4110000133514404,0.14114226400852203,-0.28826582431793213,1.372499942779541,0.2586749792098999,-0.17845915257930756,1.6050000190734863,0.056055642664432526,-0.12463627755641937,1.3585000038146973,0.27871742844581604,0.041426826268434525,1.662500023841858,0.012817869894206524,0.07608459889888763,1.2235000133514404,0.32276782393455505,0.22340330481529236,1.4925000667572021,0.09772296994924545,0.1332857608795166,1.0494999885559082
0.18359200656414032,-0.25432097911834717,1.3574999570846558,0.21524673700332642,-0.2990204691886902,1.3914999961853027,0.14399896562099457,-0.28511539101600647,1.3575000762939453,0.2698162794113159,-0.1720704436302185,1.5940001010894775,0.0643831416964531,-0.12153381109237671,1.3485000133514404,0.27226293087005615,0.05362456291913986,1.624000072479248,0.014358827844262123,0.06612148135900497,1.187000036239624,0.44857507944107056,0.3338529169559479,2.2065000534057617,0.06631492078304291,0.1189512386918068,0.9869999885559082
0.1845983862876892,-0.245411217212677,1.3329999446868896,0.2158869355916977,-0.2937556505203247,1.3669999837875366,0.14637582004070282,-0.2790602147579193,1.3389999866485596,0.27927166223526,-0.16486302018165588,1.5745000839233398,0.07041218131780624,-0.10761968046426773,1.3385000228881836,0.2632393538951874,0.06262943148612976,1.5855000019073486,0.01789877377450466,0.07446201890707016,1.1670000553131104,0.4379863440990448,0.35799652338027954,2.3410000801086426,0.05474378541111946,0.12366980314254761,0.9264999628067017
0.1878529042005539,-0.23489853739738464,1.3105000257492065,0.21749649941921234,-0.2834351360797882,1.3494999408721924,0.14835138618946075,-0.26614123582839966,1.318000078201294,0.28971460461616516,-0.1571224331855774,1.5485000610351562,0.07677499949932098,-0.09659484028816223,1.3359999656677246,0.2632564306259155,0.05585962533950806,1.5404999256134033,0.025091608986258507,0.07710407674312592,1.149999976158142,0,0,0,0.04524914547801018,0.12996843457221985,0.8875000476837158
0.19207429885864258,-0.22809961438179016,1.2960000038146973,0.22479046881198883,-0.2724641263484955,1.3280000686645508,0.15235112607479095,-0.2577969431877136,1.2975000143051147,0.29771843552589417,-0.14858080446720123,1.5379999876022339,0.08245906978845596,-0.08922382444143295,1.3229999542236328,0,0,0,0.030361631885170937,0.08551919460296631,1.1380000114440918,0,0,0,0.04237303510308266,0.13572059571743011,0.8875000476837158
0.19653737545013428,-0.22182653844356537,1.2839999198913574,0.2237807810306549,-0.2665466368198395,1.309499979019165,0.1559070199728012,-0.24919463694095612,1.2750000953674316,0.30715370178222656,-0.1446639448404312,1.5230000019073486,0.0895889475941658,-0.08358823508024216,1.3020000457763672,0,0,0,0.03745555877685547,0.08305027335882187,1.1295000314712524,0,0,0,0.039496928453445435,0.15153908729553223,0.8875000476837158
0.20190781354904175,-0.2145293951034546,1.2654999494552612,0.2298736423254013,-0.25959885120391846,1.2960000038146973,0.16223931312561035,-0.24217967689037323,1.2599999904632568,0.31359022855758667,-0.1382146179676056,1.506500005722046,0.09437093883752823,-0.07808874547481537,1.281000018119812,0,0,0,0.04071548953652382,0.08949082344770432,1.118499994277954,0,0,0,0.0378873385488987,0.1637401580810547,0.8834999799728394
0.20526449382305145,-0.20557858049869537,1.2484999895095825,0.23560762405395508,-0.2525414824485779,1.281499981880188,0.1677629053592682,-0.2372460961341858,1.2554999589920044,0.32271048426628113,-0.13793937861919403,1.503499984741211,0.09322906285524368,-0.06894175708293915,1.2655000686645508,0,0,0,0.044003237038850784,0.09600501507520676,1.1100000143051147,0,0,0,0.03633198142051697,0.17459778487682343,0.8805000185966492
0.20930226147174835,-0.2015991061925888,1.2365000247955322,0.24153432250022888,-0.2480219453573227,1.2690000534057617,0.17227336764335632,-0.23104159533977509,1.24399995803833,0.32518619298934937,-0.13451184332370758,1.4925000667572021,0.09902729094028473,-0.06461012363433838,1.2609999179840088,0,0,0,0.04372573271393776,0.10791015625,1.1029999256134033,0,0,0,0.03633198142051697,0.186011403799057,0.8805000185966492
0.21054919064044952,-0.1930576115846634,1.2204999923706055,0.24457983672618866,-0.23880396783351898,1.253000020980835,0.17595531046390533,-0.2239992320537567,1.2274999618530273,0.3285433053970337,-0.1281546652317047,1.475000023841858,0.10282759368419647,-0.05628052353858948,1.2574999332427979,0,0,0,0.04354734718799591,0.1145896464586258,1.0985000133514404,0,0,0,0.027771715074777603,0.19314493238925934,0.8805000185966492
