0,0,0,0,0,0,0,0,0,0.2287209928035736,0.1540437489748001,1.313499927520752,0.10908278077840805,0.2879510521888733,1.5139999389648438,0,0,0,0,0,0,0,0,0,0,0,0
0,0,0,0,0,0,0,0,0,0.2567824721336365,0.1680775135755539,1.5169999599456787,0.10919942706823349,0.2864063084125519,1.5870000123977661,0,0,0,0.011276856996119022,0.4504571855068207,1.558500051498413,0,0,0,0,0,0
0,0,0,0,0,0,0,0,0,0.25531062483787537,0.14810213446617126,1.6505000591278076,0.08862756192684174,0.25554871559143066,1.5870000123977661,0,0,0,-0.01661265268921852,0.46366122364997864,1.569000005722046,0,0,0,0,0,0
0,0,0,0,0,0,0,0,0,0.24728751182556152,0.12938162684440613,1.6505000591278076,0.06585557758808136,0.20269088447093964,1.5959999561309814,0,0,0,0,0,0,0,0,0,0,0,0
0.2695044279098511,0.2215310037136078,1.4040000438690186,0,0,0,0.2174028605222702,0.16075296700000763,1.1619999408721924,0.25263628363609314,0.10531239211559296,1.6505000591278076,0.06326951086521149,0.16131408512592316,1.5959999561309814,0.12090858817100525,0.16401256620883942,1.2139999866485596,-0.02958589419722557,0.390848845243454,1.5829999446868896,0.1442839503288269,0.3871981203556061,1.8760000467300415,0.01603388413786888,0.6347705721855164,1.8105000257492065
0.26953914761543274,0.1783636212348938,1.369499921798706,0,0,0,0.22116851806640625,0.12497927993535995,1.1619999408721924,0.23659001290798187,0.08124317973852158,1.6505000591278076,0.055511314421892166,0.13545359671115875,1.5959999561309814,0,0,0,-0.03728089481592178,0.3446790874004364,1.5829999446868896,0.1564430147409439,0.38111862540245056,1.8760000467300415,0.02195557951927185,0.612821102142334,1.815000057220459
0.266515851020813,0.12714548408985138,1.3215000629425049,0.30302050709724426,0.11045336723327637,1.380500078201294,0.22116851806640625,0.0835571140050888,1.1619999408721924,0.2820543646812439,0.0705457478761673,1.6505000591278076,0.06068345159292221,0.08890469372272491,1.5959999561309814,0.15631629526615143,0.14434173703193665,1.2139999866485596,-0.04497590288519859,0.3138992488384247,1.5829999446868896,0.18076109886169434,0.36591991782188416,1.8760000467300415,0.02195557951927185,0.5540030598640442,1.815000057220459
0.2661159038543701,0.07715947926044464,1.309000015258789,0.3058048188686371,0.05604889243841171,1.3630000352859497,0.2217395305633545,0.042243730276823044,1.1649999618530273,0.29665571451187134,0.05689682811498642,1.6424999237060547,0.06482400745153427,0.051874496042728424,1.5709999799728394,0.16221758723258972,0.1305721551179886,1.2139999866485596,-0.05250454321503639,0.2540994882583618,1.5780000686645508,0.1838008612394333,0.35072121024131775,1.8760000467300415,0.0161800105124712,0.5073399543762207,1.8270000219345093
0.2661159038543701,-0.009802118875086308,1.309000015258789,0.2950207591056824,-0.035671744495630264,1.3245000839233398,0.23220792412757874,-0.040764547884464264,1.2200000286102295,0.2521210312843323,-0.016452789306640625,1.5334999561309814,0.07841484993696213,-0.011516927741467953,1.5379999876022339,0.16849783062934875,0.08863276988267899,1.2609999179840088,-0.05761834606528282,0.1697223037481308,1.5780000686645508,0.22878588736057281,0.32553330063819885,1.871000051498413,0.016649380326271057,0.4154396951198578,1.8799999952316284
0.27035796642303467,-0.050101395696401596,1.309000015258789,0.2982727587223053,-0.07776359468698502,1.3105000257492065,0.23834581673145294,-0.08108443766832352,1.2630000114440918,0.25549018383026123,-0.04684581235051155,1.4019999504089355,0.082070492208004,-0.05057142674922943,1.5134999752044678,0.2036132663488388,0.08451080322265625,1.3589999675750732,-0.05761834606528282,0.13648280501365662,1.5780000686645508,0.25303915143013,0.307343453168869,1.871000051498413,0.010556894354522228,0.3484227657318115,1.8799999952316284
0.2719069719314575,-0.08665229380130768,1.316499948501587,0.300396203994751,-0.11173871159553528,1.3105000257492065,0.2393837422132492,-0.12048996239900589,1.2684999704360962,0.2597777247428894,-0.06006240099668503,1.3420000076293945,0.08836409449577332,-0.07662525027990341,1.4954999685287476,0.23184049129486084,0.08013121038675308,1.4385000467300415,-0.05685155838727951,0.11448363214731216,1.556999921798706,0.2964365780353546,0.30538633465766907,1.8964999914169312,0.010556894354522228,0.29968318343162537,1.8799999952316284
0.274040162563324,-0.12078295648097992,1.316499948501587,0.3046431243419647,-0.14783728122711182,1.3105000257492065,0.2417246401309967,-0.15149976313114166,1.2699999809265137,0.279348224401474,-0.08398173749446869,1.3420000076293945,0.09920362383127213,-0.10436079651117325,1.4765000343322754,0.2713830769062042,0.06408818811178207,1.558500051498413,-0.06134074181318283,0.09095269441604614,1.5429999828338623,0.32674217224121094,0.3016860783100128,1.9119999408721924,0.004464408382773399,0.23875868320465088,1.8799999952316284
0.27617335319519043,-0.14851413667201996,1.316499948501587,0.3046431243419647,-0.17331862449645996,1.3105000257492065,0.2417246401309967,-0.1803092658519745,1.2699999809265137,0.2967441976070404,-0.11225005239248276,1.3420000076293945,0.10001346468925476,-0.12628665566444397,1.4535000324249268,0.31938105821609497,0.052688729017972946,1.6779999732971191,-0.06535223871469498,0.07481952011585236,1.5199999809265137,0.3622133731842041,0.292925089597702,1.9359999895095825,-0.00161768589168787,0.20091333985328674,1.8680000305175781
0.2871660888195038,-0.19353090226650238,1.3179999589920044,0.31738385558128357,-0.2200344204902649,1.3105000257492065,0.24995599687099457,-0.22146570682525635,1.2699999809265137,0.3184891939163208,-0.14051836729049683,1.3420000076293945,0.11937534809112549,-0.15220925211906433,1.43149995803833,0.3760160207748413,0.04788447171449661,1.7005000114440918,-0.044582732021808624,0.020153669640421867,1.4844999313354492,0.4454103112220764,0.29183337092399597,1.9709999561309814,-0.01601184532046318,0.08210212737321854,1.7855000495910645
0.29357290267944336,-0.21061567962169647,1.3179999589920044,0.3254835903644562,-0.2404228299856186,1.317500114440918,0.2540716528892517,-0.2399861067533493,1.2699999809265137,0.3271872103214264,-0.14921630918979645,1.3420000076293945,0.12735027074813843,-0.159851536154747,1.4170000553131104,0.40835636854171753,0.03981638327240944,1.7089999914169312,-0.0012691213050857186,0.003273549024015665,1.465499997138977,0.5054150223731995,0.294352650642395,2.0325000286102295,-0.018195567652583122,0.028899550437927246,1.718500018119812
0.30234459042549133,-0.22359879314899445,1.319000005722046,0.33947449922561646,-0.2514185309410095,1.3305000066757202,0.26436081528663635,-0.25233301520347595,1.2699999809265137,0.3436568081378937,-0.15291371941566467,1.3554999828338623,0.1405288428068161,-0.166033536195755,1.4110000133514404,0.4305097162723541,0.034278083592653275,1.7089999914169312,0.03148451820015907,-0.010805545374751091,1.443000078201294,0.5924643874168396,0.31454455852508545,2.196499824523926,-0.006316078826785088,-0.01650107093155384,1.5379999876022339
0.3136240541934967,-0.23687022924423218,1.3215000629425049,0.353281170129776,-0.26663851737976074,1.3420000076293945,0.274649977684021,-0.26056432723999023,1.2699999809265137,0.38220757246017456,-0.16512273252010345,1.443000078201294,0.1555899828672409,-0.17185087502002716,1.4024999141693115,0.454914391040802,0.02053397335112095,1.7174999713897705,0.040200375020504,-0.04746396839618683,1.4205000400543213,0.6917098164558411,0.32724714279174805,2.365499973297119,0.012203642167150974,-0.030414167791604996,1.378000020980835
0.32433047890663147,-0.24543528258800507,1.3215000629425049,0.3619791865348816,-0.27751097083091736,1.3420000076293945,0.28288134932518005,-0.26879560947418213,1.2699999809265137,0.41738009452819824,-0.17639675736427307,1.5199999809265137,0.16874252259731293,-0.18042488396167755,1.3984999656677246,0.4855267107486725,0.02053397335112095,1.7174999713897705,0.06708069145679474,-0.01962725631892681,1.4049999713897705,0.776565670967102,0.34094294905662537,2.4644999504089355,0.02374281920492649,-0.028207043185830116,1.277999997138977
0.33226582407951355,-0.24924542009830475,1.319000005722046,0.3706772029399872,-0.2840344309806824,1.3420000076293945,0.29271721839904785,-0.2764846384525299,1.2769999504089355,0.4437704086303711,-0.18765462934970856,1.5520000457763672,0.19140301644802094,-0.18495695292949677,1.3984999656677246,0.507790207862854,0.02888273261487484,1.7174999713897705,0.09354543685913086,-0.036614369601011276,1.3594999313354492,0.8881680965423584,0.37269237637519836,2.694000005722046,0.03214897960424423,-0.04532059654593468,1.1360000371932983
0.3405563235282898,-0.25546324253082275,1.3179999589920044,0.379375159740448,-0.2883833944797516,1.3420000076293945,0.30370455980300903,-0.2831501364707947,1.2885000705718994,0.4523324966430664,-0.19311867654323578,1.5555000305175781,0.20499931275844574,-0.19175505638122559,1.3984999656677246,0.5218921303749084,0.014894054271280766,1.7089999914169312,0.09693596512079239,-0.08474350720643997,1.2874999046325684,0.9929896593093872,0.3915225863456726,2.8980000019073486,0.036120619624853134,-0.06330613791942596,1.0385000705718994
