0.17154911160469055,-0.12693828344345093,1.4609999656677246,0.20663374662399292,-0.14793962240219116,1.4579999446868896,0.1267349123954773,-0.13324114680290222,1.2725000381469727,0.24035730957984924,-0.1665637195110321,1.4765000343322754,-0.016981875523924828,-0.15917235612869263,1.3910000324249268,0.3137661814689636,-0.012344379909336567,1.6484999656677246,-0.18267123401165009,0.047400280833244324,1.4355000257492065,0.2666466534137726,0.04220983758568764,1.590499997138977,0.03421871364116669,0.0650019496679306,1.3654999732971191
0.15275028347969055,-0.12044715136289597,1.440000057220459,0.18560950458049774,-0.14392970502376556,1.441499948501587,0.11002324521541595,-0.13092154264450073,1.2699999809265137,0.2163058966398239,-0.1622810810804367,1.4595000743865967,-0.034975286573171616,-0.1590007096529007,1.3895000219345093,0.30041053891181946,-0.00967326294630766,1.6484999656677246,-0.21120359003543854,0.056249961256980896,1.4240000247955322,0.24602942168712616,0.049941252917051315,1.590499997138977,0.01868952065706253,0.07148224115371704,1.3624999523162842
0.1269458383321762,-0.11128078401088715,1.412500023841858,0.16454985737800598,-0.1349753588438034,1.4210000038146973,0.08937447518110275,-0.12464987486600876,1.2690000534057617,0.19779250025749207,-0.1555054485797882,1.4625000953674316,-0.05513909086585045,-0.154219850897789,1.3870000839233398,0.2876643240451813,0.0010133532341569662,1.6519999504089355,-0.22394153475761414,0.04908542335033417,1.4170000553131104,0.22853697836399078,0.05205610394477844,1.5764999389648438,-0.00337147805839777,0.07773274183273315,1.3559999465942383
0.10442734509706497,-0.104777030646801,1.3870000839233398,0.14190420508384705,-0.12862719595432281,1.4019999504089355,0.07430146634578705,-0.11740754544734955,1.2574999332427979,0.1799032986164093,-0.15438899397850037,1.4520000219345093,-0.07509413361549377,-0.14470669627189636,1.3819999694824219,0.26803135871887207,0.0036778561770915985,1.6464999914169312,-0.24690178036689758,0.05367744341492653,1.4170000553131104,0.20645122230052948,0.05924595892429352,1.5640000104904175,-0.029463553801178932,0.08137000352144241,1.3434998989105225
0.09031996130943298,-0.10182736814022064,1.377500057220459,0.1236422061920166,-0.12399529665708542,1.4010000228881836,0.056778546422719955,-0.11094409227371216,1.2309999465942383,0.16191460192203522,-0.15295355021953583,1.438499927520752,-0.0925375297665596,-0.1372898668050766,1.375,0.2555426359176636,0.009043717756867409,1.6519999504089355,-0.25907665491104126,0.05740590766072273,1.3960000276565552,0.19100137054920197,0.0692940279841423,1.562000036239624,-0.04418633505702019,0.08473484218120575,1.3280000686645508
0.058900125324726105,-0.09040404856204987,1.3734999895095825,0.09133626520633698,-0.1142587661743164,1.3930000066757202,0.024520915001630783,-0.10351071506738663,1.2139999866485596,0.142670139670372,-0.1476733237504959,1.4325000047683716,-0.12767231464385986,-0.13674069941043854,1.369499921798706,0.22267715632915497,0.02768874540925026,1.6464999914169312,-0.2908170223236084,0.0583215206861496,1.3645000457763672,0.15541833639144897,0.08439864963293076,1.5605000257492065,-0.0737241879105568,0.09900839626789093,1.317500114440918
0.04536450281739235,-0.08560880273580551,1.3680000305175781,0.07956212013959885,-0.10907486826181412,1.3845000267028809,0.014594714157283306,-0.09700645506381989,1.2065000534057617,0.13001227378845215,-0.14418531954288483,1.4210000038146973,-0.14236919581890106,-0.13152976334095,1.3615000247955322,0.21155492961406708,0.040940914303064346,1.6430000066757202,-0.3050227463245392,0.061593834310770035,1.3394999504089355,0.13979770243167877,0.08916908502578735,1.5555000305175781,-0.09862548112869263,0.10041388124227524,1.308000087738037
0.02750018611550331,-0.07858379930257797,1.3615000247955322,0.061481695622205734,-0.10212305188179016,1.381500005722046,0.0009044575272127986,-0.09251786768436432,1.1990000009536743,0.10894361883401871,-0.14143353700637817,1.4165000915527344,-0.1500275582075119,-0.1195700466632843,1.3509999513626099,0.19356517493724823,0.04642019793391228,1.6484999656677246,-0.3159129023551941,0.06718995422124863,1.3215000629425049,0.12423420697450638,0.0963883325457573,1.5499999523162842,-0.1061205044388771,0.10789244621992111,1.2960000038146973
0.014263613149523735,-0.07417163252830505,1.3615000247955322,0.04796372354030609,-0.09970380365848541,1.378999948501587,-0.012663309462368488,-0.08841054141521454,1.1959999799728394,0.09708909690380096,-0.13402549922466278,1.4110000133514404,-0.15930484235286713,-0.11833097785711288,1.3369998931884766,0.18020950257778168,0.049091316759586334,1.6484999656677246,-0.32877346873283386,0.07101276516914368,1.312999963760376,0.1112082377076149,0.10848904401063919,1.5434999465942383,-0.11785003542900085,0.11752434819936752,1.2864999771118164
0.005351339001208544,-0.06646180897951126,1.3394999504089355,0.041095808148384094,-0.0993061512708664,1.3734999895095825,-0.0222221277654171,-0.08403994888067245,1.1890000104904175,0.08565757423639297,-0.13173921406269073,1.4110000133514404,-0.17412586510181427,-0.11024259775876999,1.3179999589920044,0.17454637587070465,0.0551765039563179,1.6710000038146973,-0.33932748436927795,0.07900794595479965,1.3044999837875366,0.10074527561664581,0.1129763051867485,1.5364999771118164,-0.1290401965379715,0.12252724915742874,1.2734999656677246
-0.005396181717514992,-0.06093835085630417,1.3140000104904175,0.02752038463950157,-0.09188771992921829,1.3624999523162842,-0.03156035393476486,-0.08135370165109634,1.1779999732971191,0.08529333025217056,-0.1220727488398552,1.4049999713897705,-0.18481199443340302,-0.10476536303758621,1.3029999732971191,0.1735355705022812,0.06392426788806915,1.6875,-0.3526872992515564,0.0844985693693161,1.2914999723434448,0.08910267800092697,0.11332421004772186,1.5080000162124634,-0.13567708432674408,0.1272016167640686,1.2584999799728394
-0.009591988287866116,-0.056313466280698776,1.3055000305175781,0.0206441693007946,-0.08641302585601807,1.3459999561309814,-0.03491238132119179,-0.07274871319532394,1.162500023841858,0.08056777715682983,-0.12181209772825241,1.4019999504089355,-0.1902657300233841,-0.10218136012554169,1.2969999313354492,0.15712960064411163,0.07486150413751602,1.6875,-0.3560257852077484,0.0874478742480278,1.2734999656677246,0.0784870907664299,0.11937443912029266,1.4919999837875366,-0.14246241748332977,0.13002821803092957,1.246500015258789
-0.017949698492884636,-0.05178356543183327,1.2979999780654907,0.011774122714996338,-0.07889103144407272,1.3294999599456787,-0.04354887455701828,-0.06776499003171921,1.1419999599456787,0.06688971072435379,-0.11718504130840302,1.4010000228881836,-0.19566114246845245,-0.0975249782204628,1.2910000085830688,0.1492716521024704,0.08559507131576538,1.631500005722046,-0.3612763583660126,0.09286630898714066,1.2630000114440918,0.06626582890748978,0.12878510355949402,1.4889999628067017,-0.15121489763259888,0.13488653302192688,1.2355000972747803
-0.026271117851138115,-0.047412239015102386,1.2934999465942383,0.007372980006039143,-0.07365694642066956,1.312999963760376,-0.04652568697929382,-0.06308244168758392,1.124500036239624,0.062282755970954895,-0.11252426356077194,1.3994998931884766,-0.20060718059539795,-0.09272671490907669,1.2825000286102295,0.1332600861787796,0.08901610970497131,1.5980000495910645,-0.36653706431388855,0.09822185337543488,1.253000020980835,0.06137855350971222,0.13829633593559265,1.4874999523162842,-0.14842794835567474,0.13815966248512268,1.2290000915527344
-0.03652339056134224,-0.040870197117328644,1.2855000495910645,-0.0032397022005170584,-0.06676208972930908,1.3029999732971191,-0.0552155040204525,-0.058989014476537704,1.1159999370574951,0.057582367211580276,-0.10994147509336472,1.3954999446868896,-0.20348605513572693,-0.08595295995473862,1.2745000123977661,0.12874914705753326,0.09025826305150986,1.5744999647140503,-0.3696540594100952,0.09945203363895416,1.2430000305175781,0.06104845553636551,0.14234714210033417,1.4795000553131104,-0.15703177452087402,0.14092803001403809,1.218500018119812
-0.04064181074500084,-0.040822505950927734,1.284000039100647,-0.007442269008606672,-0.06868837773799896,1.2994999885559082,-0.060504570603370667,-0.05705263838171959,1.1134999990463257,0.05965058133006096,-0.10733307898044586,1.3910000324249268,-0.21058358252048492,-0.08342710137367249,1.2674999237060547,0.13313499093055725,0.09151940792798996,1.5964999198913574,-0.37232938408851624,0.10511232912540436,1.2384999990463257,0.056253865361213684,0.144744411110878,1.4795000553131104,-0.1595933586359024,0.14558571577072144,1.2079999446868896
-0.04240623489022255,-0.038455359637737274,1.2745000123977661,-0.01366917509585619,-0.06405539065599442,1.2910000085830688,-0.06382518261671066,-0.05500031262636185,1.1085000038146973,0.05924319103360176,-0.10436154156923294,1.381500005722046,-0.21614642441272736,-0.0831967294216156,1.2639999389648438,0.1265585869550705,0.0930747240781784,1.5789999961853027,-0.37327826023101807,0.104815274477005,1.2349998950958252,0.05356534942984581,0.14873038232326508,1.471500039100647,-0.16693776845932007,0.1471155881881714,1.2044999599456787
-0.04825841262936592,-0.03818380460143089,1.2655000686645508,-0.015559597872197628,-0.06530182808637619,1.2745000123977661,-0.06887020915746689,-0.05472741648554802,1.1029999256134033,0.05667458474636078,-0.0993061512708664,1.3734999895095825,-0.2186744660139084,-0.08057083934545517,1.2549999952316284,0.12315216660499573,0.09305918961763382,1.5364999771118164,-0.3766695559024811,0.10664340853691101,1.2330000400543213,0.046033866703510284,0.15224725008010864,1.4595000743865967,-0.17632955312728882,0.15070553123950958,1.2020000219345093
-0.053679123520851135,-0.037670861929655075,1.2484999895095825,-0.02154160849750042,-0.06670622527599335,1.2620000839233398,-0.07382812350988388,-0.05442971736192703,1.097000002861023,0.054330118000507355,-0.09686858206987381,1.3704999685287476,-0.22334222495555878,-0.0760161280632019,1.246999979019165,0.12315216660499573,0.09554882347583771,1.5364999771118164,-0.3840371370315552,0.1084650531411171,1.2309999465942383,0.043309926986694336,0.1533409059047699,1.4474999904632568,-0.1839669644832611,0.15641818940639496,1.2009999752044678
-0.052862223237752914,-0.0351053811609745,1.2295000553131104,-0.02563135325908661,-0.06466136872768402,1.2620000839233398,-0.07501982152462006,-0.05224424600601196,1.0885000228881836,0.0475289523601532,-0.09437166899442673,1.366499900817871,-0.22720102965831757,-0.06989837437868118,1.246000051498413,0.12315216660499573,0.10301774740219116,1.5364999771118164,-0.38597753643989563,0.10987642407417297,1.2244999408721924,0.04062487557530403,0.15672163665294647,1.435499906539917,-0.1894889771938324,0.15810050070285797,1.1990000009536743
