-0.004275057464838028,0.07654301077127457,1.0410000085830688,0.006338483653962612,0.03460320830345154,0.8760000467300415,-0.03350115939974785,0.05556902661919594,0.9175000190734863,0.04483573138713837,0.03551308438181877,1.13100004196167,-0.19537097215652466,0.12018409371376038,0.984000027179718,0.100129134953022,0.21900174021720886,1.2244999408721924,-0.16416805982589722,0.3061137795448303,0.9335000514984131,0.11177617311477661,0.2386256605386734,0.890500009059906,0,0,0
-0.004275057464838028,0.07654301077127457,1.0410000085830688,0.006273361854255199,0.0356525219976902,0.8669999837875366,-0.03498782217502594,0.054082371294498444,0.9175000190734863,0.05223533883690834,0.030055101960897446,1.1324999332427979,-0.19716554880142212,0.12190226465463638,0.9850000143051147,0.10198816657066345,0.21873347461223602,1.2230000495910645,-0.1671932488679886,0.30460119247436523,0.9335000514984131,0.11366407573223114,0.23956355452537537,0.8939999938011169,0,0,0
-0.0025882809422910213,0.07654301077127457,1.0410000085830688,0.006222711876034737,0.03536467254161835,0.8600000143051147,-0.03496875613927841,0.05553874373435974,0.9169999957084656,0.054189737886190414,0.030121449381113052,1.1349999904632568,-0.19716554880142212,0.12190226465463638,0.9850000143051147,0.10198816657066345,0.21873347461223602,1.2230000495910645,-0.1656806617975235,0.3151892423629761,0.9335000514984131,0.11366407573223114,0.23521782457828522,0.8939999938011169,0,0,0
-0.000902803847566247,0.0783424973487854,1.0425000190734863,0.00761620607227087,0.03675815835595131,0.8600000143051147,-0.03344639018177986,0.056962400674819946,0.9160000085830688,0.0542374849319458,0.030147990211844444,1.1360000371932983,-0.19736571609973907,0.12202602624893188,0.9860000014305115,0.10182137787342072,0.21837575733661652,1.2209999561309814,-0.1671932488679886,0.31821441650390625,0.9335000514984131,0.1138547882437706,0.23561248183250427,0.8955000042915344,0,0,0
-0.0009049688815139234,0.07853037863969803,1.0450000762939453,0.007611778564751148,0.035344112664461136,0.8595000505447388,-0.03190981596708298,0.05835091322660446,0.9144999980926514,0.052396778017282486,0.030147990211844444,1.1360000371932983,-0.19736571609973907,0.12362367659807205,0.9860000014305115,0.10362978279590607,0.22196842730045319,1.218999981880188,-0.17173101007938385,0.3136766850948334,0.9335000514984131,0.12546291947364807,0.24431852996349335,0.8955000042915344,0,0,0
-0.0009084328194148839,0.08053070306777954,1.0490000247955322,0.007611778564751148,0.03812946379184723,0.8595000505447388,-0.03166556358337402,0.059374723583459854,0.9075000286102295,0.0542374849319458,0.030147990211844444,1.1360000371932983,-0.19556951522827148,0.12349829822778702,0.9850000143051147,0.10182137787342072,0.21837575733661652,1.2209999561309814,-0.17163902521133423,0.31955572962760925,0.9330000281333923,0.12032696604728699,0.23984624445438385,0.9004999995231628,0,0,0
-0.0009118967573158443,0.08083777129650116,1.0529999732971191,0.009004462510347366,0.03812946379184723,0.8595000505447388,-0.03284391760826111,0.060308799147605896,0.8995000123977661,0.056078195571899414,0.030147990211844444,1.1360000371932983,-0.19556951522827148,0.12349829822778702,0.9850000143051147,0.10362978279590607,0.2180180698633194,1.218999981880188,-0.1741945743560791,0.3126686215400696,0.9305000305175781,0.12386108934879303,0.24251119792461395,0.9049999713897705,0,0,0
0.000794323394075036,0.08425018936395645,1.0529999732971191,0.009004462510347366,0.040914811193943024,0.8595000505447388,-0.03284391760826111,0.06322377920150757,0.8995000123977661,0.05786791816353798,0.030121449381113052,1.1349999904632568,-0.19556951522827148,0.12349829822778702,0.9850000143051147,0.10148781538009644,0.21766036748886108,1.2170000076293945,-0.17823758721351624,0.2997991740703583,0.9279999732971191,0.11979187279939651,0.24171069264411926,0.9075000286102295,0,0,0
0.000794323394075036,0.0859563946723938,1.0529999732971191,0.009004462510347366,0.04370016232132912,0.8595000505447388,-0.03278914466500282,0.0631183460354805,0.8980000019073486,0.05781693011522293,0.03009491041302681,1.1339999437332153,-0.19537097215652466,0.12337291985750198,0.984000027179718,0.09935231506824493,0.2212400734424591,1.215000033378601,-0.1766386777162552,0.3161691129207611,0.9275000095367432,0.11858217418193817,0.24224337935447693,0.909500002861023,0,0,0
0.000794323394075036,0.08766260743141174,1.0529999732971191,0.010391097515821457,0.045066606253385544,0.859000027179718,-0.0312642902135849,0.06442958861589432,0.8960000276565552,0.05781693011522293,0.03009491041302681,1.1339999437332153,-0.19397349655628204,0.12190226465463638,0.9850000143051147,0.10328973829746246,0.22320878505706787,1.215000033378601,-0.17775742709636688,0.2989915609359741,0.9255000352859497,0.11871255934238434,0.24250973761081696,0.9105000495910645,0,0,0
-0.0009118967573158443,0.09107502549886703,1.0529999732971191,0.010391097515821457,0.047850336879491806,0.859000027179718,-0.031177056953310966,0.065697580575943,0.8934999704360962,0.059601787477731705,0.03374003991484642,1.1329998970031738,-0.19417041540145874,0.12362367659807205,0.9860000014305115,0.10311971604824066,0.22677229344844818,1.2130000591278076,-0.17737329006195068,0.30133819580078125,0.9235000014305115,0.11723723262548447,0.24103443324565887,0.9105000495910645,0,0,0
-0.0009118967573158443,0.09619365632534027,1.0529999732971191,0.010379001498222351,0.053355611860752106,0.8580000400543213,-0.029646102339029312,0.06840119510889053,0.8910000324249268,0.057689469307661057,0.028195159509778023,1.131500005722046,-0.19417041540145874,0.12202602624893188,0.9860000014305115,0.10473866015672684,0.22798344492912292,1.2089999914169312,-0.1747342199087143,0.3038403391838074,0.9175000190734863,0.12058387696743011,0.2462691217660904,0.9135000109672546,0,0,0
0.0024969817604869604,0.09605663269758224,1.0515000820159912,0.013144170865416527,0.05329342186450958,0.8569999933242798,-0.027933329343795776,0.06774865835905075,0.8824999928474426,0.06305010616779327,0.026303507387638092,1.128999948501587,-0.19417041540145874,0.12202602624893188,0.9860000014305115,0.10456539690494537,0.22760631144046783,1.2070000171661377,-0.17211461067199707,0.30333030223846436,0.9114999771118164,0.12386796623468399,0.2529126703739166,0.9270000457763672,0,0,0
0.002492232248187065,0.09927500039339066,1.0494999885559082,0.013136502355337143,0.05465014651417732,0.8565000295639038,-0.026203056797385216,0.06839470565319061,0.8725000023841858,0.061112284660339355,0.03538748249411583,1.1269999742507935,-0.19078141450881958,0.12509430944919586,0.9850000143051147,0.10652115195989609,0.23151779174804688,1.2070000171661377,-0.17183136940002441,0.3087291121482849,0.9099999666213989,0.12249362468719482,0.2548007071018219,0.9394999742507935,0,0,0
0.0024886701721698046,0.10083121806383133,1.0479999780654907,0.013105827383697033,0.05590710788965225,0.8544999957084656,-0.02747436985373497,0.06944840401411057,0.8680000305175781,0.06470707058906555,0.02988259866833687,1.125999927520752,-0.18918538093566895,0.12190226465463638,0.9850000143051147,0.10834208875894547,0.22732344269752502,1.2055000066757202,-0.1717369556427002,0.29382258653640747,0.909500002861023,0.1244119331240654,0.25561434030532837,0.9424999952316284,0,0,0
0.0024886701721698046,0.10083121806383133,1.0479999780654907,0.014490408822894096,0.057291679084300995,0.8544999957084656,-0.02588771842420101,0.0703650638461113,0.8619999885559082,0.06647249311208725,0.029856063425540924,1.125,-0.18918538093566895,0.12349829822778702,0.9850000143051147,0.10811741650104523,0.22490277886390686,1.2030000686645508,-0.1717369556427002,0.30266475677490234,0.909500002861023,0.12347149103879929,0.2553003430366516,0.9470000267028809,0,0,0
0.0007897972827777267,0.10073500126600266,1.0469999313354492,0.014490408822894096,0.057291679084300995,0.8544999957084656,-0.02711036615073681,0.06991609930992126,0.8565000295639038,0.06641341000795364,0.02982952632009983,1.124000072479248,-0.18730366230010986,0.12171662598848343,0.9835000038146973,0.10421887040138245,0.22490277886390686,1.2030000686645508,-0.1717369556427002,0.30855950713157654,0.909500002861023,0.12405820190906525,0.25651347637176514,0.9514999985694885,0,0,0
0.002476796740666032,0.10204015672206879,1.0429999828338623,0.014456492848694324,0.05715758353471756,0.8524999618530273,-0.02419266104698181,0.07088766992092133,0.8515000343322754,0.06635431945323944,0.027983352541923523,1.1230000257492065,-0.18730366230010986,0.12171662598848343,0.9835000038146973,0.10616815090179443,0.22685202956199646,1.2030000686645508,-0.1717369556427002,0.2923488914966583,0.909500002861023,0.1259959638118744,0.2604154348373413,0.9544999599456787,0,0,0
0.0024672981817275286,0.09996531158685684,1.0390000343322754,0.014456492848694324,0.05715758353471756,0.8524999618530273,-0.024050602689385414,0.067728191614151,0.846500039100647,0.06447720527648926,0.033412471413612366,1.121999979019165,-0.18749409914016724,0.1234356090426445,0.984499990940094,0.10811741650104523,0.22490277886390686,1.2030000686645508,-0.1717369556427002,0.3011910617351532,0.909500002861023,0.12471011281013489,0.26096111536026,0.9564999938011169,0,0,0
0.0024672981817275286,0.09996531158685684,1.0390000343322754,0.014456492848694324,0.05853891372680664,0.8524999618530273,-0.025347139686346054,0.06889572739601135,0.843999981880188,0.06620660424232483,0.02973663993179798,1.120500087738037,-0.18720842897891998,0.12165474146604538,0.9829999804496765,0.10630051791667938,0.22518318891525269,1.2044999599456787,-0.17321065068244934,0.29971736669540405,0.909500002861023,0.1267879754304886,0.26360878348350525,0.9605000019073486,0,0,0
