0,0,0,0,0,0,0.4758484363555908,-0.32554611563682556,1.5499999523162842,0.30839139223098755,-0.2850092947483063,1.8394999504089355,0.48347634077072144,-0.1780562549829483,1.7005000114440918,0,0,0,0.5250017642974854,0.061850406229496,1.7855000495910645,0,0,0,0.9728053212165833,0.3994996249675751,2.921999931335449
0.47486376762390137,-0.3014000952243805,1.5549999475479126,0,0,0,0.4758484363555908,-0.3230345845222473,1.5499999523162842,0.31940340995788574,-0.2868685722351074,1.8515000343322754,0.4831238090991974,-0.18171541392803192,1.7089999914169312,0,0,0,0.5163224339485168,0.061850406229496,1.7855000495910645,0,0,0,0.9432852864265442,0.41115498542785645,2.9040000438690186
0.4830431342124939,-0.30178773403167725,1.556999921798706,0,0,0,0.4819573163986206,-0.32376399636268616,1.5534999370574951,0.32016289234161377,-0.2933129072189331,1.8734999895095825,0.47814440727233887,-0.17915567755699158,1.7109999656677246,0,0,0,0.5076430439949036,0.06763660907745361,1.7855000495910645,0,0,0,0.9066140651702881,0.41455572843551636,2.8625001907348633
0.48981308937072754,-0.2977902591228485,1.5625,0,0,0,0.5266470313072205,-0.34740570187568665,1.6800000667572021,0.3227262496948242,-0.2956612706184387,1.8884999752044678,0.4743949770927429,-0.18261919915676117,1.7174999713897705,0,0,0,0.501856803894043,0.06763660907745361,1.7855000495910645,0,0,0,0.8834229707717896,0.40527933835983276,2.8625001907348633
0.5072662234306335,-0.31692615151405334,1.5694999694824219,0,0,0,0.5899423360824585,-0.40016207098960876,1.8344999551773071,0.3333123028278351,-0.29998669028282166,1.8964999914169312,0.47271037101745605,-0.18304450809955597,1.7214999198913574,0,0,0,0.4891654849052429,0.06788283586502075,1.7920000553131104,0,0,0,0.8774086833000183,0.4205658733844757,2.9040000438690186
0.5596866607666016,-0.3434276282787323,1.7144999504089355,0,0,0,0.5954487323760986,-0.40594252943992615,1.8609999418258667,0.33206769824028015,-0.3016475737094879,1.906999945640564,0.4678099453449249,-0.18610379099845886,1.7239999771118164,0,0,0,0.47583913803100586,0.06223144754767418,1.7964999675750732,0,0,0,0.880638599395752,0.43374472856521606,2.994999885559082
0.5916374921798706,-0.3692605793476105,1.8585000038146973,0,0,0,0.5865218043327332,-0.4050922393798828,1.871000051498413,0.32674217224121094,-0.2993403971195221,1.9119999408721924,0.46222299337387085,-0.1888972520828247,1.7239999771118164,0,0,0,0.4666500389575958,0.05963420867919922,1.805999994277954,0,0,0,0.833928108215332,0.4223761558532715,2.9165000915527344
0.6869195699691772,-0.43313857913017273,2.180000066757202,0,0,0,0.5868183374404907,-0.40953072905540466,1.8914999961853027,0.32096511125564575,-0.2935275733470917,1.9144999980926514,0.45769551396369934,-0.19213545322418213,1.7279999256134033,0,0,0,0.45964571833610535,0.05105236545205116,1.812999963760376,0,0,0,0.8102995157241821,0.4223761558532715,2.9165000915527344
0.8269612193107605,-0.5241374373435974,2.638000011444092,0,0,0,0.6184495091438293,-0.4296332597732544,2.014500141143799,0.3156650960445404,-0.27570459246635437,1.9200000762939453,0.45366543531417847,-0.19280259311199188,1.7339999675750732,0,0,0,0.45024195313453674,0.054272931069135666,1.8224999904632568,0,0,0,0.8176898956298828,0.4390307664871216,3.0314998626708984
0.8666545152664185,-0.5505069494247437,2.7934999465942383,0,0,0,0.6422969698905945,-0.45096030831336975,2.114500045776367,0.3125540316104889,-0.2694825232028961,1.9200000762939453,0.4565759599208832,-0.19809406995773315,1.75600004196167,0.2559415102005005,-0.07991164177656174,1.7855000495910645,0.4502340257167816,0.04571278765797615,1.8345000743865967,0,0,0,0.798041582107544,0.4390307664871216,3.0314998626708984
0.8661976456642151,-0.5560247898101807,2.821499824523926,0,0,0,0.6320183277130127,-0.45096030831336975,2.114500045776367,0.30992648005485535,-0.27925124764442444,1.9229999780654907,0.4566626250743866,-0.20351405441761017,1.7785000801086426,0.2443690448999405,-0.07412543147802353,1.7855000495910645,0.44191786646842957,0.04279853403568268,1.8370000123977661,0,0,0,0.8165083527565002,0.44227975606918335,3.1599998474121094
0.8584285974502563,-0.5768076181411743,2.8565001487731934,0,0,0,0.6451299786567688,-0.4767351448535919,2.2185001373291016,0.31304240226745605,-0.28548306226730347,1.9229999780654907,0.4335117042064667,-0.21643155813217163,1.7899999618530273,0.2501552700996399,-0.06544612348079681,1.7855000495910645,0.41271308064460754,0.036895573139190674,1.8394999504089355,0,0,0,0.8105120062828064,0.3981934189796448,3.2174999713897705
0.8491716384887695,-0.5814360976219177,2.8565001487731934,0,0,0,0.6379405856132507,-0.4839245676994324,2.2185001373291016,0.3169803321361542,-0.28934934735298157,1.9279999732971191,0.42275500297546387,-0.22714512050151825,1.805999994277954,0.24105478823184967,-0.07781653106212616,1.803999900817871,0.39686843752861023,0.03409012779593468,1.8489999771118164,0,0,0,0.8052985072135925,0.37733975052833557,3.2174999713897705
0.8399146199226379,-0.5860645771026611,2.8565001487731934,0,0,0,0.6236225962638855,-0.48477232456207275,2.2059998512268066,0.32635238766670227,-0.2955973744392395,1.9279999732971191,0.4051969647407532,-0.23007142543792725,1.805999994277954,0.28009966015815735,-0.052807968109846115,1.8494999408721924,0.3783359229564667,0.03732680901885033,1.8610000610351562,0.38343390822410583,0.028739791363477707,1.7089999914169312,0.7948715686798096,0.37212634086608887,3.2174999713897705
0.8469942808151245,-0.6009392738342285,2.928999900817871,0.43590253591537476,-0.3342656195163727,1.4989999532699585,0.5598331093788147,-0.44606468081474304,2.0149998664855957,0.3388484716415405,-0.2955973744392395,1.9279999732971191,0.38379454612731934,-0.23128165304660797,1.815500020980835,0.30303090810775757,-0.05918309837579727,1.8615000247955322,0.36775022745132446,0.028394469991326332,1.868499994277954,0.3949722349643707,0.0398629792034626,1.7109999656677246,0.756280243396759,0.3464109003543854,3.0815000534057617
0.8327562808990479,-0.6009392738342285,2.928999900817871,0.4314761161804199,-0.33703142404556274,1.500499963760376,0.5500381588935852,-0.449329674243927,2.0149998664855957,0.3388484716415405,-0.2987213432788849,1.9279999732971191,0.3670516908168793,-0.22890593111515045,1.8199999332427979,0.31207969784736633,-0.05315060168504715,1.8615000247955322,0.34141290187835693,0.02847045287489891,1.873500108718872,0.4125688970088959,0.02606182172894478,1.7149999141693115,0.6318758726119995,0.2949943244457245,2.6624999046325684
0.8461718559265137,-0.6274165511131287,3.010499954223633,0.4250302314758301,-0.33770525455474854,1.503499984741211,0.5402432084083557,-0.4525946378707886,2.0149998664855957,0.3566652238368988,-0.2885989546775818,1.9229999780654907,0.34935757517814636,-0.2348039299249649,1.8199999332427979,0.3401833176612854,-0.050726864486932755,1.883500099182129,0.3183967173099518,0.022488737478852272,1.88100004196167,0.4223932921886444,0.017906082794070244,1.7324999570846558,0.5085469484329224,0.23694437742233276,2.203000068664551
0.8423100709915161,-0.63554447889328,3.049499988555908,0.4199443459510803,-0.34195128083229065,1.5115000009536743,0.5044215321540833,-0.4330533742904663,1.9279999732971191,0.3660576641559601,-0.28310778737068176,1.9070000648498535,0.3237069845199585,-0.22745954990386963,1.808500051498413,0.35992228984832764,-0.05705694854259491,1.8910000324249268,0.3021836578845978,0.019575251266360283,1.8940000534057617,0.4546516537666321,0.013143002055585384,1.8524999618530273,0.4472169578075409,0.2208077609539032,2.0225000381469727
0.8334692716598511,-0.6389783024787903,3.0900001525878906,0.45912671089172363,-0.38004475831985474,1.6920000314712524,0.49504947662353516,-0.42992934584617615,1.9279999732971191,0.3747371733188629,-0.2795772850513458,1.9040000438690186,0.3016015887260437,-0.22917968034744263,1.7990000247955322,0.3794097900390625,-0.06698480248451233,1.9119999408721924,0.2880505919456482,0.019657934084534645,1.9019999504089355,0.5382000803947449,0.015157907269895077,2.1364998817443848,0.42186447978019714,0.23910315334796906,2.010999917984009
0.8134417533874512,-0.6339714527130127,3.0900001525878906,0.6554210782051086,-0.5558041930198669,2.4744999408721924,0.4825533926486969,-0.4268053472042084,1.9279999732971191,0.37782230973243713,-0.28266239166259766,1.9040000438690186,0.2899416387081146,-0.22334972023963928,1.7990000247955322,0.38560593128204346,-0.08867132663726807,1.9119999408721924,0.27299949526786804,0.02276969701051712,1.9045000076293945,0.7042345404624939,0.02360476553440094,2.7084999084472656,0.39579644799232483,0.24562013149261475,2.010999917984009
