0.3714262545108795,-0.27015289664268494,1.6089999675750732,0.40196967124938965,-0.2949855327606201,1.616499900817871,0.33218422532081604,-0.29666098952293396,1.5835000276565552,0.41401708126068115,-0.12588322162628174,1.781000018119812,0.2039170116186142,-0.1485583782196045,1.5640000104904175,0.40575680136680603,0.08735157549381256,1.8350000381469727,0.04787677153944969,-0.16420428454875946,1.3765000104904175,0.47766411304473877,0.2956797480583191,1.933500051498413,0.03882184997200966,-0.3124588429927826,1.2975000143051147
0.37096455693244934,-0.26721322536468506,1.6069999933242798,0.40047770738601685,-0.29389065504074097,1.6104999780654907,0.3347500264644623,-0.29409515857696533,1.5835000276565552,0.4197887182235718,-0.12876902520656586,1.781000018119812,0.20463410019874573,-0.1516239047050476,1.5694999694824219,0.3972436189651489,0.0826079323887825,1.7964999675750732,0.036724768579006195,-0.16197389364242554,1.3765000104904175,0.4745311737060547,0.30194559693336487,1.933500051498413,-0.007430815137922764,-0.30615168809890747,1.2975000143051147
0.37096455693244934,-0.2698170840740204,1.6069999933242798,0.40010470151901245,-0.29361692070961,1.6089999675750732,0.33432722091674805,-0.29628628492355347,1.5815000534057617,0.4226745367050171,-0.12876902520656586,1.781000018119812,0.2029922902584076,-0.15485461056232452,1.5764999389648438,0.3869969844818115,0.07358729839324951,1.7894999980926514,0.030142659321427345,-0.16032376885414124,1.381500005722046,0.4682652950286865,0.2988126575946808,1.933500051498413,-0.05788826942443848,-0.3019469380378723,1.2975000143051147
0.368360698223114,-0.2724209725856781,1.6069999933242798,0.40047770738601685,-0.29910972714424133,1.6104999780654907,0.33176466822624207,-0.29884886741638184,1.5815000534057617,0.41919949650764465,-0.12858827412128448,1.7785000801086426,0.1957625448703766,-0.16031865775585175,1.5800000429153442,0.3884061872959137,0.06989768892526627,1.7695000171661377,0.016911238431930542,-0.164503812789917,1.3980000019073486,0.4657337963581085,0.29606205224990845,1.9359999895095825,-0.09993614256381989,-0.2956397831439972,1.2975000143051147
0.3627009391784668,-0.2772831916809082,1.6050000190734863,0.39228329062461853,-0.30143827199935913,1.6089999675750732,0.32736238837242126,-0.30464667081832886,1.5850000381469727,0.4134359359741211,-0.13435180485248566,1.7785000801086426,0.18826068937778473,-0.16559597849845886,1.5815000534057617,0.3826717734336853,0.05842897668480873,1.7695000171661377,0.005688919220119715,-0.16525590419769287,1.4240000247955322,0.4625450372695923,0.2885759770870209,1.9490000009536743,-0.20954973995685577,-0.43411192297935486,2.0355000495910645
0.35489898920059204,-0.2824844717979431,1.6050000190734863,0.384461909532547,-0.3066524863243103,1.6089999675750732,0.3200610280036926,-0.31017401814460754,1.5870000123977661,0.4134359359741211,-0.13723355531692505,1.7785000801086426,0.18177184462547302,-0.1692749708890915,1.5920000076293945,0.37459418177604675,0.058065757155418396,1.7584999799728394,-0.008255506865680218,-0.1626153588294983,1.441499948501587,0.4625450372695923,0.2791019380092621,1.9490000009536743,-0.33421847224235535,-0.5345930457115173,2.804999828338623
0.3314931392669678,-0.28768572211265564,1.6050000190734863,0.36099773645401,-0.31186673045158386,1.6089999675750732,0.2969176769256592,-0.31274548172950745,1.5870000123977661,0.3990270495414734,-0.1516423523426056,1.7785000801086426,0.16723443567752838,-0.18060852587223053,1.6009999513626099,0.36889544129371643,0.05521640554070473,1.7584999799728394,-0.03174431994557381,-0.12811076641082764,1.4474999904632568,0.44927626848220825,0.2806771695613861,1.9600000381469727,-0.44868746399879456,-0.37007421255111694,2.868499994277954
0.31068795919418335,-0.28768572211265564,1.6050000190734863,0.34274783730506897,-0.31447383761405945,1.6089999675750732,0.2789172828197479,-0.31531694531440735,1.5870000123977661,0.38749992847442627,-0.15452413260936737,1.7785000801086426,0.15426360070705414,-0.1780143827199936,1.6009999513626099,0.3631967008113861,0.04951769486069679,1.7584999799728394,-0.04138180986046791,-0.1053071841597557,1.4565000534057617,0.4524853825569153,0.279483437538147,1.9739999771118164,-0.5211915373802185,-0.24811875820159912,2.9099998474121094
0.29471635818481445,-0.28732722997665405,1.6029999256134033,0.3271050453186035,-0.31447383761405945,1.6089999675750732,0.26348838210105896,-0.31531694531440735,1.5870000123977661,0.37597280740737915,-0.15740588307380676,1.7785000801086426,0.14406666159629822,-0.17823675274848938,1.6029999256134033,0.3574979603290558,0.04951769486069679,1.7584999799728394,-0.05097893625497818,-0.07959217578172684,1.4609999656677246,0.45452168583869934,0.2859756648540497,1.996999979019165,-0.5233407616615295,-0.1023690328001976,2.921999931335449
0.2765344977378845,-0.28732722997665405,1.6029999256134033,0.30914306640625,-0.3147670030593872,1.6104999780654907,0.2454880177974701,-0.31274548172950745,1.5870000123977661,0.3591862916946411,-0.16051295399665833,1.781000018119812,0.13401061296463013,-0.17086990177631378,1.6069999933242798,0.3489498496055603,0.043818987905979156,1.7584999799728394,-0.05113595724105835,-0.04421838000416756,1.465499997138977,0.44670748710632324,0.2839432656764984,2.005499839782715,-0.5259066820144653,0.04422151669859886,2.9099998474121094
0.2606244683265686,-0.2895628809928894,1.6009999513626099,0.291508287191391,-0.3180662989616394,1.6140000820159912,0.22770266234874725,-0.3156149685382843,1.5885000228881836,0.34715503454208374,-0.15740588307380676,1.7785000801086426,0.11672002077102661,-0.17750205099582672,1.6200000047683716,0.3522300720214844,0.0420413464307785,1.8044999837875366,-0.05413130670785904,-0.020709900185465813,1.4825000762939453,0.45249876379966736,0.28762441873550415,2.0314998626708984,-0.5211915373802185,0.18096132576465607,2.9099998474121094
0.24017076194286346,-0.28732722997665405,1.6029999256134033,0.273540198802948,-0.3184604346752167,1.6160000562667847,0.20968526601791382,-0.313041090965271,1.5885000228881836,0.33274614810943604,-0.15740588307380676,1.7785000801086426,0.09913452714681625,-0.17098844051361084,1.6330000162124634,0.3668247163295746,0.04722034931182861,1.8949999809265137,-0.057391468435525894,0.005800381302833557,1.5049999952316284,0.458604633808136,0.2902810871601105,2.0739998817443848,-0.45989400148391724,0.2988404631614685,2.9099998474121094
0.20095862448215485,-0.29215705394744873,1.6009999513626099,0.2316446304321289,-0.3210788667201996,1.6160000562667847,0.16866177320480347,-0.31848934292793274,1.590000033378601,0.30104658007621765,-0.15740588307380676,1.7785000801086426,0.05180583521723747,-0.1666603684425354,1.6424999237060547,0.36324238777160645,0.05152492597699165,1.941499948501587,-0.05815414711833,0.038000546395778656,1.524999976158142,0.46270713210105896,0.2950398027896881,2.1080000400543213,-0.3278407156467438,0.415424644947052,2.868499994277954
0.1776110976934433,-0.29215705394744873,1.6009999513626099,0.21069686114788055,-0.3210788667201996,1.6160000562667847,0.1482372283935547,-0.31888994574546814,1.5920000076293945,0.2899264097213745,-0.16051295399665833,1.781000018119812,0.033367834985256195,-0.1649475246667862,1.6519999504089355,0.356950581073761,0.054670803248882294,1.941499948501587,-0.063923679292202,0.04851256683468819,1.5449999570846558,0.5832653045654297,0.3746781647205353,2.677000045776367,-0.25033554434776306,0.3505852520465851,2.3940000534057617
0.15426360070705414,-0.29215705394744873,1.6009999513626099,0.18799908459186554,-0.3251996636390686,1.623500108718872,0.12259521335363388,-0.31929054856300354,1.593999981880188,0.26972562074661255,-0.1547413319349289,1.781000018119812,0.009287821128964424,-0.1597871631383896,1.6540000438690186,0.34481045603752136,0.05474120005965233,1.944000005722046,-0.06968899816274643,0.049046363681554794,1.562000036239624,0.7230647802352905,0.4733804166316986,3.3435001373291016,-0.19517618417739868,0.283490926027298,1.9574999809265137
0.12832191586494446,-0.2973453402519226,1.6009999513626099,0.16224059462547302,-0.32894086837768555,1.628999948501587,0.09934978187084198,-0.32187336683273315,1.593999981880188,0.2501552700996399,-0.15513232350349426,1.7855000495910645,-0.014832592569291592,-0.15442711114883423,1.6540000438690186,0.32906073331832886,0.05474120005965233,1.944000005722046,-0.08070708066225052,0.05471448227763176,1.5794999599456787,0.7068119645118713,0.48421555757522583,3.3435001373291016,-0.19358088076114655,0.26544439792633057,1.941499948501587
0.09719190001487732,-0.2973453402519226,1.6009999513626099,0.13072645664215088,-0.3293447196483612,1.63100004196167,0.06577305495738983,-0.32187336683273315,1.593999981880188,0.22380338609218597,-0.15491509437561035,1.7829999923706055,-0.04173373430967331,-0.15748707950115204,1.6579999923706055,0.3164609372615814,0.05159127712249756,1.944000005722046,-0.10342380404472351,0.04546279460191727,1.6145000457763672,0.6797239184379578,0.4787980318069458,3.3435001373291016,-0.2084478884935379,0.2424202710390091,1.933500051498413
0.06606189161539078,-0.2973453402519226,1.6009999513626099,0.09901311993598938,-0.3293447196483612,1.63100004196167,0.03736197575926781,-0.32445618510246277,1.593999981880188,0.20255228877067566,-0.154133141040802,1.7739999294281006,-0.07225292176008224,-0.1569013148546219,1.6805000305175781,0.29756128787994385,0.05474120005965233,1.944000005722046,-0.13666290044784546,0.04158879444003105,1.6690000295639038,0.6526358127593994,0.48421555757522583,3.3435001373291016,-0.2491759955883026,0.23302151262760162,1.933500051498413
0.034931883215904236,-0.2973453402519226,1.6009999513626099,0.06729978322982788,-0.3319874703884125,1.63100004196167,0.0037852483801543713,-0.32445618510246277,1.593999981880188,0.17643292248249054,-0.15104550123214722,1.7714999914169312,-0.10293557494878769,-0.1580217033624649,1.6924999952316284,0.2751573622226715,0.054670803248882294,1.941499948501587,-0.17256024479866028,0.047954872250556946,1.7030000686645508,0.6554359793663025,0.5220703482627869,3.565000057220459,-0.2961699664592743,0.23302151262760162,1.933500051498413
0.003798309015110135,-0.29706674814224243,1.5994999408721924,0.035630084574222565,-0.3323945701122284,1.6330000162124634,-0.024625830352306366,-0.32187336683273315,1.593999981880188,0.15004640817642212,-0.15621106326580048,1.7649999856948853,-0.12840916216373444,-0.16728033125400543,1.7030000686645508,0.24614502489566803,0.06078985705971718,1.9359999895095825,-0.20642906427383423,0.04036388918757439,1.7325000762939453,0.6207768321037292,0.5393998026847839,3.565000057220459,-0.32978594303131104,0.2409580796957016,1.9470000267028809
