0.17223742604255676,-0.40696147084236145,3.6075000762939453,0,0,0,0.10979005694389343,-0.3438393771648407,2.7695000171661377,-0.10940813273191452,-0.18472957611083984,2.0134999752044678,-0.046906404197216034,-0.029051797464489937,1.8634999990463257,0.040128711611032486,-0.0021749516017735004,2.1600000858306885,0.08798357844352722,0.1966198980808258,1.9769999980926514,0.2147742509841919,0.07360169291496277,2.2290000915527344,0.26388266682624817,0.15371918678283691,2.187000036239624
0.17670060694217682,-0.39220282435417175,3.5794999599456787,0,0,0,0.08405251801013947,-0.24959731101989746,2.0369999408721924,-0.10848440229892731,-0.16699495911598206,1.996500015258789,-0.034734923392534256,-0.038008011877536774,1.8585000038146973,0.036569420248270035,-0.0021714274771511555,2.1565001010894775,0.08798357844352722,0.1966198980808258,1.9769999980926514,0.20457947254180908,0.06658671051263809,2.2360000610351562,0.2497079223394394,0.15726284682750702,2.187000036239624
0.18830063939094543,-0.3806028664112091,3.5794999599456787,0,0,0,0.09601370990276337,-0.24315299093723297,2.010999917984009,-0.1043795496225357,-0.16561482846736908,1.9800000190734863,-0.028673486784100533,-0.031942207366228104,1.8559999465942383,0.03987790644168854,0.0013166845310479403,2.1465001106262207,0.09450977295637131,0.19366107881069183,1.9795000553131104,0.21975763142108917,0.07042957097291946,2.243000030517578,0.26742637157440186,0.16435016691684723,2.187000036239624
0.2120620161294937,-0.38161298632621765,3.5889999866485596,0,0,0,0.10578923672437668,-0.24315299093723297,2.010999917984009,-0.10017488896846771,-0.1639837771654129,1.9605000019073486,-0.02566613256931305,-0.034949541091918945,1.8559999465942383,0.04303279519081116,0.0047589875757694244,2.130500078201294,0.10733964294195175,0.19366107881069183,1.9795000553131104,0.21612320840358734,0.06679516285657883,2.243000030517578,0.27805742621421814,0.17498116195201874,2.187000036239624
0.23069128394126892,-0.3718893826007843,3.6075000762939453,0,0,0,0.11778925359249115,-0.23457679152488708,1.993499994277954,-0.09382153302431107,-0.1735137552022934,1.9605000019073486,-0.02566613256931305,-0.034949541091918945,1.8559999465942383,0.04303279519081116,-0.0021452473010867834,2.130500078201294,0.11728701740503311,0.19419915974140167,1.9850000143051147,0.21319930255413055,0.07066507637500763,2.250500202178955,0.2851448357105255,0.18206851184368134,2.187000036239624
0.25407281517982483,-0.3718893826007843,3.6075000762939453,0,0,0,0.13394001126289368,-0.23134666681289673,1.993499994277954,-0.08111481368541718,-0.17033711075782776,1.9605000019073486,-0.01062935870140791,-0.037956882268190384,1.8559999465942383,0.055587396025657654,0.004654001444578171,2.0834999084472656,0.13377203047275543,0.19478614628314972,1.9909999370574951,0.21043507754802704,0.0647658258676529,2.3000001907348633,0.31703799962997437,0.20687416195869446,2.187000036239624
0.2847525477409363,-0.3679211735725403,3.625999927520752,0,0,0,0.2069724202156067,-0.3234771192073822,2.749000072479248,-0.06821616739034653,-0.16669148206710815,1.9550000429153442,0.010450202971696854,-0.03504369780421257,1.8610000610351562,0.027941694483160973,-0.015253566205501556,2.0370001792907715,0.14689745008945465,0.19507965445518494,1.99399995803833,0.2546113133430481,0.08918925374746323,2.994999885559082,0.33121275901794434,0.22459249198436737,2.187000036239624
0.3366648256778717,-0.38009727001190186,3.745999813079834,0,0,0,0.23815268278121948,-0.3190228343009949,2.749000072479248,-0.05871286615729332,-0.16985924541950226,1.9550000429153442,0.01954895444214344,-0.0411849319934845,1.8660000562667847,0.0597512423992157,0.004460782743990421,1.996999979019165,0.1630522608757019,0.19507965445518494,1.99399995803833,0,0,0,0.37373700737953186,0.21041783690452576,2.187000036239624
0.36094406247138977,-0.36795774102211,3.745999813079834,0,0,0,0.18590177595615387,-0.22198984026908875,1.996500015258789,-0.03981795907020569,-0.1639837771654129,1.9605000019073486,0.04379601776599884,-0.04729528725147247,1.868499994277954,0.0741242989897728,0.010672354139387608,1.9494999647140503,0.17920707166194916,0.17892494797706604,1.99399995803833,0.2691701054573059,0.09404215961694717,2.994999885559082,0.4020865261554718,0.21396149694919586,2.187000036239624
0.4187256395816803,-0.3630064129829407,3.888000011444092,0,0,0,0.21178190410137177,-0.21551984548568726,1.996500015258789,-0.03037288598716259,-0.16762937605381012,1.965999960899353,0.06828990578651428,-0.04444538801908493,1.8760000467300415,0,0,0,0.20474626123905182,0.17542967200279236,1.9909999370574951,0,0,0,0.44672003388404846,0.22387363016605377,2.180000066757202
0.4666936695575714,-0.35968828201293945,3.9205000400543213,0,0,0,0.345333069562912,-0.30845898389816284,2.9010000228881836,-0.014422882348299026,-0.17055432498455048,1.9630000591278076,0.08066336810588837,-0.041516002267599106,1.88100004196167,0,0,0,0.22732897102832794,0.1818818300962448,1.9909999370574951,0,0,0,0.47280001640319824,0.2474595308303833,2.1700000762939453
0.4921038746833801,-0.34698328375816345,3.9205000400543213,0,0,0,0.3710610866546631,-0.30086183547973633,2.9184999465942383,-0.004888146184384823,-0.17400053143501282,1.965999960899353,0.09297824651002884,-0.04462307691574097,1.883500099182129,0,0,0,0.23413343727588654,0.17569400370121002,1.99399995803833,0,0,0,0.4478727877140045,0.24657554924488068,2.1024999618530273
0.5175140500068665,-0.3342782258987427,3.9205000400543213,0,0,0,0.3919812738895416,-0.288148432970047,2.933499813079834,0.011070700362324715,-0.17448730766773224,1.9714999198913574,0.10884121060371399,-0.04487183690071106,1.8940000534057617,0,0,0,0.24991169571876526,0.17865575850009918,1.9909999370574951,0,0,0,0.3140065371990204,0.17935709655284882,1.5084999799728394
0.5272437930107117,-0.3071349561214447,3.8984999656677246,0,0,0,0.2845833897590637,-0.19186680018901825,2.054999828338623,0.020800882950425148,-0.17894354462623596,1.9854999780654907,0.11854660511016846,-0.03581574931740761,1.9019999504089355,0,0,0,0.2531377673149109,0.1818818300962448,1.9909999370574951,0,0,0,0.19672074913978577,0.11414173990488052,0.9599999785423279
0.4014004170894623,-0.2242092341184616,2.9679999351501465,0,0,0,0.289594441652298,-0.18293951451778412,2.066999912261963,0.03045245260000229,-0.17572638392448425,1.9854999780654907,0.12487431615591049,-0.038948751986026764,1.9045000076293945,0,0,0,0.25275635719299316,0.17194411158561707,1.9880000352859497,0,0,0,0.18738757073879242,0.12036381661891937,0.9599999785423279
0.28164297342300415,-0.1505679339170456,2.0824999809265137,0,0,0,0.2891741394996643,-0.17598526179790497,2.063999891281128,0.033907048404216766,-0.17696544528007507,1.999500036239624,0.13139022886753082,-0.042145028710365295,1.9094998836517334,0,0,0,0.23665016889572144,0.13973192870616913,1.9880000352859497,0,0,0,0.16983333230018616,0.11229302734136581,0.9574999809265137
0.27786776423454285,-0.15035103261470795,2.0794999599456787,0,0,0,0.2858297526836395,-0.17598526179790497,2.063999891281128,0.040558479726314545,-0.18097135424613953,2.007999897003174,0.122108094394207,-0.045239049941301346,1.9094998836517334,0,0,0,0.2334289252758026,0.13006827235221863,1.9880000352859497,0,0,0,0.1536739021539688,0.10100901871919632,0.9535000324249268
0.27112877368927,-0.15035103261470795,2.0794999599456787,0,0,0,0.2862452268600464,-0.17289184033870697,2.066999912261963,0.040558479726314545,-0.17771773040294647,2.007999897003174,0.11250100284814835,-0.0512789748609066,1.9040000438690186,0,0,0,0.2334289252758026,0.1171833798289299,1.9880000352859497,0,0,0,0.15448634326457977,0.10053230822086334,0.9490000009536743
0.26597902178764343,-0.151254802942276,2.0920000076293945,0,0,0,0.2804257869720459,-0.1734355241060257,2.073499917984009,0.030889568850398064,-0.17498542368412018,2.0139999389648438,0.10324560105800629,-0.06053430959582329,1.9040000438690186,0,0,0,0.2302076816558838,0.11074094474315643,1.9880000352859497,0,0,0,0.14987322688102722,0.0974569171667099,0.9490000009536743
0.25242000818252563,-0.14786507189273834,2.0920000076293945,0,0,0,0.2669866681098938,-0.1734355241060257,2.073499917984009,0.02116231806576252,-0.17877979576587677,2.0199999809265137,0.09707534313201904,-0.06361942738294601,1.9040000438690186,0,0,0,0.22732897102832794,0.10445588827133179,1.9909999370574951,0,0,0,0.14987322688102722,0.09591922163963318,0.9490000009536743
