0.06422093510627747,-0.38749706745147705,1.6200000047683716,0.09323874861001968,-0.4004628360271454,1.5780000686645508,0.044746432453393936,-0.3348245322704315,1.2864999771118164,0.23006783425807953,-0.25647813081741333,1.6050000190734863,0.09846853464841843,-0.31823939085006714,1.7135000228881836,0.24672269821166992,0.0039336197078228,1.7609999179840088,0.08562291413545609,-0.12821747362613678,1.7345000505447388,0.17235371470451355,0.22007954120635986,1.8509999513626099,0.03578155115246773,0.03840209171175957,1.7714999914169312
0.08279955387115479,-0.38582244515419006,1.6239999532699585,0.11187655478715897,-0.4005535840988159,1.5885000228881836,0.05725385621190071,-0.33065542578697205,1.2864999771118164,0.24858000874519348,-0.26477715373039246,1.624000072479248,0.11075738817453384,-0.3272881507873535,1.7319999933242798,0.2754972577095032,-0.016222381964325905,1.7809998989105225,0.0884333997964859,-0.1310279369354248,1.7345000505447388,0.20617753267288208,0.1998915672302246,1.8585000038146973,0.04563330486416817,0.03947514295578003,1.821000099182129
0.1040748581290245,-0.38401687145233154,1.627500057220459,0.13292652368545532,-0.4019404649734497,1.5940001010894775,0.0773257464170456,-0.3665096163749695,1.4259999990463257,0.26504114270210266,-0.27344876527786255,1.6445000171661377,0.12038084119558334,-0.3305950462818146,1.749500036239624,0.29544275999069214,-0.022191593423485756,1.7969999313354492,0.09405435621738434,-0.13383840024471283,1.7345000505447388,0.22545257210731506,0.19793953001499176,1.868499994277954,0.05331750214099884,0.03778813034296036,1.8840000629425049
0.12059736996889114,-0.3889109492301941,1.6370000839233398,0.15014606714248657,-0.4092181921005249,1.6124999523162842,0.09857069700956345,-0.40647614002227783,1.5815000534057617,0.28299424052238464,-0.28341078758239746,1.6559998989105225,0.1261032223701477,-0.3441449999809265,1.7904999256134033,0.3207766115665436,-0.031124722212553024,1.808500051498413,0.09967532753944397,-0.13383840024471283,1.7345000505447388,0.24427016079425812,0.18632645905017853,1.873500108718872,0.06358657777309418,0.04156704246997833,1.9175000190734863
0.1401425004005432,-0.39431414008140564,1.6484999656677246,0.16849660873413086,-0.42112624645233154,1.6384999752044678,0.11212305724620819,-0.41175442934036255,1.5920000076293945,0.29479163885116577,-0.27905163168907166,1.6619999408721924,0.1311298906803131,-0.34981510043144226,1.8199999332427979,0.33920085430145264,-0.04001515358686447,1.812999963760376,0.10729962587356567,-0.13924869894981384,1.7675000429153442,0.2787744998931885,0.1718331128358841,1.88100004196167,0.07530298829078674,0.03972366824746132,1.9804999828338623
0.15456898510456085,-0.3970649242401123,1.6600000858306885,0.1834907978773117,-0.4251100420951843,1.6540000438690186,0.12474869936704636,-0.41951361298561096,1.621999979019165,0.30776992440223694,-0.2892037630081177,1.6740000247955322,0.13231870532035828,-0.35298648476600647,1.8364999294281006,0.35388922691345215,-0.04295281693339348,1.812999963760376,0.1148381307721138,-0.14515741169452667,1.8424999713897705,0.2978513240814209,0.1722898781299591,1.8860000371932983,0.08599187433719635,0.04517638683319092,2.0840001106262207
0.1686251163482666,-0.4011995494365692,1.6660000085830688,0.2012602984905243,-0.4341137409210205,1.6679999828338623,0.1398024559020996,-0.4279976487159729,1.6445000171661377,0.32675468921661377,-0.294357568025589,1.687999963760376,0.13354355096817017,-0.35024741291999817,1.8534998893737793,0.37152546644210815,-0.05514096841216087,1.8274999856948853,0.12175639718770981,-0.15000256896018982,1.9040000438690186,0.3139612674713135,0.1574264019727707,1.8910000324249268,0.08817881345748901,0.042862650007009506,2.13700008392334
0.18526580929756165,-0.40486881136894226,1.6700000762939453,0.2195628136396408,-0.44100654125213623,1.684000015258789,0.15650086104869843,-0.4299495816230774,1.6519999504089355,0.34123706817626953,-0.2950551211833954,1.6920000314712524,0.13673102855682373,-0.3567345142364502,1.8559999465942383,0.3903478980064392,-0.05272230878472328,1.8464999198913574,0.12309928983449936,-0.14853785932064056,1.9249999523162842,0.33154532313346863,0.16159376502037048,1.9040000438690186,0.08844701945781708,0.04646620899438858,2.1435000896453857
0.19927182793617249,-0.4085509479045868,1.6740000247955322,0.2337600141763687,-0.44478920102119446,1.687999963760376,0.17029623687267303,-0.43635720014572144,1.656000018119812,0.3563087284564972,-0.2934364378452301,1.6984999179840088,0.14030306041240692,-0.3551565706729889,1.8634999990463257,0.4079417288303375,-0.053064942359924316,1.8585000038146973,0.12674300372600555,-0.14289094507694244,1.9329999685287476,0.3519865572452545,0.16868916153907776,1.9144999980926514,0.0920703113079071,0.05002093315124512,2.1470000743865967
0.21851976215839386,-0.4144704341888428,1.6759999990463257,0.25320562720298767,-0.44805458188056946,1.690000057220459,0.18907925486564636,-0.44172370433807373,1.656000018119812,0.36915555596351624,-0.297670841217041,1.7070000171661377,0.15016309916973114,-0.35402676463127136,1.873500108718872,0.4235678017139435,-0.053136326372623444,1.8610000610351562,0.13321366906166077,-0.1462496966123581,1.9359999895095825,0.3695128262042999,0.1664951741695404,1.9249999523162842,0.09554918855428696,0.05002093315124512,2.1470000743865967
0.2350941002368927,-0.41224607825279236,1.6779999732971191,0.2696359157562256,-0.44805458188056946,1.690000057220459,0.20249567925930023,-0.44172370433807373,1.656000018119812,0.385789692401886,-0.2998506426811218,1.7195000648498535,0.15319882333278656,-0.3600981533527374,1.873500108718872,0.4403112828731537,-0.050659533590078354,1.88100004196167,0.13342009484767914,-0.1433344930410385,1.9390000104904175,0.393583208322525,0.1705835610628128,1.9359999895095825,0.09554918855428696,0.05002093315124512,2.1470000743865967
0.2514077126979828,-0.4149650037288666,1.6779999732971191,0.2860661745071411,-0.45079290866851807,1.690000057220459,0.22127868235111237,-0.4444069564342499,1.656000018119812,0.399819940328598,-0.29922398924827576,1.7319999933242798,0.16252252459526062,-0.3575389087200165,1.8760000467300415,0.45184430480003357,-0.04786480963230133,1.8910000324249268,0.13656194508075714,-0.14647631347179413,1.9390000104904175,0.4072848856449127,0.1773599088191986,1.941499948501587,0.09554918855428696,0.05349978432059288,2.1470000743865967
0.27011793851852417,-0.4144704341888428,1.6759999990463257,0.3079732060432434,-0.45079290866851807,1.690000057220459,0.2389744371175766,-0.4423942267894745,1.6484999656677246,0.41480788588523865,-0.294289231300354,1.7359999418258667,0.16882672905921936,-0.35497158765792847,1.878499984741211,0.46410056948661804,-0.04786480963230133,1.8910000324249268,0.139883890748024,-0.14666517078876495,1.941499948501587,0.43350744247436523,0.18544892966747284,1.9605000019073486,0.09554918855428696,0.05349978432059288,2.1470000743865967
0.2918434739112854,-0.4144704341888428,1.6759999990463257,0.3271418511867523,-0.44805458188056946,1.690000057220459,0.2594749331474304,-0.4409182667732239,1.6430000066757202,0.4260595142841339,-0.291476309299469,1.7359999418258667,0.18404579162597656,-0.3488839566707611,1.878499984741211,0.48144909739494324,-0.04499028995633125,1.8989999294281006,0.14339815080165863,-0.1438889056444168,1.9465000629425049,0.45317304134368896,0.19021309912204742,1.9769999980926514,0.09583846479654312,0.053661756217479706,2.1535000801086426
0.313569039106369,-0.4144704341888428,1.6759999990463257,0.3490488529205322,-0.44531622529029846,1.690000057220459,0.27511295676231384,-0.4377225935459137,1.6410000324249268,0.4401240646839142,-0.28585052490234375,1.7359999418258667,0.18708960711956024,-0.345840185880661,1.878499984741211,0.5010157227516174,-0.030228832736611366,1.938999891281128,0.14655214548110962,-0.14073492586612701,1.9465000629425049,0.4615558087825775,0.2038995772600174,1.9854999780654907,0.09962767362594604,0.06432347744703293,2.1600000858306885
0.33489444851875305,-0.4085509479045868,1.6740000247955322,0.3705168664455414,-0.44478920102119446,1.687999963760376,0.30096736550331116,-0.43400317430496216,1.6370000839233398,0.45700156688690186,-0.28303763270378113,1.7359999418258667,0.20507919788360596,-0.33626070618629456,1.8760000467300415,0.5135831236839294,-0.045937951654195786,1.938999891281128,0.15372397005558014,-0.13518665730953217,1.9574999809265137,0.4893794357776642,0.19831059873104095,1.99399995803833,0.1031276136636734,0.0678233951330185,2.1600000858306885
0.3896084427833557,-0.40360769629478455,1.6759999990463257,0.42248448729515076,-0.43658384680747986,1.687999963760376,0.3544498682022095,-0.42922189831733704,1.6389999389648438,0.4914632737636566,-0.27781134843826294,1.7384999990463257,0.23212729394435883,-0.3297412395477295,1.873500108718872,0.5740926861763,-0.03846144676208496,2.0425000190734863,0.17079591751098633,-0.11698658764362335,1.9714999198913574,0.5228782892227173,0.21303528547286987,2.011000156402588,0.12062731385231018,0.08532297611236572,2.1600000858306885
0.4189804792404175,-0.4004136323928833,1.6740000247955322,0.45257100462913513,-0.43384867906570435,1.687999963760376,0.379612535238266,-0.42500466108322144,1.6330000162124634,0.5168159604072571,-0.2749944031238556,1.7384999990463257,0.24598583579063416,-0.32194218039512634,1.8634999990463257,0.5939499735832214,-0.03515191748738289,2.0425000190734863,0.1822703331708908,-0.10664044320583344,1.9574999809265137,0.5420415997505188,0.21876752376556396,2.0339999198913574,0.13525034487247467,0.09978248178958893,2.1700000762939453
0.41847988963127136,-0.39993521571159363,1.6719999313354492,0.45257100462913513,-0.43384867906570435,1.687999963760376,0.3774041533470154,-0.42253220081329346,1.623500108718872,0.5160727500915527,-0.27459895610809326,1.7359999418258667,0.24433580040931702,-0.31978264451026917,1.8509999513626099,0.5586183071136475,-0.03306087478995323,1.9210000038146973,0.18278247117996216,-0.10694007575511932,1.9630000591278076,0.5420415997505188,0.21876752376556396,2.0339999198913574,0.1363099068403244,0.10056418180465698,2.187000036239624
0.4720987379550934,-0.3913390040397644,1.6699999570846558,0.501803457736969,-0.42564332485198975,1.687999963760376,0.4297158420085907,-0.41183096170425415,1.6124999523162842,0.5435749888420105,-0.2658536434173584,1.7339999675750732,0.27180883288383484,-0.3049589693546295,1.8339999914169312,0.596746027469635,-0.005053522996604443,1.9235000610351562,0.20822833478450775,-0.08785580843687057,1.9630000591278076,0.5952671766281128,0.22807352244853973,2.058499813079834,0.16927982866764069,0.11903968453407288,2.2009999752044678
