-0.2070254534482956,0.05217676982283592,1.059999942779541,-0.16622744500637054,0.02531794086098671,0.9539999961853027,-0.2079744189977646,0.0320943146944046,0.9264999628067017,-0.17151324450969696,-0.025977805256843567,1.0964999198913574,-0.42251649498939514,0.0333465039730072,1.062000036239624,-0.17125371098518372,0.09277504682540894,1.4179999828338623,-0.48674464225769043,0.23423761129379272,1.152999997138977,-0.15373006463050842,0.17883145809173584,1.3079999685287476,-0.3052142262458801,0.2121090143918991,1.0609999895095825
-0.19328495860099792,0.04358901083469391,1.059999942779541,-0.1585155576467514,0.020886490121483803,0.9635000228881836,-0.19441984593868256,0.026286477223038673,0.9334999918937683,-0.15496036410331726,-0.027834462001919746,1.0334999561309814,-0.4081791043281555,0.028263740241527557,1.065000057220459,-0.2571234405040741,0.14058469235897064,2.384999990463257,-0.476747989654541,0.22823970019817352,1.1605000495910645,-0.14664053916931152,0.17840079963207245,1.3204998970031738,-0.29028773307800293,0.20561917126178741,1.062999963760376
-0.18375639617443085,0.0403243713080883,1.0644999742507935,-0.15235194563865662,0.017957696691155434,0.9739999771118164,-0.18723051249980927,0.021970069035887718,0.9429999589920044,-0.14261586964130402,-0.04011431336402893,1.005500078201294,-0.39875900745391846,0.023140976205468178,1.067500114440918,-0.3463670313358307,0.171063631772995,3.364500045776367,-0.465086430311203,0.22233474254608154,1.1690000295639038,-0.1321614533662796,0.16833758354187012,1.3255000114440918,-0.27862340211868286,0.19728514552116394,1.064500093460083
-0.14753445982933044,0.02997531183063984,1.0644999742507935,-0.11718498170375824,0.005384078249335289,0.9835000038146973,-0.15783385932445526,0.011357947252690792,0.949999988079071,-0.11328929662704468,-0.03359733894467354,1.005500078201294,-0.3636232912540436,0.016275344416499138,1.071000099182129,-0.2740170955657959,0.17358039319515228,3.4140000343322754,-0.423683762550354,0.21395644545555115,1.1749999523162842,-0.10043511539697647,0.15621338784694672,1.3320000171661377,-0.2480452060699463,0.18686412274837494,1.0740000009536743
-0.13988889753818512,0.024975519627332687,1.0720000267028809,-0.11027192324399948,0.0022181058302521706,0.9930000305175781,-0.14620853960514069,0.00831853412091732,0.9544999599456787,-0.09699675440788269,-0.031968094408512115,1.005500078201294,-0.3456599712371826,0.009364343248307705,1.0745000839233398,-0.20210304856300354,0.15698496997356415,3.4140000343322754,-0.40220150351524353,0.2108640819787979,1.1790000200271606,-0.076924167573452,0.14802344143390656,1.3359999656677246,-0.2225590944290161,0.18358838558197021,1.0855000019073486
-0.12128464877605438,0.020741693675518036,1.125,-0.08975984901189804,-0.0042369673028588295,0.9975000023841858,-0.127357617020607,0.000591327203437686,0.9639999866485596,-0.08559197187423706,-0.03522658348083496,1.005500078201294,-0.32603248953819275,0.004179743584245443,1.0845000743865967,-0.16579683125019073,0.14246615767478943,3.4644999504089355,-0.38602209091186523,0.19899903237819672,1.187999963760376,-0.05315137654542923,0.148134246468544,1.3370000123977661,-0.2080622762441635,0.17769141495227814,1.0924999713897705
-0.10501228272914886,0.01773419789969921,1.1670000553131104,-0.07114030420780182,-0.009186004288494587,1.0084999799728394,-0.1155913770198822,-0.004177500959485769,0.9835000038146973,-0.06767017394304276,-0.03848506882786751,1.005500078201294,-0.31080326437950134,-0.0028873521368950605,1.0989999771118164,-0.09843273460865021,0.14807981252670288,3.4644999504089355,-0.36567190289497375,0.19274847209453583,1.1970000267028809,-0.03865427523851395,0.14192010462284088,1.3605000972747803,-0.19309751689434052,0.17324860394001007,1.0980000495910645
-0.09694959223270416,0.010318642482161522,1.184000015258789,-0.06124065816402435,-0.01109906192868948,1.034500002861023,-0.1028960794210434,-0.010723549872636795,0.999500036239624,-0.049896810203790665,-0.04023399576544762,1.0084999799728394,-0.29312124848365784,-0.004727563355118036,1.1129999160766602,-0.07089241594076157,0.12091225385665894,3.490499973297119,-0.34960320591926575,0.19068391621112823,1.2085000276565552,-0.01712227240204811,0.14175628125667572,1.402500033378601,-0.17323388159275055,0.16756951808929443,1.1075000762939453
-0.07239954173564911,0.004713532980531454,1.2230000495910645,-0.04350534453988075,-0.021504130214452744,1.0515000820159912,-0.08212875574827194,-0.014011486433446407,1.003000020980835,-0.040708307176828384,-0.03919314220547676,1.0239999294281006,-0.27647536993026733,-0.010256262496113777,1.125999927520752,-0.008722083643078804,0.12151846289634705,3.507999897003174,-0.33439069986343384,0.1912243813276291,1.2244999408721924,0.0010726761538535357,0.1368148922920227,1.4220000505447388,-0.15395961701869965,0.17006602883338928,1.124000072479248
-0.053937092423439026,0.002802229253575206,1.254499912261963,-0.02320241555571556,-0.01992274820804596,1.058000087738037,-0.06646784394979477,-0.014137214049696922,1.0120000839233398,-0.02752823755145073,-0.040991999208927155,1.027500033378601,-0.26386559009552,-0.014109012670814991,1.1424999237060547,0.036751195788383484,0.11583433300256729,3.507999897003174,-0.31387871503829956,0.19124937057495117,1.2374999523162842,0.017201561480760574,0.1391189992427826,1.4220000505447388,-0.13719619810581207,0.16820025444030762,1.1359999179840088
-0.015437512658536434,-0.007419981993734837,1.2644999027252197,0.005997214931994677,-0.028763627633452415,1.068000078201294,-0.03397157043218613,-0.024189094081521034,1.0210000276565552,0.007452782709151506,-0.04609856382012367,1.0299999713897705,-0.22332076728343964,-0.01797516644001007,1.152999997138977,0.12389180064201355,0.100302554666996,3.562000036239624,-0.27418580651283264,0.18688040971755981,1.2484999895095825,0.08777427673339844,0.22210770845413208,2.308500051498413,-0.09979912638664246,0.170347198843956,1.1505000591278076
0.007131519261747599,-0.00951007753610611,1.2699999809265137,0.026863757520914078,-0.030608350411057472,1.0720000267028809,-0.01585075445473194,-0.025970011949539185,1.0260000228881836,0.01585889421403408,-0.04292673617601395,1.0339999198913574,-0.2073124498128891,-0.02367192506790161,1.1575000286102295,0.17006506025791168,0.1176174134016037,3.562000036239624,-0.25802913308143616,0.18429888784885406,1.2584999799728394,0.17249172925949097,0.32151636481285095,3.180999994277954,-0.08388721942901611,0.16835668683052063,1.162500023841858
0.023965757340192795,-0.007569613866508007,1.2899999618530273,0.03737275302410126,-0.028938688337802887,1.0745000839233398,-0.0008945768349803984,-0.024473391473293304,1.0329999923706055,0.032707855105400085,-0.048092134296894073,1.0369999408721924,-0.18961584568023682,-0.02757698856294155,1.1640000343322754,0.2104666829109192,0.1176174134016037,3.562000036239624,-0.2468680888414383,0.18100811541080475,1.2639999389648438,0.2137261927127838,0.32151636481285095,3.180999994277954,-0.06920283287763596,0.16929803788661957,1.1690000295639038
0.044868167489767075,-0.013840299099683762,1.2899999618530273,0.05478333309292793,-0.034161828458309174,1.0745000839233398,0.014320630580186844,-0.029808875173330307,1.0439999103546143,0.047922756522893906,-0.04818489030003548,1.0390000343322754,-0.17686797678470612,-0.029538990929722786,1.1670000553131104,0.2598821818828583,0.13663694262504578,3.6070001125335693,-0.23066556453704834,0.1770518720149994,1.2649999856948853,0.24811796844005585,0.329582154750824,3.1595001220703125,-0.04480729252099991,0.16635918617248535,1.1749999523162842
0.05852220952510834,-0.018369995057582855,1.315000057220459,0.06614027172327042,-0.03816942498087883,1.0894999504089355,0.028107186779379845,-0.03349416330456734,1.0534999370574951,0.053126320242881775,-0.05507756397128105,1.0420000553131104,-0.16284920275211334,-0.035453151911497116,1.1749999523162842,0.29494962096214294,0.1191033199429512,3.6070001125335693,-0.21452176570892334,0.17315752804279327,1.2664999961853027,0.20924563705921173,0.23486191034317017,2.2869999408721924,-0.0337248258292675,0.16421152651309967,1.187000036239624
0.07882160693407059,-0.022958463057875633,1.3340001106262207,0.08379390090703964,-0.03993477672338486,1.0894999504089355,0.0403035432100296,-0.03370082005858421,1.059999942779541,0.06868251413106918,-0.053670983761548996,1.0475000143051147,-0.151048943400383,-0.03196856379508972,1.187000036239624,0.3258998692035675,0.12916065752506256,3.562000036239624,-0.19943402707576752,0.1701878160238266,1.274999976158142,0.14422734081745148,0.15084634721279144,1.402500033378601,-0.028237394988536835,0.15810050070285797,1.1990000009536743
0.09206606447696686,-0.027363315224647522,1.3380000591278076,0.09765173494815826,-0.044143691658973694,1.1064999103546143,0.05267203971743584,-0.03911006078124046,1.0670000314712524,0.08447926491498947,-0.05571185424923897,1.0540000200271606,-0.1385127753019333,-0.034120313823223114,1.1949999332427979,0.3605298101902008,0.12916065752506256,3.562000036239624,-0.18598799407482147,0.16904489696025848,1.281999945640564,0.15950708091259003,0.14799119532108307,1.3970000743865967,-0.01669819839298725,0.15922130644321442,1.2074999809265137
0.10507416725158691,-0.025195308029651642,1.3380000591278076,0.10517097264528275,-0.04177667945623398,1.0915000438690186,0.06510825455188751,-0.03931165859103203,1.0724999904632568,0.09490605443716049,-0.05581756681203842,1.055999994277954,-0.12343411147594452,-0.0381200835108757,1.1990000009536743,0.3999183773994446,0.1288343071937561,3.552999973297119,-0.17191512882709503,0.17158937454223633,1.2855000495910645,0.1634272187948227,0.14374768733978271,1.3364999294281006,0.0028899922035634518,0.15653009712696075,1.2170000076293945
0.1234704777598381,-0.0319717712700367,1.3494999408721924,0.11931979656219482,-0.050619643181562424,1.0915000438690186,0.07763323187828064,-0.04298674687743187,1.0775001049041748,0.10351043939590454,-0.054132115095853806,1.05649995803833,-0.11390984803438187,-0.036237649619579315,1.2009999752044678,0.4155067503452301,0.1265680193901062,3.490499973297119,-0.16040951013565063,0.16846539080142975,1.2934999465942383,0.16851837933063507,0.1348266899585724,1.2925000190734863,0.016796564683318138,0.1594788283109665,1.2244999408721924
0.13440373539924622,-0.03634504973888397,1.3494999408721924,0.12462560832500458,-0.050619643181562424,1.0915000438690186,0.08489176630973816,-0.046629536896944046,1.0810000896453857,0.11726105213165283,-0.06614656746387482,1.0570000410079956,-0.10621409863233566,-0.044058382511138916,1.2020000219345093,0.4314209818840027,0.12625980377197266,3.4820001125335693,-0.14863406121730804,0.1714843064546585,1.3004999160766602,0.17480123043060303,0.13273242115974426,1.2925000190734863,0.028877010568976402,0.1604556292295456,1.2319999933242798
