-0.10353896766901016,-0.11208102852106094,1.2899999618530273,-0.09150020778179169,-0.13276995718479156,1.2680000066757202,0,0,0,0.13016320765018463,-0.059639815241098404,1.2860000133514404,-0.046554744243621826,-0.1293710619211197,1.274999976158142,0.15206031501293182,0.17665603756904602,1.3910000324249268,-0.08403504639863968,-0.03221297264099121,1.4594999551773071,-0.05993488430976868,0.14315588772296906,1.3940000534057617,-0.15384769439697266,0.06845114380121231,1.5429999828338623
-0.1034587100148201,-0.11199414730072021,1.2890000343322754,-0.09157237410545349,-0.13287468254566193,1.2690000534057617,0,0,0,0.13016320765018463,-0.059639815241098404,1.2860000133514404,-0.04649997502565384,-0.13128235936164856,1.2734999656677246,0.15448062121868134,0.17459022998809814,1.3925000429153442,-0.0838623195886612,-0.03214675933122635,1.4565000534057617,-0.06212671846151352,0.14300185441970825,1.3925000429153442,-0.15154367685317993,0.06853986531496048,1.5449999570846558
-0.1034587100148201,-0.11199414730072021,1.2890000343322754,-0.09157237410545349,-0.13698707520961761,1.2690000534057617,0,0,0,0.12807944416999817,-0.059639815241098404,1.2860000133514404,-0.04850627854466438,-0.1311277151107788,1.2719999551773071,0.15238827466964722,0.17251954972743988,1.3940000534057617,-0.08360321819782257,-0.03440016135573387,1.4520000219345093,-0.0642443373799324,0.14269377291202545,1.3895000219345093,-0.1516907960176468,0.0686064064502716,1.5464999675750732
-0.10325804352760315,-0.1117769330739975,1.2864999771118164,-0.08958670496940613,-0.1329793781042099,1.2699999809265137,0,0,0,0.13016320765018463,-0.059639815241098404,1.2860000133514404,-0.04856347665190697,-0.12921886146068573,1.2734999656677246,0.15238827466964722,0.17251954972743988,1.3940000534057617,-0.08325774222612381,-0.03191500902175903,1.4459999799728394,-0.0642443373799324,0.14494521915912628,1.3895000219345093,-0.1491849571466446,0.0686064064502716,1.5464999675750732
-0.10534261167049408,-0.1117769330739975,1.2864999771118164,-0.0916445329785347,-0.13503719866275787,1.2699999809265137,0,0,0,0.12807944416999817,-0.059639815241098404,1.2860000133514404,-0.04850627854466438,-0.12906666100025177,1.2719999551773071,0.1501295119524002,0.17026080191135406,1.3940000534057617,-0.08308500796556473,-0.029510658234357834,1.4429999589920044,-0.0642443373799324,0.14269377291202545,1.3895000219345093,-0.1491849571466446,0.0711122527718544,1.5464999675750732
-0.10534261167049408,-0.1117769330739975,1.2864999771118164,-0.09171668440103531,-0.13308407366275787,1.2709999084472656,0,0,0,0.12822884321212769,-0.06179555878043175,1.287500023841858,-0.04850627854466438,-0.12906666100025177,1.2719999551773071,0.15238827466964722,0.17251954972743988,1.3940000534057617,-0.08299864083528519,-0.02947998046875,1.441499948501587,-0.06412874907255173,0.14243704080581665,1.3870000839233398,-0.14932964742183685,0.06867295503616333,1.5479999780654907
-0.10534261167049408,-0.1117769330739975,1.2864999771118164,-0.0916445329785347,-0.13503719866275787,1.2699999809265137,0,0,0,0.12822884321212769,-0.06179555878043175,1.287500023841858,-0.048639748245477676,-0.12735508382320404,1.2755000591278076,0.15255223214626312,0.17270517349243164,1.3954999446868896,-0.0828259140253067,-0.02941863052546978,1.4385000467300415,-0.06412874907255173,0.14468443393707275,1.3870000839233398,-0.14932964742183685,0.06867295503616333,1.5479999780654907
-0.10521979629993439,-0.1116466149687767,1.2850000858306885,-0.09370236843824387,-0.13503719866275787,1.2699999809265137,0,0,0,0.12614263594150543,-0.06179555878043175,1.287500023841858,-0.048639748245477676,-0.12735508382320404,1.2755000591278076,0.1504525989294052,0.17062720656394958,1.3969999551773071,-0.0828259140253067,-0.02941863052546978,1.4385000467300415,-0.06412874907255173,0.14468443393707275,1.3870000839233398,-0.14932964742183685,0.06867295503616333,1.5479999780654907
-0.10542449355125427,-0.10977763682603836,1.287500023841858,-0.09370236843824387,-0.13503719866275787,1.2699999809265137,0,0,0,0.12822884321212769,-0.06179555878043175,1.287500023841858,-0.050706494599580765,-0.12735508382320404,1.2755000591278076,0.1504525989294052,0.1728908270597458,1.3969999551773071,-0.0828259140253067,-0.02941863052546978,1.4385000467300415,-0.06649580597877502,0.14494521915912628,1.3895000219345093,-0.15183793008327484,0.07118123024702072,1.5479999780654907
-0.10751069337129593,-0.10977763682603836,1.287500023841858,-0.09576020389795303,-0.1329793781042099,1.2699999809265137,0,0,0,0.12614263594150543,-0.06179555878043175,1.287500023841858,-0.050626982003450394,-0.1271553784608841,1.2734999656677246,0.1504525989294052,0.1728908270597458,1.3969999551773071,-0.08515678346157074,-0.02941863052546978,1.4385000467300415,-0.06649580597877502,0.14494521915912628,1.3895000219345093,-0.15183793008327484,0.07368949800729752,1.5479999780654907
-0.10959687829017639,-0.11186382174491882,1.287500023841858,-0.09576020389795303,-0.13709501922130585,1.2699999809265137,0,0,0,0.1259956806898117,-0.059639815241098404,1.2860000133514404,-0.04869694635272026,-0.12336650490760803,1.2769999504089355,0.148188978433609,0.17062720656394958,1.3969999551773071,-0.09214936196804047,-0.02242608554661274,1.4385000467300415,-0.06649580597877502,0.1471966803073883,1.3895000219345093,-0.1516907960176468,0.07612393796443939,1.5464999675750732
-0.10972455888986588,-0.11199414730072021,1.2890000343322754,-0.09576020389795303,-0.1329793781042099,1.2699999809265137,0,0,0,0.12614263594150543,-0.06388173252344131,1.287500023841858,-0.05298011377453804,-0.12577946484088898,1.2804999351501465,0.15497982501983643,0.1728908270597458,1.3969999551773071,-0.08748763799667358,-0.024756932631134987,1.4385000467300415,-0.06649580597877502,0.14494521915912628,1.3895000219345093,-0.15120036900043488,0.07338008284568787,1.5414999723434448
-0.10972455888986588,-0.11199414730072021,1.2890000343322754,-0.0978180319070816,-0.13709501922130585,1.2699999809265137,0,0,0,0.12405645847320557,-0.05970938131213188,1.287500023841858,-0.051004648208618164,-0.12394614517688751,1.2829999923706055,0.1504525989294052,0.17062720656394958,1.3969999551773071,-0.0944802314043045,-0.020095238462090492,1.4385000467300415,-0.06438304483890533,0.1475144773721695,1.3925000429153442,-0.15349872410297394,0.07577937841415405,1.5394999980926514
-0.10972455888986588,-0.10990553349256516,1.2890000343322754,-0.09542090445756912,-0.13455872237682343,1.2655000686645508,0,0,0,0.12381558120250702,-0.05959344282746315,1.2850000858306885,-0.053083550184965134,-0.12186726927757263,1.2829999923706055,0.148188978433609,0.17062720656394958,1.3969999551773071,-0.09457875043153763,-0.02011619322001934,1.440000057220459,-0.06452174484729767,0.14557109773159027,1.3954999446868896,-0.1533491611480713,0.07321347296237946,1.5379999876022339
-0.10972455888986588,-0.11199414730072021,1.2890000343322754,-0.0974714383482933,-0.1366092562675476,1.2655000686645508,0,0,0,0.12371920794248581,-0.05746655538678169,1.2839999198913574,-0.05316630378365517,-0.122057244181633,1.2850000858306885,0.1459253579378128,0.17062720656394958,1.3969999551773071,-0.09477578848600388,-0.022496240213513374,1.443000078201294,-0.06656758487224579,0.14510168135166168,1.3910000324249268,-0.1533491611480713,0.07321347296237946,1.5379999876022339
-0.11390180885791779,-0.11199414730072021,1.2890000343322754,-0.0991680920124054,-0.13612347841262817,1.2610000371932983,0,0,0,0.12371920794248581,-0.059547059237957,1.2839999198913574,-0.053207676857709885,-0.12215222418308258,1.2860000133514404,0.1459253579378128,0.17062720656394958,1.3969999551773071,-0.09516986459493637,-0.022589778527617455,1.4490000009536743,-0.06663937121629715,0.14525815844535828,1.3925000429153442,-0.1533491611480713,0.07321347296237946,1.5379999876022339
-0.11376926302909851,-0.11186382174491882,1.287500023841858,-0.0991680920124054,-0.13612347841262817,1.2610000371932983,0,0,0,0.12144921720027924,-0.059454306960105896,1.281999945640564,-0.05122330039739609,-0.12238969653844833,1.2885000705718994,0.1436617374420166,0.17062720656394958,1.3969999551773071,-0.09516986459493637,-0.024937639012932777,1.4490000009536743,-0.06896991282701492,0.14541463553905487,1.3940000534057617,-0.1533491611480713,0.07072140276432037,1.5379999876022339
-0.11376926302909851,-0.11186382174491882,1.287500023841858,-0.0991680920124054,-0.13408024609088898,1.2610000371932983,0,0,0,0.12144921720027924,-0.05737704411149025,1.281999945640564,-0.053373172879219055,-0.1246223896741867,1.2899999618530273,0.1413981318473816,0.17062720656394958,1.3969999551773071,-0.09556393325328827,-0.025040900334715843,1.4549999237060547,-0.06896991282701492,0.14767338335514069,1.3940000534057617,-0.15584124624729156,0.07072140276432037,1.5379999876022339
-0.11363671720027924,-0.1138172373175621,1.2860000133514404,-0.097201868891716,-0.1362314373254776,1.2620000839233398,-0.10917901992797852,-0.11820397526025772,1.0950000286102295,0.1193719357252121,-0.06360884010791779,1.281999945640564,-0.053538672626018524,-0.12291211634874344,1.2940000295639038,0.1415499448776245,0.17307646572589874,1.3984999656677246,-0.09556393325328827,-0.022683316841721535,1.4549999237060547,-0.07115202397108078,0.14300185441970825,1.3925000429153442,-0.15833333134651184,0.07321347296237946,1.5379999876022339
-0.11363671720027924,-0.11173349618911743,1.2860000133514404,-0.097201868891716,-0.1362314373254776,1.2620000839233398,-0.10962769389152527,-0.11868973821401596,1.0994999408721924,0.1193719357252121,-0.05737704411149025,1.281999945640564,-0.05358004942536354,-0.12510544061660767,1.2950000762939453,0.1395328938961029,0.1733858585357666,1.4010000228881836,-0.09320633113384247,-0.022683316841721535,1.4549999237060547,-0.07107537984848022,0.14284780621528625,1.3910000324249268,-0.15817891061306,0.07314206659793854,1.5364999771118164
