0.2963710427284241,-0.4064792990684509,1.6119999885559082,0.3267163336277008,-0.4373708963394165,1.6200000047683716,0.2595215439796448,-0.4229487180709839,1.5479999780654907,0.37067854404449463,-0.3281756639480591,1.7669999599456787,0.13180848956108093,-0.32141220569610596,1.6445000171661377,0.4315338730812073,-0.12172295898199081,1.8960000276565552,0.12359504401683807,-0.16305828094482422,1.6069999933242798,0.8065295219421387,0.11041387170553207,3.0450000762939453,0.21104300022125244,-0.07270843535661697,1.8224999904632568
0.3019692301750183,-0.4069836437702179,1.6140000820159912,0.33045944571495056,-0.4388557970523834,1.625499963760376,0.26262226700782776,-0.42390498518943787,1.5514999628067017,0.3735416829586029,-0.3281756639480591,1.7669999599456787,0.13667915761470795,-0.325648695230484,1.6390000581741333,0.4333202838897705,-0.12621024250984192,1.9175000190734863,0.12607768177986145,-0.16980351507663727,1.5729999542236328,0.8015955090522766,0.09067822992801666,3.0450000762939453,0.2091323286294937,-0.08375544846057892,1.805999994277954
0.3023434281349182,-0.4074879586696625,1.6160000562667847,0.33045944571495056,-0.4388557970523834,1.625499963760376,0.263553261756897,-0.4254077076911926,1.556999921798706,0.3744930028915405,-0.3290114104747772,1.7714999914169312,0.13933488726615906,-0.3283044099807739,1.6390000581741333,0.4355979561805725,-0.14351928234100342,1.941499948501587,0.12733925879001617,-0.16483786702156067,1.5269999504089355,0.7867937088012695,0.05614085495471954,3.0450000762939453,0.17572443187236786,-0.07283476740121841,1.5175000429153442
0.3023434281349182,-0.4101064205169678,1.6160000562667847,0.33076438307762146,-0.4392607808113098,1.6269999742507935,0.26414570212364197,-0.426364004611969,1.5605000257492065,0.37260305881500244,-0.3353477120399475,1.7899999618530273,0.14199063181877136,-0.3283044099807739,1.6390000581741333,0.4247574508190155,-0.1535871922969818,1.9495000839233398,0.12525446712970734,-0.16700662672519684,1.5019999742507935,0.7043330073356628,0.024367336183786392,2.7960000038146973,0.17572443187236786,-0.07529361546039581,1.5175000429153442
0.2974741458892822,-0.40799224376678467,1.6180000305175781,0.3258918821811676,-0.4398007392883301,1.628999948501587,0.2596697211265564,-0.427320271730423,1.5640000104904175,0.37110549211502075,-0.3422164022922516,1.8109999895095825,0.13667915761470795,-0.325648695230484,1.6390000581741333,0.4097592830657959,-0.17422179877758026,1.968500018119812,0.12282071262598038,-0.169440358877182,1.5019999742507935,0.6356928944587708,0.005902663338929415,2.6424999237060547,0.14192362129688263,-0.061673782765865326,1.2430000305175781
0.29259192943573,-0.40849655866622925,1.6200000047683716,0.32140010595321655,-0.440880686044693,1.6330000162124634,0.25263118743896484,-0.42827656865119934,1.5674999952316284,0.36510297656059265,-0.34190481901168823,1.8250000476837158,0.12855486571788788,-0.3225988447666168,1.6370000839233398,0.3971119821071625,-0.182114839553833,1.9850000143051147,0.1155194491147995,-0.169440358877182,1.5019999742507935,0.5813778638839722,-0.002535932930186391,2.5184998512268066,0.13588136434555054,-0.0657019317150116,1.2430000305175781
0.2817438840866089,-0.4106139838695526,1.6180000305175781,0.3138459622859955,-0.44406986236572266,1.6349999904632568,0.24301302433013916,-0.4317784011363983,1.5709999799728394,0.3555973768234253,-0.3471295237541199,1.8370000123977661,0.1178007572889328,-0.32750317454338074,1.6349999904632568,0.3778137266635895,-0.182114839553833,1.9850000143051147,0.10578443855047226,-0.1767415851354599,1.5019999742507935,0.5358762741088867,-0.006461730692535639,2.4594998359680176,0.12782502174377441,-0.06973008066415787,1.2430000305175781
0.27125704288482666,-0.4132356643676758,1.6180000305175781,0.3036198616027832,-0.44461309909820557,1.6370000839233398,0.23642511665821075,-0.4362591803073883,1.5779999494552612,0.3454684913158417,-0.3489246666431427,1.8464999198913574,0.10720372945070267,-0.3301524221897125,1.6349999904632568,0.36005064845085144,-0.18612481653690338,1.993499994277954,0.09848318248987198,-0.18160904943943024,1.5019999742507935,0.4854738414287567,-0.022284142673015594,2.446499824523926,0.11803879588842392,-0.07595517486333847,1.246000051498413
0.2581484615802765,-0.41585734486579895,1.6180000305175781,0.2907121181488037,-0.4478119909763336,1.6390000581741333,0.22463272511959076,-0.4381944239139557,1.5850000381469727,0.3283149003982544,-0.3497750163078308,1.8509999513626099,0.09937736392021179,-0.3279038071632385,1.6370000839233398,0.3342094421386719,-0.17966455221176147,1.993499994277954,0.08874815702438354,-0.18647652864456177,1.5019999742507935,0.4521839916706085,-0.014305983670055866,2.437999963760376,0.11084554344415665,-0.08063504099845886,1.25600004196167
0.24534279108047485,-0.4163713753223419,1.6200000047683716,0.27511295676231384,-0.45101743936538696,1.6410000324249268,0.2122591733932495,-0.4417359232902527,1.5885000228881836,0.31031936407089233,-0.3497750163078308,1.8509999513626099,0.08336038887500763,-0.32485392689704895,1.6349999904632568,0.31159839034080505,-0.18289467692375183,1.993499994277954,0.07421968877315521,-0.1842266023159027,1.503499984741211,0.41235819458961487,-0.010249425657093525,2.4130001068115234,0.11937534809112549,-0.09422161430120468,1.43149995803833
0.2306559979915619,-0.4182990491390228,1.627500057220459,0.26213714480400085,-0.45422929525375366,1.6430000066757202,0.19681568443775177,-0.44430986046791077,1.5885000228881836,0.29572194814682007,-0.35024741291999817,1.8534998893737793,0.06746483594179153,-0.32750317454338074,1.6349999904632568,0.28898730874061584,-0.17643441259860992,1.993499994277954,0.06691113114356995,-0.1793542504310608,1.503499984741211,0.3653680682182312,-0.006141206249594688,2.3375000953674316,0.11241678893566132,-0.09422161430120468,1.43149995803833
0.21265259385108948,-0.42184141278266907,1.63100004196167,0.2408393770456314,-0.45422929525375366,1.6430000066757202,0.17919225990772247,-0.44528883695602417,1.5920000076293945,0.2686922252178192,-0.356253981590271,1.8534998893737793,0.051632367074489594,-0.33055630326271057,1.6370000839233398,0.2566857933998108,-0.17643441259860992,1.993499994277954,0.04985784366726875,-0.17691808938980103,1.503499984741211,0.32050904631614685,0.008715988136827946,2.2614998817443848,0.08438859134912491,-0.08674045652151108,1.25600004196167
0.19151034951210022,-0.42448413372039795,1.63100004196167,0.2222038060426712,-0.4568914771080017,1.6430000066757202,0.15875476598739624,-0.44843101501464844,1.593999981880188,0.251348614692688,-0.3572150468826294,1.8585000038146973,0.030375203117728233,-0.3328016698360443,1.6349999904632568,0.23730488121509552,-0.16997414827346802,1.993499994277954,0.027932183817029,-0.1842266023159027,1.503499984741211,0.3021870255470276,0.016044748947024345,2.2614998817443848,0.07014254480600357,-0.09081072360277176,1.25600004196167
0.17036813497543335,-0.42448413372039795,1.63100004196167,0.19824381172657013,-0.45955371856689453,1.6430000066757202,0.1382654309272766,-0.44899365305900574,1.5959999561309814,0.2272573858499527,-0.3572150468826294,1.8585000038146973,0.011830388568341732,-0.3301524221897125,1.6349999904632568,0.21056202054023743,-0.16924940049648285,1.9850000143051147,0.008442708291113377,-0.18909893929958344,1.503499984741211,0.2597363293170929,0.023182306438684464,2.243000030517578,0.0538613460958004,-0.09691613912582397,1.25600004196167
0.14922590553760529,-0.42448413372039795,1.63100004196167,0.17982690036296844,-0.46011313796043396,1.6449999809265137,0.11499083042144775,-0.4515796899795532,1.5959999561309814,0.20343942940235138,-0.3546800911426544,1.8609999418258667,-0.011998251080513,-0.3323945701122284,1.6330000162124634,0.18083691596984863,-0.1589169204235077,1.9765000343322754,-0.008601991459727287,-0.18891027569770813,1.5019999742507935,0.23792977631092072,0.03045111708343029,2.243000030517578,0.03961530327796936,-0.09488100558519363,1.25600004196167
0.12808367609977722,-0.4271268844604492,1.63100004196167,0.15564826130867004,-0.45955371856689453,1.6430000066757202,0.09697943180799484,-0.4494156539440155,1.597499966621399,0.17931577563285828,-0.3576955497264862,1.8609999418258667,-0.030520383268594742,-0.3350405693054199,1.6330000162124634,0.1605173647403717,-0.1546507477760315,1.9630000591278076,-0.020770760253071785,-0.1840427964925766,1.5019999742507935,0.21975763142108917,0.044988732784986496,2.243000030517578,0.02333410270512104,-0.10098641365766525,1.25600004196167
0.10958422720432281,-0.42448413372039795,1.63100004196167,0.13701272010803223,-0.45955371856689453,1.6430000066757202,0.07627145946025848,-0.4520041048526764,1.597499966621399,0.15778250992298126,-0.3567345142364502,1.8559999465942383,-0.05420145392417908,-0.33158037066459656,1.628999948501587,0.15097516775131226,-0.14828933775424957,1.9630000591278076,-0.04006664454936981,-0.18082311749458313,1.4954999685287476,0.20158550143241882,0.04862314090132713,2.243000030517578,0.010972650721669197,-0.09560437500476837,1.2390000820159912
0.09395742416381836,-0.42552515864372253,1.6349999904632568,0.11837715655565262,-0.45955371856689453,1.6430000066757202,0.06094960495829582,-0.45096293091773987,1.6029999256134033,0.14255346357822418,-0.35024741291999817,1.8534998893737793,-0.06739914417266846,-0.32894086837768555,1.628999948501587,0.1287100464105606,-0.14828933775424957,1.9630000591278076,-0.054259102791547775,-0.17245104908943176,1.4860000610351562,0.1952262818813324,0.06710784882307053,2.253499984741211,-0.0030022566206753254,-0.09121719747781754,1.2074999809265137
0.07787089794874191,-0.42448413372039795,1.63100004196167,0.10519394278526306,-0.46011313796043396,1.6449999809265137,0.04282110929489136,-0.45152559876441956,1.6050000190734863,0.1243656650185585,-0.3527742326259613,1.8509999513626099,-0.08587589859962463,-0.32894086837768555,1.628999948501587,0.11598711460828781,-0.14510861039161682,1.9630000591278076,-0.07592955231666565,-0.19171355664730072,1.4860000610351562,0.1851714551448822,0.07477390766143799,2.264500141143799,-0.01271624956279993,-0.09072617441415787,1.2009999752044678
0.06201422959566116,-0.42448413372039795,1.63100004196167,0.08920115977525711,-0.46011313796043396,1.6449999809265137,0.029715679585933685,-0.45256999135017395,1.5994999408721924,0.10637015104293823,-0.3527742326259613,1.8509999513626099,-0.09907358884811401,-0.32894086837768555,1.628999948501587,0.10644491761922836,-0.13556648790836334,1.9630000591278076,-0.08722872287034988,-0.1710004061460495,1.4735000133514404,0.17620176076889038,0.1016341894865036,2.2909998893737793,-0.016566824167966843,-0.08661723136901855,1.1979999542236328
