0.1281651258468628,-0.008405559696257114,1.122499942779541,0.1573171466588974,-0.034276410937309265,1.1359999179840088,0.08928897976875305,-0.03158657252788544,0.9934999942779541,0.20770277082920074,-0.022672010585665703,1.2039999961853027,-0.0705643966794014,-0.032103221863508224,1.1920000314712524,0.25789114832878113,0.14667747914791107,1.3434998989105225,-0.12872156500816345,0.18278273940086365,1.2910000085830688,0.20887906849384308,0.21270284056663513,1.2339999675750732,0.025680717080831528,0.25818464159965515,1.1770000457763672
0.14158734679222107,-0.012102215550839901,1.128000020980835,0.1733301430940628,-0.03638735041022301,1.1445000171661377,0.1022188812494278,-0.034823689609766006,0.9940000176429749,0.21595382690429688,-0.02467402070760727,1.2065000534057617,-0.0628385990858078,-0.028240352869033813,1.1920000314712524,0.264126718044281,0.13999027013778687,1.3420000076293945,-0.11826226115226746,0.18905828893184662,1.2910000085830688,0.2238689661026001,0.21565929055213928,1.2395000457763672,0.03712357580661774,0.2658131718635559,1.1770000457763672
0.15255379676818848,-0.01027448009699583,1.128000020980835,0.1844373345375061,-0.03862607851624489,1.156000018119812,0.1151038408279419,-0.03643430024385452,0.9940000176429749,0.22246213257312775,-0.028666801750659943,1.2100000381469727,-0.05318136140704155,-0.02630891650915146,1.1920000314712524,0.26964181661605835,0.14596784114837646,1.3370000123977661,-0.10980968177318573,0.19309228658676147,1.2899999618530273,0.23190264403820038,0.21766768395900726,1.2395000457763672,0.04661964252591133,0.2732093632221222,1.1759999990463257
0.17083127796649933,-0.012102215550839901,1.128000020980835,0.2012953758239746,-0.042372286319732666,1.156000018119812,0.1295994371175766,-0.039655521512031555,0.9940000176429749,0.22731882333755493,-0.018941739574074745,1.2149999141693115,-0.05291367322206497,-0.024254778400063515,1.186000108718872,0.2826402187347412,0.1438014656305313,1.3370000123977661,-0.09666503220796585,0.20435842871665955,1.2820000648498535,0.23993629217147827,0.2136508822441101,1.2395000457763672,0.07317230105400085,0.278451532125473,1.1740000247955322
0.18273013830184937,-0.01568084955215454,1.122499942779541,0.2125340700149536,-0.042372286319732666,1.156000018119812,0.1425560563802719,-0.03967547044157982,0.9945000410079956,0.233992800116539,-0.01900409907102585,1.218999981880188,-0.04694971814751625,-0.020325295627117157,1.180999994277954,0.2990739345550537,0.13689152896404266,1.3329999446868896,-0.08763224631547928,0.20062440633773804,1.2714999914169312,0.25600358843803406,0.21766768395900726,1.2395000457763672,0.07501063495874405,0.2801149785518646,1.1729999780654907
0.19728080928325653,-0.01931849494576454,1.122499942779541,0.22564586997032166,-0.046118494123220444,1.156000018119812,0.1573747843503952,-0.04459924250841141,0.9965000152587891,0.24060724675655365,-0.01905866339802742,1.222499966621399,-0.03722333908081055,-0.018333733081817627,1.1759999990463257,0.31203344464302063,0.14985094964504242,1.3329999446868896,-0.07300886511802673,0.20623590052127838,1.2680000066757202,0.27562716603279114,0.21889694035053253,1.246500015258789,0.08422573655843735,0.2867364287376404,1.1689999103546143
0.20717373490333557,-0.02103375270962715,1.1170001029968262,0.2387576848268509,-0.04799159988760948,1.156000018119812,0.1709757000207901,-0.04639940336346626,1.000499963760376,0.2425881028175354,-0.02103951945900917,1.222499966621399,-0.025680553168058395,-0.016358375549316406,1.1710000038146973,0.3379524052143097,0.14337123930454254,1.3329999446868896,-0.06881817430257797,0.2039397954940796,1.2664999961853027,0.3079432547092438,0.21283771097660065,1.246500015258789,0.08990827202796936,0.29052478075027466,1.1689999103546143
0.22527295351028442,-0.02646348625421524,1.1170001029968262,0.2516516149044037,-0.05356452986598015,1.1549999713897705,0.18449647724628448,-0.04979053884744644,1.003499984741211,0.2544732987880707,-0.015096953138709068,1.222499966621399,-0.018005898222327232,-0.012504548765718937,1.1654999256134033,0.36170944571495056,0.1442316770553589,1.340999960899353,-0.0748266652226448,0.19739291071891785,1.2639999389648438,0.3298519551753998,0.2139475792646408,1.253000020980835,0.08990827202796936,0.29431310296058655,1.1689999103546143
0.23868799209594727,-0.026546407490968704,1.120500087738037,0.2666235566139221,-0.057307496666908264,1.1549999713897705,0.1960737556219101,-0.05309540033340454,1.004499912261963,0.2730807065963745,-0.017126701772212982,1.2259999513626099,-0.012250376865267754,-0.008663905784487724,1.1570000648498535,0.3833106458187103,0.13689152896404266,1.3329999446868896,-0.07061853259801865,0.19299086928367615,1.2620000839233398,0.3521851599216461,0.2139475792646408,1.253000020980835,0.08611992001533508,0.2962073087692261,1.1689999103546143
0.2544555962085724,-0.030325694009661674,1.125999927520752,0.27988889813423157,-0.060680460184812546,1.1480000019073486,0.2077770233154297,-0.05643480271100998,1.00600004196167,0.28441882133483887,-0.01709177903831005,1.2235000133514404,0.004602271132171154,-0.008626463823020458,1.1519999504089355,0.41912326216697693,0.1394686996936798,1.3370000123977661,-0.06857366114854813,0.1970806121826172,1.2620000839233398,0.369961142539978,0.20846320688724518,1.244499921798706,0.0842977911233902,0.2945648729801178,1.1699999570846558
0.2672271132469177,-0.03397468104958534,1.125999927520752,0.2917617857456207,-0.06229545176029205,1.1434999704360962,0.2230003923177719,-0.058209147304296494,1.0084999799728394,0.29119688272476196,-0.007199935615062714,1.2269999980926514,0.013923345133662224,-0.0048889718018472195,1.1510000228881836,0.44512003660202026,0.14163509011268616,1.3370000123977661,-0.06857366114854813,0.1970806121826172,1.2620000839233398,0.38636454939842224,0.2064531147480011,1.2324999570846558,0.08240199089050293,0.29646068811416626,1.1699999570846558
0.2902767062187195,-0.03777403384447098,1.130500078201294,0.3099594712257385,-0.06737928837537766,1.1354999542236328,0.244970440864563,-0.06166023761034012,1.0115000009536743,0.3118390738964081,-0.007217539474368095,1.2300000190734863,0.030708471313118935,-0.0030239694751799107,1.1510000228881836,0.5076706409454346,0.13129232823848724,1.3420000076293945,-0.06642334908246994,0.19268500804901123,1.2599999904632568,0.4132266044616699,0.2039404958486557,1.2174999713897705,0.07488273829221725,0.29861149191856384,1.1710000038146973
0.29760387539863586,-0.039605818688869476,1.130500078201294,0.317331999540329,-0.0651642307639122,1.128999948501587,0.2518993616104126,-0.061751674860715866,1.0130000114440918,0.32258909940719604,-0.007235143333673477,1.2330000400543213,0.0381685271859169,-0.0011589672649279237,1.1510000228881836,0.53257155418396,0.12332519143819809,1.3499999046325684,-0.06438171863555908,0.19268500804901123,1.2599999904632568,0.42222166061401367,0.20745912194252014,1.2149999141693115,0.07533036917448044,0.30039653182029724,1.1779999732971191
0.30336734652519226,-0.03964085131883621,1.131500005722046,0.3169584274291992,-0.06577714532613754,1.1085000038146973,0.256950318813324,-0.06342435628175735,1.0134999752044678,0.33004435896873474,-0.01320729311555624,1.2309999465942383,0.04562858119606972,-0.0030239694751799107,1.1510000228881836,0.5533351302146912,0.11824542284011841,1.3420000076293945,-0.06618612259626389,0.19403117895126343,1.2554999589920044,0.41828420758247375,0.20745912194252014,1.2149999141693115,0.07723914086818695,0.2984877824783325,1.1779999732971191
0.3115973174571991,-0.041840799152851105,1.1414999961853027,0.3152010142803192,-0.06644553691148758,1.090000033378601,0.26226457953453064,-0.06516287475824356,1.0150001049041748,0.32433342933654785,-0.017105747014284134,1.2244999408721924,0.04189855232834816,-0.0048889718018472195,1.1510000228881836,0.568556547164917,0.11607092618942261,1.3420000076293945,-0.06822046637535095,0.19403117895126343,1.2554999589920044,0.4163155257701874,0.2094278335571289,1.2149999141693115,0.07914789766073227,0.29085275530815125,1.1779999732971191
0.31529659032821655,-0.043690405786037445,1.1414999961853027,0.31624019145965576,-0.06805524975061417,1.0875000953674316,0.2677777111530304,-0.06736697256565094,1.0234999656677246,0.33159151673316956,-0.015090778470039368,1.222000002861023,0.051223620772361755,-0.006753973662853241,1.1510000228881836,0.5781365036964417,0.09808682650327682,1.3340001106262207,-0.06594889611005783,0.19536276161670685,1.250999927520752,0.41208744049072266,0.20050661265850067,1.1970000267028809,0.0829654261469841,0.2794002592563629,1.1779999732971191
0.3181968033313751,-0.04595891013741493,1.1519999504089355,0.3155131936073303,-0.07141492515802383,1.0850000381469727,0.2680693566799164,-0.06953118741512299,1.031000018119812,0.3256513476371765,-0.019050870090723038,1.222000002861023,0.04753485321998596,-0.010493085719645023,1.1519999504089355,0.5791430473327637,0.09288518875837326,1.3215000629425049,-0.06975118815898895,0.19869951903820038,1.246500015258789,0.397298663854599,0.18858873844146729,1.159500002861023,0.08861642330884933,0.2715345621109009,1.1770000457763672
0.31664732098579407,-0.04627807438373566,1.1600000858306885,0.3155131936073303,-0.0696568638086319,1.0850000381469727,0.2665279805660248,-0.06956490874290466,1.031499981880188,0.33452698588371277,-0.021091151982545853,1.2255001068115234,0.04944436997175217,-0.006765709258615971,1.152999997138977,0.5606105327606201,0.08545142412185669,1.2744998931884766,-0.07337631285190582,0.20160047709941864,1.2395000457763672,0.37741929292678833,0.1772594153881073,1.1119999885559082,0.08861642330884933,0.26009178161621094,1.1770000457763672
0.31518080830574036,-0.04661717638373375,1.1684999465942383,0.31199705600738525,-0.0696568638086319,1.0850000381469727,0.2622743844985962,-0.06809099018573761,1.0344998836517334,0.33479994535446167,-0.021108360961079597,1.2265000343322754,0.04765864089131355,-0.008648928254842758,1.1549999713897705,0.5390570759773254,0.08216612786054611,1.2254999876022339,-0.07711215317249298,0.2048707753419876,1.2349998950958252,0.36542844772338867,0.17582474648952484,1.1029999256134033,0.08729884028434753,0.2468307614326477,1.159500002861023
0.313341349363327,-0.043361954391002655,1.183000087738037,0.3087652325630188,-0.06796137243509293,1.0859999656677246,0.25724565982818604,-0.06809099018573761,1.0344998836517334,0.3275167942047119,-0.021151388064026833,1.2290000915527344,0.038450390100479126,-0.00868262443691492,1.1594998836517334,0.5346412062644958,0.08315616101026535,1.2109999656677246,-0.07698728889226913,0.2125304937362671,1.2330000400543213,0.36716294288635254,0.17139141261577606,1.0975000858306885,0.09334211051464081,0.23929977416992188,1.1414999961853027
