0.022046606987714767,0.014818277209997177,1.0915000438690186,0.056822728365659714,-0.013763234950602055,1.1145000457763672,-0.007152662146836519,-0.015176776796579361,0.9735000133514404,0.15107694268226624,-0.01525749359279871,1.2354999780654907,-0.12887267768383026,-0.03689604252576828,1.1605000495910645,0.20353835821151733,0.17472977936267853,1.3585000038146973,-0.2550504505634308,0.13531866669654846,1.1699999570846558,0.0945182740688324,0.23570112884044647,1.2829999923706055,-0.10877794772386551,0.20553235709667206,1.1089999675750732
0.05388147011399269,0.014818277209997177,1.0915000438690186,0.09113427996635437,-0.011957375332713127,1.1145000457763672,0.02119695581495762,-0.011997292749583721,0.971500039100647,0.17993324995040894,-0.007202869281172752,1.2274999618530273,-0.09678050130605698,-0.040604282170534134,1.159000039100647,0.2277519553899765,0.18793711066246033,1.3585000038146973,-0.2195918709039688,0.13376498222351074,1.1729999780654907,0.12154395878314972,0.25648996233940125,1.2829999923706055,-0.0854174792766571,0.20373541116714478,1.1089999675750732
0.06979890167713165,0.018355460837483406,1.0915000438690186,0.10558125376701355,-0.010151514783501625,1.1145000457763672,0.03851274400949478,-0.008848987519741058,0.971500039100647,0.19710874557495117,-0.007176463957875967,1.2230000495910645,-0.07980978488922119,-0.0405692458152771,1.1579999923706055,0.2453618198633194,0.19233955442905426,1.3585000038146973,-0.20628722012043,0.12806303799152374,1.1729999780654907,0.14025405049324036,0.2585688829421997,1.2829999923706055,-0.0802791640162468,0.20077314972877502,1.1124999523162842
0.08552000671625137,0.018313419073820114,1.0889999866485596,0.12725171446800232,-0.006539795082062483,1.1145000457763672,0.05102713406085968,-0.008835324086248875,0.9700000286102295,0.21674813330173492,0.002729632891714573,1.222000002861023,-0.06819646060466766,-0.0422256663441658,1.1519999504089355,0.2558962106704712,0.19418276846408844,1.3559999465942383,-0.1939697265625,0.12871809303760529,1.1790000200271606,0.16191409528255463,0.2649082541465759,1.2734999656677246,-0.07667390257120132,0.20257577300071716,1.1124999523162842
0.10126131027936935,0.02181241661310196,1.0875000953674316,0.14125369489192963,-0.0047190687619149685,1.1110000610351562,0.06636600196361542,-0.005659606773406267,0.9644999504089355,0.23239825665950775,0.002727398881688714,1.2209999561309814,-0.05117367208003998,-0.04390091449022293,1.1469999551773071,0.27653607726097107,0.19981184601783752,1.3494999408721924,-0.1887175589799881,0.1309608668088913,1.1820000410079956,0.17622016370296478,0.277071475982666,1.2725000381469727,-0.07487127184867859,0.20618101954460144,1.1124999523162842
0.11509309709072113,0.02352033369243145,1.0850000381469727,0.15745548903942108,0.002481687581166625,1.1110000610351562,0.07833704352378845,-0.0056214649230241776,0.9579999446868896,0.24802248179912567,0.01063238549977541,1.2200000286102295,-0.038080766797065735,-0.04380523040890694,1.1445000171661377,0.28965598344802856,0.21074505150318146,1.3494999408721924,-0.18105658888816833,0.12904562056064606,1.1820000410079956,0.18844325840473175,0.2830345034599304,1.2714999914169312,-0.07487127184867859,0.21519410610198975,1.1124999523162842
0.12564152479171753,0.028794514015316963,1.0850000381469727,0.1675751656293869,0.00605742959305644,1.1064999103546143,0.0882253646850586,-0.0040245880372822285,0.9474999904632568,0.255510151386261,0.012588518671691418,1.2179999351501465,-0.023173829540610313,-0.043671268969774246,1.1410000324249268,0.30423426628112793,0.21176011860370636,1.3559999465942383,-0.17339561879634857,0.14053702354431152,1.1820000410079956,0.20118986070156097,0.2868269383907318,1.2610000371932983,-0.07283876836299896,0.2306896299123764,1.1089999675750732
0.13508734107017517,0.03164059668779373,1.0625,0.17874184250831604,0.009569146670401096,1.0980000495910645,0.0964086502790451,-0.0009439893765375018,0.9375,0.26957038044929504,0.0182584710419178,1.2014999389648438,-0.010223189368844032,-0.039938636124134064,1.1399999856948853,0.31347671151161194,0.2171439528465271,1.3485000133514404,-0.16573463380336761,0.1481979638338089,1.1820000410079956,0.21532171964645386,0.2886410653591156,1.2599999904632568,-0.06339334696531296,0.2611372768878937,1.1010000705718994
0.1436765342950821,0.03425829857587814,1.0374999046325684,0.1884678304195404,0.013061639852821827,1.0924999713897705,0.10490400344133377,0.0020818475168198347,0.9319999814033508,0.27715498208999634,0.021829480305314064,1.184000015258789,-0.004677511751651764,-0.038058046251535416,1.1389999389648438,0.3222367763519287,0.21786512434482574,1.3394999504089355,-0.15424317121505737,0.15394364297389984,1.1820000410079956,0.22206927835941315,0.2908657491207123,1.2519999742507935,-0.057250600308179855,0.28397470712661743,1.0859999656677246
0.15003854036331177,0.03585279360413551,1.034999966621399,0.19377849996089935,0.016602063551545143,1.0924999713897705,0.1101708859205246,0.0035669454373419285,0.9254999756813049,0.28602084517478943,0.023687781766057014,1.180999994277954,0.008219767361879349,-0.034276410937309265,1.1359999179840088,0.3315361738204956,0.21827174723148346,1.3420000076293945,-0.14154396951198578,0.1697324961423874,1.1719999313354492,0.22935660183429718,0.2938630282878876,1.247499942779541,-0.049310240894556046,0.32207781076431274,1.066499948501587
0.1567467749118805,0.042560968548059464,1.034999966621399,0.20569829642772675,0.020096397027373314,1.090000033378601,0.11579284071922302,0.008039652369916439,0.9225000143051147,0.29126760363578796,0.01600618101656437,1.178999900817871,0.017369629815220833,-0.030500752851366997,1.1324999332427979,0.34317100048065186,0.21954277157783508,1.3365000486373901,-0.12699227035045624,0.18499061465263367,1.1605000495910645,0.23610977828502655,0.2942241132259369,1.2404999732971191,-0.04508014768362045,0.3540181517601013,1.0485000610351562
0.1668090969324112,0.042560968548059464,1.034999966621399,0.21207980811595917,0.023552851751446724,1.0865000486373901,0.12469379603862762,0.012517132796347141,0.921999990940094,0.2962430715560913,0.019776474684476852,1.1759999990463257,0.02284444496035576,-0.02862776257097721,1.13100004196167,0.3436570167541504,0.22709520161151886,1.3300000429153442,-0.10954694449901581,0.1953427642583847,1.1549999713897705,0.2372560203075409,0.29115405678749084,1.2359999418258667,0,0,0
0.17351731657981873,0.042560968548059464,1.034999966621399,0.2185167670249939,0.026999076828360558,1.0835000276565552,0.13358505070209503,0.012510344386100769,0.9214999675750732,0.30041906237602234,0.021571362391114235,1.1700000762939453,0.026462778449058533,-0.02491842769086361,1.128999948501587,0.34796714782714844,0.22494016587734222,1.3300000429153442,-0.10177282243967056,0.20227928459644318,1.13100004196167,0.24106629192829132,0.2909184992313385,1.2349998950958252,0,0,0
0.1784622222185135,0.045892875641584396,1.034500002861023,0.2207985520362854,0.028595473617315292,1.0774999856948853,0.1379895657300949,0.015488208271563053,0.9210000038146973,0.3031705915927887,0.02527623064815998,1.1660000085830688,0.033615682274103165,-0.022976594045758247,1.1234999895095825,0.35333675146102905,0.2256166934967041,1.3340001106262207,-0.08503236621618271,0.19923916459083557,1.1039999723434448,0.24686960875988007,0.2886834442615509,1.2339999675750732,0,0,0
0.1832249015569687,0.04917393624782562,1.0329999923706055,0.23080626130104065,0.03226596489548683,1.0835000276565552,0.14513540267944336,0.018432745710015297,0.9190000295639038,0.30479827523231506,0.029029924422502518,1.1649999618530273,0.03518380969762802,-0.017390543594956398,1.1154999732971191,0.3554983139038086,0.21913212537765503,1.3340001106262207,-0.0754678025841713,0.20116347074508667,1.0950000286102295,0.252868115901947,0.2846844792366028,1.2339999675750732,0,0,0
0.1915939599275589,0.05084774270653725,1.0329999923706055,0.2361571043729782,0.033534903079271317,1.068000078201294,0.1506807506084442,0.021352669224143028,0.9164999723434448,0.30830880999565125,0.027118941769003868,1.1640000343322754,0.0386422760784626,-0.011919823475182056,1.1109999418258667,0.3571240305900574,0.22178006172180176,1.3240000009536743,-0.06976062059402466,0.19653211534023285,1.0889999866485596,0.2564508318901062,0.2862193286418915,1.2319999933242798,0,0,0
0.1985771507024765,0.05595027655363083,1.034500002861023,0.23443512618541718,0.036459002643823624,1.0525000095367432,0.15496662259101868,0.024296201765537262,0.9155000448226929,0.3155817687511444,0.027095641940832138,1.1629999876022339,0.0403696708381176,-0.013695313595235348,1.1089999675750732,0.3551010191440582,0.22052374482154846,1.316499948501587,-0.06547128409147263,0.20299765467643738,1.0764999389648438,0.2584470808506012,0.2842230796813965,1.2319999933242798,0,0,0
0.20035018026828766,0.05933140590786934,1.034999966621399,0.23501873016357422,0.039680395275354385,1.0475000143051147,0.1560228019952774,0.027188578620553017,0.9129999876022339,0.31746619939804077,0.025211196392774582,1.1629999876022339,0.04199553653597832,-0.013639742508530617,1.1045000553131104,0.3585910201072693,0.21279624104499817,1.3215000629425049,-0.06471104174852371,0.20236453413963318,1.063999891281128,0.2595977187156677,0.281310498714447,1.2279999256134033,0,0,0
0.2009309083223343,0.061185285449028015,1.0379999876022339,0.23142896592617035,0.042417049407958984,1.0315001010894775,0.15593735873699188,0.030130796134471893,0.9125000238418579,0.31342756748199463,0.027072342112660408,1.1619999408721924,0.04171036556363106,-0.011769618839025497,1.097000002861023,0.3585910201072693,0.20851369202136993,1.3215000629425049,-0.06257261335849762,0.20103318989276886,1.056999921798706,0.25843507051467896,0.27806973457336426,1.2225000858306885,0,0,0
0.20180200040340424,0.06313973665237427,1.0425000190734863,0.21850915253162384,0.040340401232242584,0.9810000658035278,0.1574159413576126,0.03308790177106857,0.9125000238418579,0.3096618950366974,0.02330669015645981,1.1619999408721924,0.03794664889574051,-0.01347302831709385,1.0910000801086426,0.351500928401947,0.2102564424276352,1.319000005722046,-0.06045686826109886,0.19629916548728943,1.0499999523162842,0.25663813948631287,0.2741692066192627,1.2139999866485596,0,0,0
