0.31095078587532043,0.17349466681480408,0.8149999976158142,0.30412399768829346,0.14803649485111237,0.7404999732971191,0.2839154303073883,0.1415223628282547,0.7570000290870667,0.2697575092315674,0.07530012726783752,0.7450000047683716,0.14956434071063995,0.09290847927331924,0.8510000109672546,0.4146153926849365,0.26927322149276733,1.119999885559082,0.15214291214942932,0.2740287780761719,0.7605000138282776,0.4078686237335205,0.3852930963039398,1.064500093460083,0,0,0
0.3043479025363922,0.1682123988866806,0.8149999976158142,0.29892033338546753,0.1430436372756958,0.7394999861717224,0.2765558362007141,0.1378425806760788,0.7570000290870667,0,0,0,0.14266979694366455,0.08463507145643234,0.8510000109672546,0,0,0,0,0,0,0,0,0,0,0,0
0.29246270656585693,0.1642506867647171,0.8149999976158142,0.2869378924369812,0.1382506936788559,0.7394999861717224,0.26428982615470886,0.13170963525772095,0.7570000290870667,0.2649289071559906,0.09582163393497467,0.7450000047683716,0.13625387847423553,0.07386331260204315,0.8539999723434448,0.39828234910964966,0.30012431740760803,1.119999885559082,0,0,0,0,0,0,0,0,0
0.2832816243171692,0.1610756665468216,0.8190000057220459,0.2810724973678589,0.13529331982135773,0.7430000305175781,0.25129416584968567,0.12582549452781677,0.7584999799728394,0.27235448360443115,0.132124662399292,0.7454999685287476,0.1340334117412567,0.06305055320262909,0.8574999570846558,0.3983526825904846,0.3120969533920288,1.1304999589920044,0,0,0,0,0,0,0,0,0
0.27132976055145264,0.15519468486309052,0.8230000138282776,0.27078282833099365,0.12832842767238617,0.7445000410079956,0.2401067167520523,0.11776324361562729,0.7619999647140503,0.26097309589385986,0.12884552776813507,0.7475000023841858,0.1133897602558136,0.06316085159778595,0.8589999675750732,0.3890751302242279,0.3208368420600891,1.1354999542236328,0.0499628409743309,0.22641624510288239,0.7620000243186951,0,0,0,0,0,0
0.2553272545337677,0.14986056089401245,0.8230000138282776,0.2585507035255432,0.12278953939676285,0.7475000023841858,0.22508476674556732,0.11582343280315399,0.765500009059906,0.26219505071640015,0.12579822540283203,0.7510000467300415,0.09870713949203491,0.06916836649179459,0.8645000457763672,0.38069912791252136,0.31753870844841003,1.1434999704360962,0.017884057015180588,0.25885751843452454,0.7630000114440918,0,0,0,0,0,0
0.23799122869968414,0.14719350636005402,0.8230000138282776,0.24288663268089294,0.12101125717163086,0.7515000104904175,0.21185500919818878,0.11107920855283737,0.7670000195503235,0.24759253859519958,0.1136295273900032,0.7510000467300415,0.08133494108915329,0.06705773621797562,0.8734999895095825,0.367965966463089,0.3161502480506897,1.1384999752044678,-0.016875479370355606,0.25856903195381165,0.7695000171661377,0,0,0,0,0,0
0.22119140625,0.1435408890247345,0.8250000476837158,0.22644002735614777,0.11644961684942245,0.7534999847412109,0.19396868348121643,0.11026602238416672,0.7699999809265137,0.22797061502933502,0.10260932892560959,0.750499963760376,0.06527139246463776,0.07663103193044662,0.8860000371932983,0.3535180687904358,0.2979642450809479,1.1394999027252197,-0.04596749320626259,0.24833931028842926,0.7764999866485596,0.3423241674900055,0.39564216136932373,1.064500093460083,0,0,0
0.20443083345890045,0.1399533748626709,0.8274999856948853,0.2094859629869461,0.1140834391117096,0.7540000081062317,0.17901867628097534,0.10979706794023514,0.7754999995231628,0.21459385752677917,0.10139326751232147,0.750499963760376,0.04275498911738396,0.07455068081617355,0.8955000042915344,0.3387470543384552,0.2813469469547272,1.1394999027252197,-0.08081241697072983,0.23426085710525513,0.8105000257492065,0.3199010193347931,0.38011854887008667,1.064500093460083,0.016933944076299667,0.340253621339798,0.9114999771118164
0.1848752200603485,0.14037619531154633,0.8300000429153442,0.19373176991939545,0.11415909230709076,0.7545000314712524,0.16194702684879303,0.10762979090213776,0.777999997138977,0.20175336301326752,0.08703187853097916,0.7524999976158142,0.02104834094643593,0.07475880533456802,0.8980000019073486,0.3258223831653595,0.26103687286376953,1.1394999027252197,-0.09907831996679306,0.22726312279701233,0.8429999947547913,0.2966395914554596,0.36700743436813354,1.061500072479248,-0.0022638135123997927,0.3339790999889374,0.9105000495910645
0.16694708168506622,0.13978509604930878,0.8345000147819519,0.17609092593193054,0.11338559538125992,0.7574999928474426,0.1434972584247589,0.10797564685344696,0.7804999947547913,0.18358567357063293,0.08952993154525757,0.753000020980835,-0.0007802649633958936,0.0793883204460144,0.9010000228881836,0.30419886112213135,0.2577958405017853,1.1414999961853027,-0.11295722424983978,0.21802973747253418,0.8550000190734863,0.26879847049713135,0.3557063043117523,1.0534999370574951,-0.025826340541243553,0.31722718477249146,0.909000039100647
0.15026375651359558,0.1392623782157898,0.8395000100135803,0.15953652560710907,0.11383464187383652,0.7604999542236328,0.12651704251766205,0.10859818011522293,0.7849999666213989,0.17027735710144043,0.08226384967565536,0.7534999847412109,-0.024500800296664238,0.08057782053947449,0.9144999980926514,0.2861667573451996,0.245509535074234,1.1359999179840088,-0.12760420143604279,0.21817971765995026,0.8895000219345093,0.23784594237804413,0.3502524793148041,1.0525000095367432,-0.042028140276670456,0.30986279249191284,0.909000039100647
0.13047835230827332,0.14129266142845154,0.843500018119812,0.1427524834871292,0.11297254264354706,0.7630000114440918,0.10743751376867294,0.10987013578414917,0.7849999666213989,0.16050992906093597,0.07249649614095688,0.7534999847412109,-0.03985626623034477,0.07867511361837387,0.9269999861717224,0.26960036158561707,0.24919094145298004,1.1359999179840088,-0.14601698517799377,0.22292186319828033,0.9334999918937683,0.2101471871137619,0.3383163809776306,1.0420000553131104,-0.0523383766412735,0.3039712607860565,0.909000039100647
0.11599146574735641,0.1419626921415329,0.8475000262260437,0.12841957807540894,0.11217556893825531,0.7660000324249268,0.09276098757982254,0.10928988456726074,0.7899999618530273,0.1445419043302536,0.0687880590558052,0.753000020980835,-0.05496563762426376,0.07729794085025787,0.9284999966621399,0.24869407713413239,0.24853286147117615,1.1329998970031738,-0.16286037862300873,0.22493447363376617,0.9614999890327454,0.1865096390247345,0.3264976739883423,1.0420000553131104,-0.05685071274638176,0.30299752950668335,0.9105000495910645
0.100040964782238,0.13995543122291565,0.8519999980926514,0.11374770849943161,0.11115162074565887,0.7675000429153442,0.07740014046430588,0.10928988456726074,0.7899999618530273,0.13469146192073822,0.07361958175897598,0.7524999976158142,-0.07528647780418396,0.07656894624233246,0.9380000233650208,0.23400728404521942,0.24853286147117615,1.1329998970031738,-0.180338516831398,0.24098290503025055,0.9889999628067017,0.1569739431142807,0.32477429509162903,1.0364999771118164,-0.06440366804599762,0.30678820610046387,0.9129999876022339
0.08367053419351578,0.1402839720249176,0.8539999723434448,0.1015755832195282,0.11144126951694489,0.7695000171661377,0.059178002178668976,0.10746294260025024,0.7860000133514404,0.12127908319234848,0.07727748155593872,0.7524999976158142,-0.08693329244852066,0.08515535295009613,0.9490000009536743,0.21197712421417236,0.24118950963020325,1.1329998970031738,-0.1959141045808792,0.2481043040752411,1.0115000009536743,0.14353805780410767,0.32141536474227905,1.0364999771118164,-0.07456411421298981,0.3181857168674469,0.9290000200271606
0.07536790519952774,0.1402839720249176,0.8539999723434448,0.09201739728450775,0.11194814741611481,0.7730000019073486,0.04892696812748909,0.10987014323472977,0.7850000262260437,0.1141146793961525,0.07005465030670166,0.7534999847412109,-0.10140976309776306,0.08259890973567963,0.9549999833106995,0.1978127360343933,0.245509535074234,1.1359999179840088,-0.2132682502269745,0.2594664394855499,1.0239999294281006,0.1297256350517273,0.32550889253616333,1.0334999561309814,-0.09902580082416534,0.3304885923862457,0.9470000267028809
0.061530180275440216,0.13613267242908478,0.8539999723434448,0.07969781756401062,0.10972627252340317,0.7749999761581421,0.03747924789786339,0.10605426132678986,0.7850000262260437,0.10685998201370239,0.06032729521393776,0.7540000081062317,-0.12527364492416382,0.08303136378526688,0.9600000381469727,0.1847793608903885,0.2459210753440857,1.1464999914169312,-0.22897565364837646,0.2823781967163086,1.034999966621399,0.12350328266620636,0.33517417311668396,1.0374999046325684,-0.09442240744829178,0.34736761450767517,0.9470000267028809
0.05196518823504448,0.13645148277282715,0.8559999465942383,0.07234945148229599,0.10749144107103348,0.7769999504089355,0.028575466945767403,0.10732622444629669,0.7850000262260437,0.09966155141592026,0.060407306998968124,0.7549999952316284,-0.13544809818267822,0.08198507130146027,0.9660000205039978,0.17802494764328003,0.25404617190361023,1.1754999160766602,-0.24461695551872253,0.30697178840637207,1.0444999933242798,0.12182217836380005,0.34526073932647705,1.0374999046325684,0,0,0
0.042256101965904236,0.13645148277282715,0.8559999465942383,0.06353641301393509,0.11126843839883804,0.7769999504089355,0.019671687856316566,0.10732622444629669,0.7850000262260437,0.0949564054608345,0.056849975138902664,0.7565000057220459,-0.14123190939426422,0.08577638864517212,0.9735000133514404,0.17143996059894562,0.258476585149765,1.1959999799728394,-0.25646406412124634,0.3171263635158539,1.0444999933242798,0.11811744421720505,0.3509673476219177,1.034500002861023,0,0,0
