-0.007472109980881214,-0.11975985765457153,1.8194999694824219,0.015622077509760857,-0.14183123409748077,1.7639999389648438,-0.043321672827005386,-0.1508822739124298,1.8394999504089355,0.08087527751922607,-0.00832526944577694,1.9600000381469727,-0.20435088872909546,0.03338120877742767,1.9850000143051147,0.23220984637737274,-0.08836766332387924,1.781000018119812,-0.29093435406684875,0.28695446252822876,2.124000072479248,0.26998481154441833,-0.23009222745895386,1.6584999561309814,-0.3363005220890045,0.5203922390937805,2.1500000953674316
-0.00452389707788825,-0.11681166291236877,1.8194999694824219,0.018480360507965088,-0.1389729529619217,1.7639999389648438,-0.037208110094070435,-0.1443301886320114,1.8320000171661377,0.0839439332485199,0.0012007500045001507,1.9574999809265137,-0.20113451778888702,0.039813924580812454,1.9850000143051147,0.23798148334026337,-0.08259604126214981,1.781000018119812,-0.28278064727783203,0.2856709957122803,2.114500045776367,0.31222736835479736,-0.22417563199996948,1.6545000076293945,-0.3312169015407562,0.5193879008293152,2.117500066757202
0.0013706416357308626,-0.11076287925243378,1.8170000314712524,0.0241969283670187,-0.1361146867275238,1.7639999389648438,-0.031143158674240112,-0.14078304171562195,1.8245000839233398,0.09295807778835297,0.007503882050514221,1.9470000267028809,-0.19066540896892548,0.039643436670303345,1.9765000343322754,0.249524787068367,-0.07971023768186569,1.781000018119812,-0.2772406339645386,0.29030993580818176,2.0985000133514404,0.37104079127311707,-0.23007863759994507,1.6779999732971191,-0.3273064196109772,0.5200368762016296,2.0924999713897705
0.004431162960827351,-0.11072633415460587,1.8659999370574951,0.03107510134577751,-0.13843107223510742,1.8324999809265137,-0.025133727118372917,-0.13729794323444366,1.8174999952316284,0.10484526306390762,0.0074518523178994656,1.933500051498413,-0.18351438641548157,0.04267260432243347,1.9684998989105225,0.2635834515094757,-0.08536186814308167,1.7785000801086426,-0.26206907629966736,0.29196062684059143,2.0859999656677246,0.4172627031803131,-0.2355164736509323,1.6779999732971191,-0.3157767653465271,0.5190132856369019,2.061500072479248
0.01350183691829443,-0.11072633415460587,1.8659999370574951,0.04175025597214699,-0.14454999566078186,1.9134999513626099,-0.019243784248828888,-0.14024288952350616,1.8174999952316284,0.11377135664224625,0.010540967807173729,1.9254999160766602,-0.17226654291152954,0.045419566333293915,1.9494999647140503,0.2808741331100464,-0.07383482903242111,1.7785000801086426,-0.24860772490501404,0.29144713282585144,2.058499813079834,0.46076563000679016,-0.22464081645011902,1.6779999732971191,-0.30632224678993225,0.5176659822463989,2.0429999828338623
0.022572511807084084,-0.11072633415460587,1.8659999370574951,0.052519217133522034,-0.14551517367362976,1.9684998989105225,-0.007435149513185024,-0.13970275223255157,1.810499906539917,0.12608732283115387,0.013643180951476097,1.9229999780654907,-0.16141216456890106,0.04503514617681503,1.9329999685287476,0.29665595293045044,-0.06772682815790176,1.7695000171661377,-0.23373308777809143,0.2822332978248596,2.0164999961853027,0.481366902589798,-0.20783071219921112,1.6740000247955322,-0.2980145215988159,0.5180436968803406,2.0314998626708984
0.034666746854782104,-0.11072633415460587,1.8659999370574951,0.06846743077039719,-0.14870481193065643,1.9684998989105225,0.004299367778003216,-0.13970275223255157,1.810499906539917,0.14166690409183502,0.019874976947903633,1.9229999780654907,-0.1484985649585724,0.0480426549911499,1.9279999732971191,0.3158988952636719,-0.07105279713869095,1.781000018119812,-0.2184748351573944,0.28590404987335205,1.996500015258789,0.4940742552280426,-0.19826190173625946,1.6619999408721924,-0.28770121932029724,0.517912745475769,2.005500078201294
0.06792588531970978,-0.12282049655914307,1.8659999370574951,0.10355351120233536,-0.1550840437412262,1.9684998989105225,0.03656928613781929,-0.14850358664989471,1.810499906539917,0.176869735121727,0.02578773722052574,1.8995000123977661,-0.11677182465791702,0.041621237993240356,1.9200000762939453,0.3534146547317505,-0.06816698610782623,1.781000018119812,-0.1853322833776474,0.2814655900001526,1.9879999160766602,0.5156183242797852,-0.20634087920188904,1.6619999408721924,-0.2626420557498932,0.5037298202514648,1.9880000352859497
0.08560599386692047,-0.1281769722700119,1.8559999465942383,0.12588101625442505,-0.16465291380882263,1.9684998989105225,0.05409626662731171,-0.1541576385498047,1.8079999685287476,0.18534669280052185,0.007172432262450457,1.8610000610351562,-0.09472230076789856,0.03219562768936157,1.9144999980926514,0.3626014292240143,-0.07632835954427719,1.7695000171661377,-0.168502539396286,0.2706398069858551,1.9795000553131104,0.5102323293685913,-0.21711285412311554,1.6619999408721924,-0.24331462383270264,0.5005085468292236,1.9880000352859497
0.10637015104293823,-0.13682936131954193,1.8509999513626099,0.14820851385593414,-0.17422178387641907,1.9684998989105225,0.07423195242881775,-0.16213519871234894,1.7990000247955322,0.20456893742084503,0.007106912322342396,1.843999981880188,-0.08164729923009872,0.028857959434390068,1.8989999294281006,0.37690696120262146,-0.07005542516708374,1.75600004196167,-0.15227264165878296,0.2735014259815216,1.9769999980926514,0.5102323293685913,-0.23596377670764923,1.6619999408721924,-0.23300448060035706,0.495911568403244,1.9825000762939453
0.12902604043483734,-0.14136174321174622,1.8320000171661377,0.16642098128795624,-0.1762431263923645,1.9210000038146973,0.09080418944358826,-0.16917037963867188,1.7809998989105225,0.22462835907936096,0.007079934235662222,1.8370000123977661,-0.0657213106751442,0.025570521131157875,1.883500099182129,0.39068809151649475,-0.07565975934267044,1.753999948501587,-0.1390710026025772,0.26635152101516724,1.9714999198913574,0.49184471368789673,-0.25366485118865967,1.6545000076293945,-0.21661455929279327,0.4887462556362152,1.9795000553131104
0.14403152465820312,-0.14157278835773468,1.7969999313354492,0.17594337463378906,-0.17344476282596588,1.8259999752044678,0.10648007690906525,-0.16944780945777893,1.753999948501587,0.23318682610988617,0.001110885408706963,1.8109999895095825,-0.04394576698541641,0.016262318938970566,1.8659999370574951,0.4013478457927704,-0.08006854355335236,1.7265000343322754,-0.11841392517089844,0.25988680124282837,1.9470000267028809,0.45295003056526184,-0.25229451060295105,1.6115000247955322,-0.20057721436023712,0.4855387806892395,1.9795000553131104
0.15346942842006683,-0.14530466496944427,1.7714999914169312,0.1879146695137024,-0.17400886118412018,1.7714999914169312,0.12184227257966995,-0.1755387783050537,1.7300000190734863,0.2504354417324066,0.0010964702814817429,1.7874999046325684,-0.02852672152221203,0.01010848954319954,1.8464999198913574,0.4051760137081146,-0.08029823005199432,1.6729999780654907,-0.10462644696235657,0.2538970112800598,1.9254999160766602,0.4128000736236572,-0.24652215838432312,1.558500051498413,-0.18453988432884216,0.4823313355445862,1.9795000553131104
0.17184790968894958,-0.14955337345600128,1.753999948501587,0.20409509539604187,-0.17883647978305817,1.7625000476837158,0.13818049430847168,-0.18051688373088837,1.7239999771118164,0.267439067363739,-0.007581941317766905,1.784999966621399,-0.01642884500324726,0.004092215560376644,1.8320000171661377,0.41971853375434875,-0.09494700282812119,1.6449999809265137,-0.09114160388708115,0.2511279582977295,1.9045000076293945,0.37551042437553406,-0.24535807967185974,1.5199999809265137,-0.1652950793504715,0.4887462556362152,1.9795000553131104
0.18420198559761047,-0.15368866920471191,1.7365000247955322,0.21676364541053772,-0.18318694829940796,1.749500036239624,0.15104469656944275,-0.18198122084140778,1.7114999294281006,0.27976861596107483,-0.01613585278391838,1.7714999914169312,-0.0015657260082662106,0.0011090452317148447,1.808000087738037,0.4405060112476349,-0.09749377518892288,1.6430000066757202,-0.07477767020463943,0.24193355441093445,1.88100004196167,0.34509170055389404,-0.22760076820850372,1.4844999313354492,-0.1464560627937317,0.4804551303386688,1.9850000143051147
0.1945001184940338,-0.15853624045848846,1.7279999256134033,0.22477808594703674,-0.18610379099845886,1.7239999771118164,0.15939027070999146,-0.1843501329421997,1.6825000047683716,0.28870201110839844,-0.018839973956346512,1.75600004196167,0.010037473402917385,-0.0017998730763792992,1.787500023841858,0.4491167962551117,-0.10115981847047806,1.6165000200271606,-0.062336668372154236,0.24096891283988953,1.873500108718872,0.3186497986316681,-0.21000936627388,1.4625000953674316,-0.12734997272491455,0.47473880648612976,1.9880000352859497
0.20723295211791992,-0.1603558361530304,1.7174999713897705,0.23335154354572296,-0.1840527504682541,1.7049999237060547,0.17132459580898285,-0.1852417141199112,1.6660000085830688,0.2986307144165039,-0.021580306813120842,1.747499942779541,0.01861131563782692,-0.0017887968569993973,1.7764999866485596,0.456205815076828,-0.10442374646663666,1.5864999294281006,-0.05308747664093971,0.2463809698820114,1.868499994277954,0.30130890011787415,-0.20785541832447052,1.4474999904632568,-0.11429227143526077,0.4868878424167633,1.9850000143051147
0.2140127718448639,-0.16195142269134521,1.7049999237060547,0.24071839451789856,-0.1888553500175476,1.6984999179840088,0.17651143670082092,-0.1904117912054062,1.6640000343322754,0.30729636549949646,-0.029816744849085808,1.7325000762939453,0.018537981435656548,-0.004648926202207804,1.7695000171661377,0.4675809144973755,-0.10921976715326309,1.5815000534057617,-0.04092221334576607,0.23698070645332336,1.8660000562667847,0.3104409873485565,-0.20148028433322906,1.4355000257492065,-0.09152332693338394,0.47912389039993286,1.9795000553131104
0.22288545966148376,-0.1603841483592987,1.688499927520752,0.25380492210388184,-0.18835501372814178,1.694000005722046,0.18532666563987732,-0.1884092539548874,1.6464999914169312,0.31371352076530457,-0.029627429321408272,1.7214999198913574,0.02697085775434971,-0.004620026331394911,1.7584999799728394,0.4742168188095093,-0.11153493821620941,1.5780000686645508,-0.03482837229967117,0.23968270421028137,1.8634999990463257,0.33658522367477417,-0.20968295633792877,1.4279999732971191,-0.0786934569478035,0.4823313355445862,1.9795000553131104
0.23667925596237183,-0.15592096745967865,1.6699999570846558,0.2710849344730377,-0.18702073395252228,1.681999921798706,0.20115222036838531,-0.18577738106250763,1.623500108718872,0.32680410146713257,-0.026767874136567116,1.7170000076293945,0.046396203339099884,-0.004568794742226601,1.7390000820159912,0.48592114448547363,-0.11383875459432602,1.5744999647140503,-0.01660371571779251,0.23813927173614502,1.8515000343322754,0.41062837839126587,-0.2629011273384094,1.4279999732971191,-0.05944865569472313,0.4983685612678528,1.9795000553131104
