0.1744363158941269,-0.04169033467769623,1.190000057220459,0.20908285677433014,-0.07191871851682663,1.2120000123977661,0.12959975004196167,-0.05867873132228851,1.0460000038146973,0.2604655623435974,-0.0787288174033165,1.2915000915527344,-0.012832718901336193,-0.04835260659456253,1.2120000123977661,0.35161471366882324,0.11313368380069733,1.4140000343322754,-0.09000999480485916,0.15739648044109344,1.305999994277954,0.28343820571899414,0.15542100369930267,1.2725000381469727,0.05407185107469559,0.1917095184326172,1.215000033378601
0.17057989537715912,-0.04361853003501892,1.190000057220459,0.2043934315443039,-0.07556478679180145,1.2074999809265137,0.12608934938907623,-0.06031588092446327,1.0450000762939453,0.25907307863235474,-0.07474551349878311,1.2950000762939453,-0.014796573668718338,-0.04442492127418518,1.2120000123977661,0.3676528334617615,0.12458943575620651,1.4140000343322754,-0.09000999480485916,0.1637449413537979,1.305999994277954,0.2857244312763214,0.16379711031913757,1.2734999656677246,0.051867276430130005,0.19280150532722473,1.2095000743865967
0.16644325852394104,-0.04739512875676155,1.187999963760376,0.20122742652893066,-0.07781024277210236,1.2120000123977661,0.12124115973711014,-0.06382428109645844,1.0469999313354492,0.2634730637073517,-0.07480323314666748,1.2960000038146973,-0.012832718901336193,-0.04835260659456253,1.2120000123977661,0.3787064850330353,0.12674598395824432,1.412500023841858,-0.09212616831064224,0.1700933873653412,1.305999994277954,0.28778794407844543,0.16998758912086487,1.2734999656677246,0.05358231067657471,0.19387564063072205,1.2039999961853027
0.162319615483284,-0.04923705384135246,1.1859999895095825,0.19729973375797272,-0.0817379280924797,1.2120000123977661,0.11592980474233627,-0.06708887219429016,1.0450000762939453,0.2611714005470276,-0.07264719158411026,1.2950000762939453,-0.012832718901336193,-0.04835260659456253,1.2120000123977661,0.3801860213279724,0.13561221957206726,1.409500002861023,-0.09413408488035202,0.17623920738697052,1.3044999837875366,0.28985145688056946,0.16998758912086487,1.2734999656677246,0.05516421049833298,0.19646325707435608,1.1959999799728394
0.15271097421646118,-0.05115876719355583,1.1859999895095825,0.1855165958404541,-0.08566561341285706,1.2120000123977661,0.10382801294326782,-0.07030675560235977,1.0425000190734863,0.2569747269153595,-0.06845052540302277,1.2950000762939453,-0.01282213069498539,-0.044388268142938614,1.2109999656677246,0.38511547446250916,0.15311884880065918,1.4024999141693115,-0.10470277816057205,0.1804666668176651,1.3044999837875366,0.2836609184741974,0.17411457002162933,1.2734999656677246,0.04661964252591133,0.18746139109134674,1.1759999990463257
0.14416812360286713,-0.0508568175137043,1.1790000200271606,0.18091467022895813,-0.08534754812717438,1.2074999809265137,0.09842882305383682,-0.07175424695014954,1.0390000343322754,0.25487640500068665,-0.06425386667251587,1.2950000762939453,-0.018693385645747185,-0.04435161501169205,1.2100000381469727,0.3825068771839142,0.16336730122566223,1.3930000066757202,-0.10822046548128128,0.17719079554080963,1.2960000038146973,0.27953392267227173,0.1720510721206665,1.2734999656677246,0.03831774741411209,0.17857667803764343,1.1554999351501465
0.13714535534381866,-0.050382327288389206,1.1679999828338623,0.17490002512931824,-0.08527687191963196,1.2065000534057617,0.0933782160282135,-0.07007071375846863,1.0390000343322754,0.25487640500068665,-0.06215553730726242,1.2950000762939453,-0.02450414188206196,-0.04226839542388916,1.2065000534057617,0.37797611951828003,0.17035377025604248,1.3765000104904175,-0.11328326165676117,0.1752767115831375,1.2820000648498535,0.27679014205932617,0.16831907629966736,1.2609999179840088,0.02670888788998127,0.17610394954681396,1.1394999027252197
0.13101746141910553,-0.050209786742925644,1.1640000343322754,0.16978546977043152,-0.08467607200145721,1.1979999542236328,0.08803006261587143,-0.06983467191457748,1.0355000495910645,0.2566770613193512,-0.0599876344203949,1.2934999465942383,-0.02450414188206196,-0.04617825523018837,1.2065000534057617,0.37797611951828003,0.17704494297504425,1.3765000104904175,-0.11853622645139694,0.1759013831615448,1.2714999914169312,0.2655283808708191,0.16840334236621857,1.246500015258789,0.017292944714426994,0.17059560120105743,1.127500057220459
0.12113945186138153,-0.04926079884171486,1.1419999599456787,0.15607094764709473,-0.08066309243440628,1.1679999828338623,0.08124008029699326,-0.07144346833229065,1.034500002861023,0.2561809718608856,-0.05777985230088234,1.2910000085830688,-0.028355147689580917,-0.04413168877363205,1.2039999961853027,0.3735153377056122,0.1815057098865509,1.3765000104904175,-0.12412849813699722,0.17302080988883972,1.2655000686645508,0.25739818811416626,0.16179259121418,1.2269999980926514,0.004458450246602297,0.16704727709293365,1.1159999370574951
0.10919298976659775,-0.04626872017979622,1.1145000457763672,0.14321911334991455,-0.07694964855909348,1.1410000324249268,0.07250671088695526,-0.07109816372394562,1.0295000076293945,0.24486514925956726,-0.04924021661281586,1.2864999771118164,-0.036158714443445206,-0.03827904909849167,1.2039999961853027,0.36905449628829956,0.18373610079288483,1.3765000104904175,-0.13186010718345642,0.17444878816604614,1.2609999179840088,0.24271798133850098,0.16064395010471344,1.2035000324249268,-0.011742149479687214,0.16779644787311554,1.1089999675750732
0.09957946091890335,-0.047794196754693985,1.1080000400543213,0.1315472275018692,-0.07845313847064972,1.1359999179840088,0.06225503236055374,-0.07082192599773407,1.0255000591278076,0.2354237586259842,-0.046935733407735825,1.2804999351501465,-0.04197650030255318,-0.0362979993224144,1.2030000686645508,0.3645937144756317,0.18819686770439148,1.3765000104904175,-0.1428624391555786,0.1749524474143982,1.25,0.23633736371994019,0.16283506155014038,1.190999984741211,-0.020409220829606056,0.16522428393363953,1.0920000076293945
0.08654090762138367,-0.047535378485918045,1.1019999980926514,0.11960135400295258,-0.07603920251131058,1.127500057220459,0.05213211104273796,-0.06895794719457626,1.0225000381469727,0.22650356590747833,-0.04887660592794418,1.2769999504089355,-0.05367213115096092,-0.0343487374484539,1.2030000686645508,0.3501167297363281,0.19403956830501556,1.3550000190734863,-0.15935149788856506,0.1750665158033371,1.2365000247955322,0.21639499068260193,0.16473522782325745,1.1770000457763672,-0.025293545797467232,0.16250081360340118,1.0740000009536743
0.07336969673633575,-0.04179581627249718,1.0920000076293945,0.10638649016618729,-0.07391609251499176,1.1230000257492065,0.03876364603638649,-0.06710369884967804,1.0195000171661377,0.20698565244674683,-0.04454559460282326,1.2714999914169312,-0.06920872628688812,-0.03042490780353546,1.2020000219345093,0.3277069628238678,0.19855575263500214,1.3264999389648438,-0.17183400690555573,0.17946624755859375,1.2254999876022339,0.2024272084236145,0.16647304594516754,1.1624999046325684,-0.03568512201309204,0.1622738540172577,1.0724999904632568
0.06070457771420479,-0.04336574673652649,1.0870000123977661,0.09534110873937607,-0.07381735742092133,1.121500015258789,0.028852012008428574,-0.06710369884967804,1.0195000171661377,0.19591088593006134,-0.038213975727558136,1.2664999961853027,-0.07706338912248611,-0.028500961139798164,1.2030000686645508,0.3104201555252075,0.19578661024570465,1.3079999685287476,-0.1845974177122116,0.18823574483394623,1.2179999351501465,0.19237789511680603,0.16618435084819794,1.1475000381469727,-0.05130155012011528,0.16219820082187653,1.0720000267028809
0.04635678231716156,-0.03962322324514389,1.0810000896453857,0.08022700250148773,-0.06968231499195099,1.1134999990463257,0.015659507364034653,-0.06389369815587997,1.0209999084472656,0.1827280968427658,-0.038032934069633484,1.2604999542236328,-0.09055748581886292,-0.02845357544720173,1.2009999752044678,0.29372069239616394,0.19525817036628723,1.2904999256134033,-0.1935073435306549,0.1932000070810318,1.2120000123977661,0.1702021062374115,0.16451886296272278,1.1359999179840088,-0.06307581067085266,0.16466765105724335,1.065500020980835
0.03213461861014366,-0.035886164754629135,1.0740000009536743,0.06361521035432816,-0.06748183816671371,1.1069999933242798,0.004076925106346607,-0.06055532023310661,1.0204999446868896,0.16579458117485046,-0.0358620248734951,1.25600004196167,-0.10798177868127823,-0.024541089311242104,1.2000000476837158,0.2716262936592102,0.19352610409259796,1.2655000686645508,-0.20970097184181213,0.19379514455795288,1.2035000324249268,0.15383410453796387,0.166423499584198,1.1239999532699585,-0.07966193556785583,0.17012426257133484,1.05649995803833
0.01644938625395298,-0.028884820640087128,1.0724999904632568,0.04736453667283058,-0.060170818120241165,1.1045000553131104,-0.014112223871052265,-0.05559467151761055,1.0204999446868896,0.1492753028869629,-0.033773019909858704,1.253999948501587,-0.12537690997123718,-0.020635079592466354,1.1990000009536743,0.25442633032798767,0.1913851499557495,1.2515000104904175,-0.2302875816822052,0.20278440415859222,1.1990000009536743,0.13771523535251617,0.16817472875118256,1.1115000247955322,-0.08801263570785522,0.173137366771698,1.0540000200271606
0.0025432882830500603,-0.028844425454735756,1.071000099182129,0.031186774373054504,-0.05646340921521187,1.1019999980926514,-0.025611625984311104,-0.052133869379758835,1.0175000429153442,0.13675589859485626,-0.029638152569532394,1.250999927520752,-0.14080168306827545,-0.014794396236538887,1.1979999542236328,0.2365856170654297,0.18807123601436615,1.2430000305175781,-0.24174252152442932,0.20261526107788086,1.1979999542236328,0.12106886506080627,0.16936400532722473,1.1074999570846558,-0.10649489611387253,0.17434753477573395,1.0509999990463257
-0.011302746832370758,-0.021831344813108444,1.067500114440918,0.018662018701434135,-0.052820201963186264,1.1004999876022339,-0.040350526571273804,-0.048716504126787186,1.0150001049041748,0.11606640368700027,-0.023472309112548828,1.246500015258789,-0.15620057284832,-0.01478204783052206,1.1970000267028809,0.2237786501646042,0.19148118793964386,1.2389999628067017,-0.25319939851760864,0.20284892618656158,1.187999963760376,0.10772336274385452,0.16814060509204865,1.0994999408721924,-0.11610201001167297,0.17512920498847961,1.0455000400543213
-0.025069816038012505,-0.018320303410291672,1.064500093460083,0.006171290762722492,-0.049186717718839645,1.0989999771118164,-0.05342862010002136,-0.04536009207367897,1.0134999752044678,0.1137264296412468,-0.029448622837662697,1.2430000305175781,-0.16161315143108368,-0.00894097052514553,1.194000005722046,0.21147668361663818,0.1932545304298401,1.2374999523162842,-0.2642049789428711,0.20287784934043884,1.1770000457763672,0.09809655696153641,0.16868582367897034,1.0915000438690186,-0.12753210961818695,0.17960809171199799,1.0420000553131104
