0.09841449558734894,0.05407705157995224,1.1360000371932983,0.10827510058879852,0.02748323790729046,0.9760000109672546,0.0664692148566246,0.02876688539981842,0.965999960899353,0.11266350001096725,0.00525269191712141,0.9594999551773071,-0.11450184881687164,0.0059944745153188705,1.0950000286102295,0.19502988457679749,0.1417214721441269,1.4249999523162842,-0.23367099463939667,0.19397380948066711,1.1579999923706055,0.14880125224590302,0.21941153705120087,1.2850000858306885,-0.04869753122329712,0.23589232563972473,1.0915000438690186
0.09818901121616364,0.05685299262404442,1.1549999713897705,0.10495065152645111,0.02902001142501831,0.9745000004768372,0.0648367702960968,0.027173485606908798,0.9649999737739563,0.11260479688644409,0.008357752114534378,0.9589999914169312,-0.1127275675535202,0.004220211412757635,1.0950000286102295,0.19733886420726776,0.1417214721441269,1.4249999523162842,-0.23346921801567078,0.19568103551864624,1.1570000648498535,0.14880125224590302,0.22565791010856628,1.2850000858306885,-0.043451350182294846,0.2326744645833969,1.093000054359436
0.09980060905218124,0.054838698357343674,1.1519999504089355,0.10783135145902634,0.027370600029826164,0.972000002861023,0.06796403974294662,0.027173485606908798,0.9649999737739563,0.11105088144540787,0.009911649860441685,0.9589999914169312,-0.11450184881687164,0.0059944745153188705,1.0950000286102295,0.19887728989124298,0.13657434284687042,1.4194999933242798,-0.22784501314163208,0.19568103551864624,1.1570000648498535,0.14880125224590302,0.22565791010856628,1.2850000858306885,-0.040018822997808456,0.23508895933628082,1.0959999561309814
0.09962734580039978,0.05474349111318588,1.149999976158142,0.10598308593034744,0.02730020321905613,0.9695000052452087,0.06636600196361542,0.02715940587222576,0.9644999504089355,0.10949698090553284,0.005249955225735903,0.9589999914169312,-0.11627612262964249,0.0024459476117044687,1.0950000286102295,0.2036924660205841,0.13671867549419403,1.4210000038146973,-0.22222080826759338,0.1975557506084442,1.1570000648498535,0.14880125224590302,0.22774004936218262,1.2850000858306885,-0.03834760561585426,0.23395170271396637,1.0989999771118164
0.09906424582004547,0.05258122831583023,1.1435000896453857,0.10441216826438904,0.02730020321905613,0.9695000052452087,0.06480317562818527,0.02559659630060196,0.9644999504089355,0.10949698090553284,0.006803853902965784,0.9589999914169312,-0.1127275675535202,0.004220211412757635,1.0950000286102295,0.20138995349407196,0.14132365584373474,1.4210000038146973,-0.22597026824951172,0.19568103551864624,1.1570000648498535,0.14868544042110443,0.2296433299779892,1.284000039100647,-0.04027441516518593,0.2348031997680664,1.1029999256134033
0.10197612643241882,0.05313301458954811,1.1554999351501465,0.10755400359630585,0.025729291141033173,0.9695000052452087,0.06636600196361542,0.024033786728978157,0.9644999504089355,0.10794307291507721,0.005249955225735903,0.9589999914169312,-0.11460640281438828,0.0006722973193973303,1.0959999561309814,0.20744460821151733,0.13999949395656586,1.430999994277954,-0.21847133338451385,0.1975557506084442,1.1570000648498535,0.14839595556259155,0.2312726527452469,1.2815001010894775,-0.03518175333738327,0.2330106943845749,1.1115000247955322
0.10084020346403122,0.053523872047662735,1.1640000343322754,0.10598308593034744,0.025729291141033173,0.9695000052452087,0.06636600196361542,0.024033786728978157,0.9644999504089355,0.10794307291507721,0.003696057014167309,0.9589999914169312,-0.11638230085372925,-0.001103586400859058,1.0959999561309814,0.2097633332014084,0.14231818914413452,1.430999994277954,-0.22158396244049072,0.19866561889648438,1.1635000705718994,0.14603404700756073,0.23289388418197632,1.2790000438690186,-0.03368106484413147,0.23328983783721924,1.121500015258789
0.10127336531877518,0.049965448677539825,1.1690000295639038,0.1062563806772232,0.024220675230026245,0.972000002861023,0.06640040874481201,0.020919006317853928,0.9649999737739563,0.10955406725406647,0.002143275458365679,0.9594999551773071,-0.11654160171747208,-0.0011050970060750842,1.0975000858306885,0.21020308136940002,0.14261655509471893,1.434000015258789,-0.2194046527147293,0.19631889462471008,1.1719999313354492,0.14177826046943665,0.23478257656097412,1.277999997138977,-0.03387627378106117,0.232814222574234,1.128000020980835
0.09815214574337006,0.05030738562345505,1.1770000457763672,0.10342466831207275,0.022715607658028603,0.9750000238418579,0.06346984952688217,0.020984038710594177,0.9679999947547913,0.11122458428144455,0.0005891802720725536,0.9605000019073486,-0.11858943849802017,-0.004672344774007797,1.100000023841858,0.2028072029352188,0.14695557951927185,1.430999994277954,-0.21843354403972626,0.1933421939611435,1.1770000457763672,0.1394888311624527,0.23855023086071014,1.2760000228881836,-0.032105349004268646,0.23139601945877075,1.1299999952316284
0.09823553264141083,0.04844137281179428,1.1779999732971191,0.10521989315748215,0.022762203589081764,0.9769999980926514,0.06202925741672516,0.019455671310424805,0.9700000286102295,0.10983952134847641,0.002148859901353717,0.9620000123977661,-0.11858943849802017,-0.002889979397878051,1.100000023841858,0.19353234767913818,0.14463688433170319,1.430999994277954,-0.21498392522335052,0.18602921068668365,1.178999900817871,0.1394888311624527,0.24475286900997162,1.2760000228881836,-0.03214797005057335,0.23720340430736542,1.131500005722046
0.09497905522584915,0.046809129416942596,1.184999942779541,0.10057350248098373,0.021200817078351974,0.9779999852180481,0.06055101752281189,0.017911605536937714,0.971500039100647,0.1100107878446579,0.003713400335982442,0.9635000228881836,-0.12215419113636017,-0.004672344774007797,1.100000023841858,0.18889494240283966,0.14463688433170319,1.430999994277954,-0.21343500912189484,0.1786903589963913,1.180999994277954,0.14116810262203217,0.2502671480178833,1.2725000381469727,-0.03953396901488304,0.24853286147117615,1.1329998970031738
0.0954599604010582,0.04704613983631134,1.190999984741211,0.10231488198041916,0.0212333332747221,0.9794999957084656,0.059007205069065094,0.017920823767781258,0.972000002861023,0.10850585997104645,0.000591327203437686,0.9639999866485596,-0.11869724839925766,-0.006460578180849552,1.1010000705718994,0.1865762323141098,0.13999949395656586,1.430999994277954,-0.21152138710021973,0.17486312985420227,1.180999994277954,0.13704434037208557,0.2626383900642395,1.2725000381469727,-0.05247737839818001,0.25816696882247925,1.1349999904632568
0.09160031378269196,0.04704613983631134,1.190999984741211,0.09919124841690063,0.022832097485661507,0.9800000190734863,0.055943459272384644,0.01952587254345417,0.9735000133514404,0.10856213420629501,0.0021544441115111113,0.9644999504089355,-0.12237629294395447,-0.00646644551306963,1.1019999980926514,0.2934471666812897,0.22665490210056305,2.2790000438690186,-0.21152138710021973,0.1672086864709854,1.180999994277954,0.13498245179653168,0.2811952233314514,1.2725000381469727,-0.06012367829680443,0.2797459065914154,1.1405000686645508
0.08774065971374512,0.05283558741211891,1.190999984741211,0.09462014585733414,0.029243357479572296,0.9819999933242798,0.051237549632787704,0.022692307829856873,0.9739999771118164,0.10878725349903107,0.0021589116659015417,0.9664999842643738,-0.11880505084991455,-0.004680839832872152,1.1019999980926514,0.2897544205188751,0.23404036462306976,2.2790000438690186,-0.20960776507854462,0.1652950644493103,1.180999994277954,0.13292056322097778,0.2915045917034149,1.2725000381469727,-0.07321982830762863,0.29147133231163025,1.1430000066757202
0.08631516993045807,0.05702843517065048,1.1979999542236328,0.0949573889374733,0.030944421887397766,0.9854999780654907,0.04971032589673996,0.025875255465507507,0.9750000238418579,0.11191937327384949,-0.008803443983197212,0.9664999842643738,-0.12080952525138855,-0.006478181108832359,1.1039999723434448,0.4177018702030182,0.3226276934146881,3.24399995803833,-0.2076941281557083,0.16912230849266052,1.180999994277954,0.13302502036094666,0.2896701693534851,1.2734999656677246,-0.07513756304979324,0.31397026777267456,1.1440000534057617
0.0824328362941742,0.060910750180482864,1.1979999542236328,0.09355000406503677,0.03420737758278847,0.9874999523162842,0.048179857432842255,0.029064681380987167,0.9760000109672546,0.11540862172842026,0.0005947009776718915,0.9695000052452087,-0.12102837860584259,-0.0046978299506008625,1.1059999465942383,0.2963576316833496,0.2407902330160141,2.2730000019073486,-0.20178228616714478,0.17662706971168518,1.1800000667572021,0.13312947750091553,0.30228832364082336,1.2745000123977661,-0.08705130964517593,0.3393000662326813,1.1545000076293945
0.07855049520730972,0.060910750180482864,1.1979999542236328,0.0905328169465065,0.03587997332215309,0.9894999861717224,0.04343549534678459,0.030646126717329025,0.9760000109672546,0.11249837279319763,0.005318385548889637,0.971500039100647,-0.1210830882191658,-0.0011141591239720583,1.1064999103546143,0.18750892579555511,0.16198906302452087,1.4205000400543213,-0.19413425028324127,0.1976589858531952,1.1800000667572021,0.13041624426841736,0.31604787707328796,1.2885000705718994,-0.08421194553375244,0.3637739419937134,1.1670000553131104
0.07822266221046448,0.06065654009580612,1.193000078201294,0.09094453603029251,0.03604314848780632,0.9939999580383301,0.043524499982595444,0.030708925798535347,0.9779999852180481,0.11103838682174683,0.003748086979612708,0.9724999666213989,-0.12511959671974182,0.0024805704597383738,1.1104999780654907,0.1921122968196869,0.1550840139389038,1.4205000400543213,-0.18839824199676514,0.21104294061660767,1.1800000667572021,0.1298721432685852,0.31984972953796387,1.303999900817871,-0.07684522867202759,0.3703964352607727,1.1699999570846558
0.07814007252454758,0.061015672981739044,1.1629999876022339,0.09135626256465912,0.03620631992816925,0.9984999895095825,0.043524499982595444,0.03229360654950142,0.9779999852180481,0.1128457635641098,0.00217678165063262,0.9745000004768372,-0.1216302439570427,0.00788580160588026,1.1115000247955322,0.1946193128824234,0.15985600650310516,1.4220000505447388,-0.18457424640655518,0.21486692130565643,1.1800000667572021,0.1348692625761032,0.3216893672943115,1.3114999532699585,-0.06220599636435509,0.3850342035293579,1.1800000667572021
0.07448527961969376,0.06143983453512192,1.1359999179840088,0.08978328853845596,0.036224450916051865,0.9990000128746033,0.042025573551654816,0.033947575837373734,0.9800000190734863,0.11642046272754669,-0.000984769780188799,0.9780000448226929,-0.1216302439570427,0.00788580160588026,1.1115000247955322,0.19292376935482025,0.15573908388614655,1.4265000820159912,-0.182662233710289,0.220602884888649,1.1800000667572021,0.13954374194145203,0.31840741634368896,1.315500020980835,-0.06080495938658714,0.3902253806591034,1.190000057220459
