0.5645659565925598,-0.41190552711486816,2.868499994277954,0,0,0,0.5294675230979919,-0.42466574907302856,2.7125000953674316,0.3287110924720764,-0.2575820982456207,2.4600000381469727,0.2685473561286926,-0.20054136216640472,2.3519999980926514,0.34857043623924255,-0.010446937754750252,2.4594998359680176,0.2929016649723053,0.07024276256561279,2.494500160217285,0.5031116008758545,0.05779281631112099,2.6659998893737793,0.4738810956478119,0.15193165838718414,2.5774998664855957
0.5668293833732605,-0.3995572328567505,2.880000114440918,0,0,0,0.5250723361968994,-0.4114803075790405,2.7125000953674316,0.3270350992679596,-0.25138574838638306,2.4774999618530273,0.2558023929595947,-0.1843518763780594,2.3399999141693115,0.34339430928230286,-0.010410834103822708,2.4509999752044678,0.2833334505558014,0.09400182217359543,2.4815001487731934,0.4957595765590668,0.058453988283872604,2.696499824523926,0.46381238102912903,0.1680157333612442,2.567999839782715
0.557496190071106,-0.3855575621128082,2.880000114440918,0,0,0,0.5162819623947144,-0.3982948362827301,2.7125000953674316,0.3190062940120697,-0.23532825708389282,2.4774999618530273,0.2520107924938202,-0.1691855788230896,2.3399999141693115,0.3263727128505707,0.0014982538996264338,2.442500114440918,0.27529168128967285,0.1020435318350792,2.4815001487731934,0.4854262173175812,0.08076169341802597,2.7119998931884766,0.4554903209209442,0.18049877882003784,2.567999839782715
0.5481629967689514,-0.37622445821762085,2.880000114440918,0,0,0,0.5021690726280212,-0.38439950346946716,2.7074999809265137,0.3109775185585022,-0.21525639295578003,2.4774999618530273,0.2364901453256607,-0.15000300109386444,2.3364999294281006,0.320699006319046,0.01723666675388813,2.429500102996826,0.2698496878147125,0.12150789797306061,2.4685001373291016,0.47760412096977234,0.10294174402952194,2.7174999713897705,0.4554903209209442,0.1929817944765091,2.567999839782715
0.5444425940513611,-0.36128273606300354,2.9099998474121094,0,0,0,0.4908139407634735,-0.3726094961166382,2.7174999713897705,0.29384857416152954,-0.19847530126571655,2.4685001373291016,0.23195724189281464,-0.13442648947238922,2.3289999961853027,0.3117312788963318,0.01717636175453663,2.4210000038146973,0.2618500590324402,0.13350726664066315,2.4685001373291016,0.47598692774772644,0.11683537811040878,2.7335000038146973,0.43383878469467163,0.20091189444065094,2.562999963760376
0.5248301029205322,-0.33889198303222656,2.880000114440918,0,0,0,0.4820074141025543,-0.3549965023994446,2.7174999713897705,0.2858489453792572,-0.17847633361816406,2.4685001373291016,0.22291620075702667,-0.1335318386554718,2.313499927520752,0.3033835291862488,0.03281335160136223,2.4170000553131104,0.24994264543056488,0.1393284946680069,2.430500030517578,0.4671285152435303,0.13455209136009216,2.7335000038146973,0.4274226129055023,0.20398466289043427,2.549499988555908
0.5108303427696228,-0.3295588791370392,2.880000114440918,0,0,0,0.4582422077655792,-0.3416038155555725,2.68149995803833,0.28133532404899597,-0.16617347300052643,2.4639999866485596,0.2021431028842926,-0.12849296629428864,2.2905001640319824,0.287712961435318,0.04009949415922165,2.384500026702881,0.23440486192703247,0.14102678000926971,2.3924999237060547,0.4272657036781311,0.15226879715919495,2.7335000038146973,0.4071914851665497,0.210331991314888,2.5264999866485596
0.4907064437866211,-0.3162785470485687,2.8445000648498535,0,0,0,0.43682292103767395,-0.32664433121681213,2.63100004196167,0.2773427963256836,-0.16218097507953644,2.4639999866485596,0.1897580325603485,-0.12396441400051117,2.2755000591278076,0.28045663237571716,0.054890226572752,2.3559999465942383,0.2258463054895401,0.1482514888048172,2.384000062942505,0.4228364825248718,0.17441466450691223,2.7335000038146973,0.4015819728374481,0.2054627239704132,2.5169999599456787
0.48148828744888306,-0.3162785470485687,2.8445000648498535,0,0,0,0.4184732735157013,-0.3223610520362854,2.5964999198913574,0.27240729331970215,-0.16162151098251343,2.4555001258850098,0.1778329312801361,-0.12703441083431244,2.264500141143799,0.27235838770866394,0.06241907551884651,2.3519999980926514,0.2173885554075241,0.14390408992767334,2.375999927520752,0.41397809982299805,0.1877022087574005,2.7335000038146973,0.39608222246170044,0.20472805202007294,2.507999897003174
0.46387967467308044,-0.3137211501598358,2.821499824523926,0,0,0,0.40288177132606506,-0.31582576036453247,2.5774998664855957,0.26935774087905884,-0.16617347300052643,2.4639999866485596,0.16992969810962677,-0.12295656651258469,2.256999969482422,0,0,0,0.2016487717628479,0.15134866535663605,2.371999979019165,0,0,0,0.3845514953136444,0.19890406727790833,2.4860000610351562
0.45199909806251526,-0.31040945649147034,2.8329999446868896,0,0,0,0.3966718316078186,-0.317541241645813,2.5915000438690186,0.26536521315574646,-0.1781509667634964,2.4639999866485596,0.15895837545394897,-0.11929947882890701,2.256999969482422,0,0,0,0.18501847982406616,0.154145285487175,2.3559999465942383,0,0,0,0.3778446912765503,0.20550347864627838,2.4685001373291016
0.44930383563041687,-0.31172430515289307,2.8450000286102295,0,0,0,0.3917911946773529,-0.31698980927467346,2.5869998931884766,0.26089534163475037,-0.16985519230365753,2.4594998359680176,0.15140898525714874,-0.1191144734621048,2.253499984741211,0,0,0,0.17238718271255493,0.1530984491109848,2.3399999141693115,0,0,0,0.37384486198425293,0.19750389456748962,2.4685001373291016
0.44930383563041687,-0.31172430515289307,2.8450000286102295,0,0,0,0.3903524577617645,-0.31582576036453247,2.5774998664855957,0.26488056778907776,-0.16188476979732513,2.4594998359680176,0.14661012589931488,-0.11456641554832458,2.2360000610351562,0,0,0,0.15698561072349548,0.15286946296691895,2.3364999294281006,0,0,0,0.3658452332019806,0.19750389456748962,2.4685001373291016
0.44745200872421265,-0.30274251103401184,2.804500102996826,0,0,0,0.38338595628738403,-0.31018930673599243,2.5314998626708984,0.26488056778907776,-0.15789957344532013,2.4594998359680176,0.1452331840991974,-0.10990138351917267,2.2149999141693115,0,0,0,0.15297020971775055,0.1526404768228531,2.3329999446868896,0,0,0,0.3618454337120056,0.19350410997867584,2.4685001373291016
0.4565405249595642,-0.30274251103401184,2.804500102996826,0,0,0,0.383855402469635,-0.30406275391578674,2.4815001487731934,0.28133532404899597,-0.16218097507953644,2.4639999866485596,0.14811675250530243,-0.10938040912151337,2.2044999599456787,0,0,0,0.15297020971775055,0.15642069280147552,2.3329999446868896,0,0,0,0.3677718937397003,0.1945231705904007,2.4815001487731934
0.47017326951026917,-0.31183096766471863,2.804500102996826,0,0,0,0.3924877643585205,-0.3054142892360687,2.4600000381469727,0.28184911608695984,-0.16247718036174774,2.4685001373291016,0.14788159728050232,-0.10564040392637253,2.2009999752044678,0.2638358175754547,0.06980287283658981,2.3439998626708984,0.16025549173355103,0.15615251660346985,2.3289999961853027,0,0,0,0.37581366300582886,0.19854402542114258,2.4815001487731934
0.5092321634292603,-0.3163341283798218,2.8450000286102295,0,0,0,0.4203900396823883,-0.3054142892360687,2.4600000381469727,0.31784746050834656,-0.16647696495056152,2.4685001373291016,0.16901065409183502,-0.10903309285640717,2.197499990463257,0.286135196685791,0.06968376040458679,2.3399999141693115,0.17881673574447632,0.152117058634758,2.325000047683716,0.45204225182533264,0.1888008862733841,2.749500036239624,0.39189717173576355,0.20256488025188446,2.4815001487731934
0.5399523973464966,-0.3302454650402069,2.886000156402588,0,0,0,0.4441685974597931,-0.3161252737045288,2.4815001487731934,0.334455281496048,-0.1707875281572342,2.4730000495910645,0.18976843357086182,-0.11223512142896652,2.190500020980835,0.30085092782974243,0.06957953423261642,2.3364999294281006,0.18950533866882324,0.1553814858198166,2.317500114440918,0.4886588752269745,0.19810660183429718,2.755000114440918,0.4112544059753418,0.19818396866321564,2.4769999980926514
0.5727337598800659,-0.34242209792137146,2.9099998474121094,0,0,0,0.4682938754558563,-0.32416701316833496,2.4815001487731934,0.3504837155342102,-0.1828087568283081,2.4730000495910645,0.21005287766456604,-0.1222941055893898,2.180000066757202,0.3078947961330414,0.06568099558353424,2.3324999809265137,0.20315799117088318,0.14315223693847656,2.302000045776367,0.49213844537734985,0.19771109521389008,2.749500036239624,0.41928160190582275,0.19818396866321564,2.4769999980926514
0.6208393573760986,-0.3530421555042267,2.9594998359680176,0,0,0,0.4921388030052185,-0.32534438371658325,2.4600000381469727,0.3764670193195343,-0.18978121876716614,2.4594998359680176,0.23050442337989807,-0.12190142273902893,2.1730000972747803,0.3251808285713196,0.0427924208343029,2.321000099182129,0.2236766219139099,0.13087303936481476,2.2829999923706055,0.5010486841201782,0.1888008862733841,2.749500036239624,0.42184263467788696,0.19750389456748962,2.4685001373291016
