-0.1576024442911148,-0.059443727135658264,1.2384999990463257,-0.13984575867652893,-0.08136700838804245,1.2065000534057617,-0.16284920275211334,-0.08114651590585709,1.1749999523162842,0.08159724622964859,-0.021960267797112465,1.2760000228881836,-0.12883885204792023,-0.08440182358026505,1.2515000104904175,0.10502117872238159,0.21545624732971191,1.3654999732971191,-0.17597302794456482,0.01926443912088871,1.4190000295639038,-0.11327242106199265,0.2052442580461502,1.3564999103546143,-0.2214956283569336,0.1367810070514679,1.446000099182129
-0.15702980756759644,-0.05722825229167938,1.2339999675750732,-0.1393241584300995,-0.07716824859380722,1.2020000219345093,-0.16545143723487854,-0.07677926868200302,1.1665000915527344,0.08108566701412201,-0.0197680052369833,1.2680000066757202,-0.1307177096605301,-0.08301929384469986,1.2309999465942383,0.10213097929954529,0.21843214333057404,1.3564999103546143,-0.18044430017471313,0.021548492833971977,1.4179999828338623,-0.1193804144859314,0.20879024267196655,1.3510000705718994,-0.22477388381958008,0.1405864953994751,1.437000036239624
-0.15952816605567932,-0.05273321643471718,1.2225000858306885,-0.14033156633377075,-0.07471996545791626,1.194000005722046,-0.1642458140850067,-0.07621979713439941,1.1579999923706055,0.07649081945419312,-0.01760166883468628,1.2599999904632568,-0.13077180087566376,-0.08180537074804306,1.2130000591278076,0.10171689838171005,0.21973557770252228,1.3510000705718994,-0.18490912020206451,0.023829307407140732,1.4170000553131104,-0.11889439821243286,0.21230053901672363,1.3454999923706055,-0.228712260723114,0.1378251165151596,1.4325000047683716
-0.16181820631027222,-0.0521940216422081,1.2100000381469727,-0.14287245273590088,-0.07403159141540527,1.1829999685287476,-0.1689946949481964,-0.07395824790000916,1.1519999504089355,0.07627834379673004,-0.017552774399518967,1.256500005722046,-0.13559786975383759,-0.07921461760997772,1.2035000324249268,0.09930681437253952,0.22361606359481812,1.3480000495910645,-0.19327135384082794,0.03287355974316597,1.4110000133514404,-0.12279672175645828,0.21368369460105896,1.3405001163482666,-0.2331102043390274,0.14927427470684052,1.430999994277954
-0.16276367008686066,-0.04992205649614334,1.2024999856948853,-0.14154396951198578,-0.07144418358802795,1.1719999313354492,-0.17047889530658722,-0.07299525290727615,1.1369999647140503,0.07769103348255157,-0.01337359193712473,1.246500015258789,-0.13600504398345947,-0.07254146039485931,1.190000057220459,0.09476229548454285,0.22538147866725922,1.3454999923706055,-0.19472607970237732,0.035010337829589844,1.4049999713897705,-0.12680888175964355,0.21745851635932922,1.3370000123977661,-0.2374984174966812,0.15375033020973206,1.4294999837875366
-0.16797807812690735,-0.047794077545404434,1.1979999542236328,-0.14636167883872986,-0.06912978738546371,1.1649999618530273,-0.17263177037239075,-0.07052713632583618,1.1269999742507935,0.06894185394048691,-0.009244243614375591,1.2344999313354492,-0.1372377723455429,-0.07409416884183884,1.184000015258789,0.0897972583770752,0.22820506989955902,1.3365000486373901,-0.20281685888767242,0.04842725396156311,1.3980000019073486,-0.12786592543125153,0.22203132510185242,1.3255000114440918,-0.23905976116657257,0.1532663255929947,1.4249999523162842
-0.16701161861419678,-0.04316035285592079,1.1775000095367432,-0.1470404714345932,-0.06294918805360794,1.1554999351501465,-0.17252293229103088,-0.06613317877054214,1.1145000457763672,0.07255841046571732,0.002743035089224577,1.2279999256134033,-0.13698193430900574,-0.06727095693349838,1.1654999256134033,0.08681207150220871,0.24108794331550598,1.3240000009536743,-0.1970807909965515,0.041378457099199295,1.3895000219345093,-0.12839525938034058,0.2256305068731308,1.309000015258789,-0.23874333500862122,0.15845079720020294,1.409500002861023
-0.16497451066970825,-0.040288977324962616,1.149999976158142,-0.14468629658222198,-0.06009902432560921,1.1369999647140503,-0.17143504321575165,-0.06325951963663101,1.0959999561309814,0.06821585446596146,0.0066869864240288734,1.2214999198913574,-0.13219566643238068,-0.06398000568151474,1.1404999494552612,0.08450686931610107,0.24705654382705688,1.3215000629425049,-0.19940757751464844,0.04761320725083351,1.374500036239624,-0.12991803884506226,0.2288188636302948,1.3029999732971191,-0.2396860122680664,0.16058970987796783,1.3884999752044678
-0.16545969247817993,-0.03810817003250122,1.1405000686645508,-0.1468050479888916,-0.055818989872932434,1.125,-0.17091938853263855,-0.060670219361782074,1.0815000534057617,0.06367870420217514,0.006626768037676811,1.2105000019073486,-0.1296047866344452,-0.05994045361876488,1.1339999437332153,0.08418712764978409,0.2482549101114273,1.316499948501587,-0.19431129097938538,0.0491151362657547,1.3545000553131104,-0.1315733939409256,0.234340637922287,1.2985000610351562,-0.2375282198190689,0.16360315680503845,1.375999927520752
-0.1666475385427475,-0.034276410937309265,1.1359999179840088,-0.14440223574638367,-0.05559571832418442,1.120500087738037,-0.17107518017292023,-0.05663686245679855,1.0715000629425049,0.06307373940944672,0.016277702525258064,1.1990000009536743,-0.12846189737319946,-0.059411875903606415,1.1239999532699585,0.07967793941497803,0.24962733685970306,1.3125,-0.19978317618370056,0.055390942841768265,1.347000002861023,-0.13504944741725922,0.23726268112659454,1.2915000915527344,-0.2405804991722107,0.16486859321594238,1.3680000305175781
-0.16451667249202728,-0.030541151762008667,1.1339999437332153,-0.14201398193836212,-0.05175585672259331,1.1159999370574951,-0.16658608615398407,-0.05284198001027107,1.065000057220459,0.06656840443611145,0.01231979951262474,1.1920000314712524,-0.12714755535125732,-0.053396161645650864,1.1124999523162842,0.07734443992376328,0.25532472133636475,1.309000015258789,-0.19454750418663025,0.055144213140010834,1.340999960899353,-0.13442203402519226,0.24032628536224365,1.2855000495910645,-0.23740553855895996,0.16641344130039215,1.3624999523162842
-0.16084174811840057,-0.02870369516313076,1.1339999437332153,-0.14125046133995056,-0.04967902973294258,1.1099998950958252,-0.1643960028886795,-0.050972338765859604,1.062000036239624,0.07019494473934174,0.01612836681306362,1.187999963760376,-0.1249505877494812,-0.056822068989276886,1.1089999675750732,0.07722625881433487,0.25705236196517944,1.306999921798706,-0.19122697412967682,0.056975141167640686,1.3329999446868896,-0.12964816391468048,0.2412777692079544,1.2795000076293945,-0.23450735211372375,0.16592489182949066,1.3585000038146973
-0.15760213136672974,-0.028450576588511467,1.1239999532699585,-0.1404869556427002,-0.047621648758649826,1.1039999723434448,-0.16236883401870728,-0.05087634176015854,1.059999942779541,0.06809758394956589,0.016087638214230537,1.184999942779541,-0.12048124521970749,-0.05462818965315819,1.1010000705718994,0.08319593966007233,0.25587233901023865,1.3009999990463257,-0.18814513087272644,0.06099605932831764,1.3264999389648438,-0.13110369443893433,0.24220982193946838,1.2734999656677246,-0.2368873804807663,0.16670289635658264,1.347000002861023
-0.1559896618127823,-0.02996210940182209,1.1124999523162842,-0.13927806913852692,-0.0489853210747242,1.0945000648498535,0,0,0,0.07181638479232788,0.017977340146899223,1.183000087738037,-0.11627612262964249,-0.052556224167346954,1.0950000286102295,0.08660580962896347,0.25560086965560913,1.2890000343322754,-0.18246041238307953,0.05840306356549263,1.316499948501587,-0.13280121982097626,0.243601992726326,1.2699999809265137,-0.23296235501766205,0.16546531021595,1.3370000123977661
-0.15010802447795868,-0.02986784651875496,1.1089999675750732,-0.1310368776321411,-0.048560138791799545,1.0850000381469727,0,0,0,0.07360859215259552,0.019860558211803436,1.180999994277954,-0.11767306178808212,-0.05238823592662811,1.0915000438690186,0.09018440544605255,0.25806501507759094,1.2804999351501465,-0.17929993569850922,0.06019136309623718,1.309000015258789,-0.12833091616630554,0.2449827790260315,1.2664999961853027,-0.23036439716815948,0.16731823980808258,1.3344999551773071
-0.14605170488357544,-0.029773583635687828,1.1054999828338623,-0.12722690403461456,-0.050202254205942154,1.0824999809265137,0,0,0,0.08064380288124084,0.023507263511419296,1.1719999313354492,-0.11371759325265884,-0.05043414235115051,1.0875000953674316,0.09794542193412781,0.26078125834465027,1.2734999656677246,-0.1769081950187683,0.062217164784669876,1.306999921798706,-0.12344188243150711,0.24751371145248413,1.2584999799728394,-0.22510811686515808,0.1730889081954956,1.3289999961853027
-0.14035969972610474,-0.027919026091694832,1.1029999256134033,-0.12015530467033386,-0.04842587187886238,1.0820000171661377,-0.14684148132801056,-0.052569083869457245,1.059499979019165,0.08354127407073975,0.019498998299241066,1.159500002861023,-0.11195547133684158,-0.04514781013131142,1.0875000953674316,0.10356353968381882,0.2614000141620636,1.2664999961853027,-0.17445605993270874,0.06843933463096619,1.3044999837875366,-0.11436903476715088,0.24554696679115295,1.2484999895095825,-0.22102542221546173,0.1737259477376938,1.3174999952316284
-0.13088734447956085,-0.02780512534081936,1.0985000133514404,-0.11138924956321716,-0.04842587187886238,1.0820000171661377,-0.1397763192653656,-0.05249466374516487,1.058000087738037,0.09070303291082382,0.02129480615258217,1.1549999713897705,-0.11019334942102432,-0.04338569566607475,1.0875000953674316,0.10972002893686295,0.2634521424770355,1.2664999961853027,-0.17214415967464447,0.06836063414812088,1.3029999732971191,-0.10580886900424957,0.24446527659893036,1.2430000305175781,-0.21519286930561066,0.17459267377853394,1.3079999685287476
-0.11842772364616394,-0.026025190949440002,1.0985000133514404,-0.09736356884241104,-0.04842587187886238,1.0820000171661377,-0.1276552826166153,-0.05073235556483269,1.0570000410079956,0.10567498952150345,0.015680355951189995,1.1549999713897705,-0.09257212281227112,-0.04162358492612839,1.0875000953674316,0.12408516556024551,0.2593478560447693,1.2664999961853027,-0.1572442501783371,0.05986948683857918,1.3020000457763672,-0.08761157095432281,0.24225614964962006,1.2420001029968262,-0.1977071762084961,0.17623920738697052,1.3044999837875366
-0.11095330119132996,-0.02594226971268654,1.0950000286102295,-0.09018371999263763,-0.04658639430999756,1.0799999237060547,-0.12074732035398483,-0.0507083535194397,1.05649995803833,0.11267109215259552,0.019339239224791527,1.149999976158142,-0.09600800275802612,-0.03982481732964516,1.0865000486373901,0.13418687880039215,0.2569909393787384,1.2649999856948853,-0.1529073417186737,0.0745798647403717,1.3009999990463257,-0.07742435485124588,0.24588444828987122,1.2400000095367432,-0.18713848292827606,0.1783529371023178,1.3044999837875366
