0,0,0,0,0,0,0.6532745957374573,-0.6318111419677734,2.7339999675750732,0.37034735083580017,-0.46513986587524414,2.5264999866485596,0.47764313220977783,-0.402924120426178,2.447000026702881,0.3784196972846985,-0.25349849462509155,2.4210000038146973,0.507698655128479,-0.15181849896907806,2.558499813079834,0.6636881232261658,-0.34312811493873596,2.9159998893737793,0.6688919067382812,0.011573784053325653,3.003000020980835
0,0,0,0,0,0,0.6709946990013123,-0.6362411379814148,2.7339999675750732,0.39491012692451477,-0.46513986587524414,2.5264999866485596,0.5022526383399963,-0.4154970645904541,2.4509999752044678,0.4058796465396881,-0.25349849462509155,2.4210000038146973,0.5290612578392029,-0.15782557427883148,2.5219998359680176,0.6920375823974609,-0.33840322494506836,2.9159998893737793,0.698087215423584,0.0018420701380819082,3.003000020980835
0.49932268261909485,-0.43800783157348633,2.007999897003174,0,0,0,0.6927452683448792,-0.63550865650177,2.75,0.40944787859916687,-0.46360090374946594,2.5405001640319824,0.5141670107841492,-0.4154970645904541,2.4509999752044678,0.40980246663093567,-0.24565282464027405,2.4210000038146973,0.5454072952270508,-0.16599853336811066,2.5219998359680176,0.7062123417854309,-0.32422855496406555,2.9159998893737793,0.7161170840263367,-0.012730015441775322,2.996999979019165
0.5138681530952454,-0.43931663036346436,2.0139999389648438,0,0,0,0.705013632774353,-0.6349611878395081,2.7284998893737793,0.4266681969165802,-0.4685458242893219,2.5450000762939453,0.5288717150688171,-0.429678350687027,2.4639999866485596,0.43333956599235535,-0.23780719935894012,2.4210000038146973,0.5556280016899109,-0.16823041439056396,2.494500160217285,0.7203871011734009,-0.31477877497673035,2.9159998893737793,0.7387920618057251,-0.022393610328435898,2.990499973297119
0.5186721682548523,-0.4438985288143158,2.0199999809265137,0,0,0,0.7098006010055542,-0.6357501149177551,2.7129998207092285,0.4390394985675812,-0.4726695418357849,2.5450000762939453,0.526081383228302,-0.43138283491134644,2.4509999752044678,0.4451081156730652,-0.23388434946537018,2.4210000038146973,0.5626949071884155,-0.16792692244052887,2.490000009536743,0.7144579887390137,-0.3028160333633423,2.8919999599456787,0.7485427260398865,-0.03188096731901169,2.9714999198913574
0.5999162793159485,-0.5113216042518616,2.2929999828338623,0,0,0,0.7241548895835876,-0.6451011300086975,2.7339999675750732,0.44807788729667664,-0.47350528836250305,2.549499988555908,0.5300528407096863,-0.42741137742996216,2.4509999752044678,0.46165597438812256,-0.23038896918296814,2.42549991607666,0.5586602687835693,-0.17196156084537506,2.490000009536743,0.7363573312759399,-0.30218780040740967,2.886000156402588,0.7678020596504211,-0.04632541537284851,2.9714999198913574
0.6905163526535034,-0.5771169662475586,2.6069998741149902,0,0,0,0.7283927798271179,-0.6444205045700073,2.75,0.4538052976131439,-0.4793224036693573,2.558499813079834,0.529187798500061,-0.42671385407447815,2.447000026702881,0.4782622754573822,-0.23869124054908752,2.430000066757202,0.5626949071884155,-0.16389229893684387,2.490000009536743,0.7644151449203491,-0.28815895318984985,2.886000156402588,0.7918763756752014,-0.0655846819281578,2.9714999198913574
0.70481938123703,-0.5933827757835388,2.6610000133514404,0,0,0,0.7313830852508545,-0.6475787162780762,2.744500160217285,0.4587564170360565,-0.48431840538978577,2.562999963760376,0.5252228379249573,-0.42671385407447815,2.447000026702881,0.49573999643325806,-0.2474285066127777,2.438499927520752,0.557762861251831,-0.1596008837223053,2.4860000610351562,0.7719950079917908,-0.2886750400066376,2.8450000286102295,0.7947627305984497,-0.07458151876926422,2.946499824523926
0.7131285071372986,-0.6010637283325195,2.6760001182556152,0,0,0,0.7229885458946228,-0.6445420384407043,2.7129998207092285,0.4670622944831848,-0.48431840538978577,2.562999963760376,0.5018868446350098,-0.4198119342327118,2.430000066757202,0.50759357213974,-0.2474285066127777,2.438499927520752,0.5497064590454102,-0.15154458582401276,2.4860000610351562,0.7655494809150696,-0.28456562757492065,2.804500102996826,0.7995371222496033,-0.07458151876926422,2.946499824523926
0.7142221927642822,-0.601298987865448,2.696499824523926,0,0,0,0.7185925245285034,-0.6357501149177551,2.7129998207092285,0.4662422239780426,-0.47517678141593933,2.558499813079834,0.48664602637290955,-0.41296514868736267,2.4130001068115234,0.5022526383399963,-0.23678255081176758,2.4509999752044678,0.5376219749450684,-0.15154458582401276,2.4860000610351562,0.7610052824020386,-0.26638874411582947,2.804500102996826,0.7992614507675171,-0.09309057146310806,2.927999973297119
0.7298599481582642,-0.6137540936470032,2.7725000381469727,0,0,0,0.7098006010055542,-0.6357501149177551,2.7129998207092285,0.4736988842487335,-0.4660643935203552,2.553999900817871,0.47491639852523804,-0.41296514868736267,2.4130001068115234,0.5079796314239502,-0.22963328659534454,2.4594998359680176,0.51345294713974,-0.14751644432544708,2.4860000610351562,0.7685834765434265,-0.24318978190422058,2.7990000247955322,0.7707719802856445,-0.08780312538146973,2.9099998474121094
0.709538996219635,-0.5959666967391968,2.7119998931884766,0,0,0,0.7010085582733154,-0.6313541531562805,2.7129998207092285,0.48197561502456665,-0.4495111107826233,2.553999900817871,0.44911840558052063,-0.39526742696762085,2.4005000591278076,0.5098385214805603,-0.21447445452213287,2.4685001373291016,0.48849669098854065,-0.13923576474189758,2.4820001125335693,0.7444410920143127,-0.2110271155834198,2.7934999465942383,0.7566323280334473,-0.07788801938295364,2.8919999599456787
0.6919614672660828,-0.5827836990356445,2.7119998931884766,0,0,0,0.675489604473114,-0.6153337955474854,2.68149995803833,0.46460217237472534,-0.4363259971141815,2.549499988555908,0.4305797517299652,-0.38096192479133606,2.384000062942505,0.4916253983974457,-0.2072276473045349,2.4774999618530273,0.46838822960853577,-0.12314910441637039,2.4820001125335693,0.7191851139068604,-0.18654051423072815,2.7660000324249268,0.7472602128982544,-0.07320202142000198,2.8919999599456787
0.6984131932258606,-0.5823075175285339,2.7725000381469727,0,0,0,0.6720216870307922,-0.6070159077644348,2.7024998664855957,0.4474799335002899,-0.4238036274909973,2.5,0.4144316613674164,-0.38032272458076477,2.380000114440918,0.4804533123970032,-0.17945240437984467,2.4820001125335693,0.4514814019203186,-0.10686833411455154,2.4774999618530273,0.6764006614685059,-0.12971067428588867,2.7024998664855957,0.7270047068595886,-0.059021320194005966,2.886000156402588
0.6967644095420837,-0.5916743278503418,2.8389999866485596,0,0,0,0.6582596302032471,-0.6016892790794373,2.7179999351501465,0.449002206325531,-0.4053177535533905,2.4860000610351562,0.39063552021980286,-0.360433965921402,2.375999927520752,0.4643665552139282,-0.16336575150489807,2.4820001125335693,0.42414963245391846,-0.10304079204797745,2.4820001125335693,0.6346369981765747,-0.10596083104610443,2.6560001373291016,0.6804380416870117,-0.048679169267416,2.8285000324249268
0.6783638000488281,-0.5640735626220703,2.8389999866485596,0,0,0,0.6332186460494995,-0.5685979723930359,2.686500072479248,0.426618754863739,-0.38716989755630493,2.4730000495910645,0.37460410594940186,-0.3406100571155548,2.371999979019165,0.44746699929237366,-0.1510264277458191,2.4774999618530273,0.40732303261756897,-0.08278209716081619,2.4774999618530273,0.6002079248428345,-0.07153201848268509,2.6560001373291016,0.6312399506568909,-0.03376901149749756,2.734499931335449
0.646162748336792,-0.5410729646682739,2.8389999866485596,0,0,0,0.6059704422950745,-0.5458150506019592,2.68149995803833,0.39972731471061707,-0.3645365238189697,2.4555001258850098,0.3553868234157562,-0.3213929235935211,2.371999979019165,0.4354237914085388,-0.12694019079208374,2.4774999618530273,0.37922224402427673,-0.05869586393237114,2.4774999618530273,0.6088151931762695,-0.06722841411828995,2.6560001373291016,0.5940412282943726,-0.00270509603433311,2.686500072479248
0.6201115250587463,-0.5080357193946838,2.7839999198913574,0,0,0,0.588590681552887,-0.5240904688835144,2.68149995803833,0.38779106736183167,-0.34464287757873535,2.4555001258850098,0.34385645389556885,-0.3060191869735718,2.371999979019165,0.4058433771133423,-0.12647907435894012,2.4685001373291016,0.3591502606868744,-0.042638372629880905,2.4774999618530273,0.5561227202415466,-0.0327378511428833,2.6510000228881836,0.5605599284172058,0.02719760872423649,2.631500005722046
0.6276038289070129,-0.5069760084152222,2.880499839782715,0,0,0,0.5832527875900269,-0.5096397995948792,2.697000026702881,0.37983354926109314,-0.3207705616950989,2.4555001258850098,0.3207957446575165,-0.28295862674713135,2.371999979019165,0.39929425716400146,-0.08679646998643875,2.4774999618530273,0.3402416408061981,-0.010559499263763428,2.4860000610351562,0.5303495526313782,-0.002669350244104862,2.6510000228881836,0.533092737197876,0.05217931047081947,2.6015000343322754
0.5896872878074646,-0.4674152731895447,2.810999870300293,0,0,0,0.5614024996757507,-0.47904953360557556,2.697000026702881,0.36059942841529846,-0.2974422574043274,2.4600000381469727,0.3092654347419739,-0.2598980665206909,2.371999979019165,0.3752078711986542,-0.07073897868394852,2.4774999618530273,0.32815712690353394,0.0216656643897295,2.4860000610351562,0.5260540843009949,0.010217150673270226,2.6510000228881836,0.52044677734375,0.08168637007474899,2.6015000343322754
