-0.024164287373423576,0.10325311124324799,0.9600000381469727,0.005236331839114428,0.0806528627872467,0.9325000047683716,-0.04509934410452843,0.07122066617012024,0.8554999828338623,0.1075764074921608,0.039814263582229614,1.0980000495910645,-0.1633923351764679,0.01761661283671856,0.9555000066757202,0.1412333995103836,0.27768802642822266,1.1549999713897705,-0.3046676516532898,0.22601298987865448,1.0080000162124634,0.058554507791996,0.37610408663749695,1.0485000610351562,-0.14444781839847565,0.33674389123916626,0.9140000343322754
-0.01614767126739025,0.10328016430139542,0.9459999799728394,0.012064172886312008,0.07891900837421417,0.8795000314712524,-0.03927712142467499,0.07485058158636093,0.8495000004768372,0.11495409160852432,0.041688092052936554,1.1004999876022339,-0.17279407382011414,0.015652289614081383,1.0299999713897705,0.1463393270969391,0.2767263650894165,1.1510000228881836,-0.300803005695343,0.2304547131061554,1.00600004196167,0.0704805999994278,0.3762834072113037,1.0490000247955322,-0.14000484347343445,0.3352629244327545,0.9140000343322754
-0.009936886839568615,0.10702340304851532,0.9385000467300415,0.013389570638537407,0.08116484433412552,0.8730000257492065,-0.03357242792844772,0.07577839493751526,0.8445000052452087,0.11841275542974472,0.041650209575891495,1.0994999408721924,-0.16380761563777924,0.029186859726905823,1.0364999771118164,0.15193437039852142,0.27486133575439453,1.1510000228881836,-0.2920888066291809,0.235208198428154,0.9984999895095825,0.08415865153074265,0.376642107963562,1.0499999523162842,-0.13814495503902435,0.33582282066345215,0.9114999771118164
-0.005374813452363014,0.11006476730108261,0.9385000467300415,0.021814271807670593,0.08093240857124329,0.8704999685287476,-0.029432399198412895,0.07842215895652771,0.843500018119812,0.12513940036296844,0.03974173963069916,1.0959999561309814,-0.1671665906906128,0.02750738523900509,1.0364999771118164,0.15939441323280334,0.27113133668899536,1.1510000228881836,-0.2824348509311676,0.24356655776500702,0.9929999709129333,0.09606817364692688,0.376642107963562,1.0499999523162842,-0.13556185364723206,0.34118685126304626,0.9140000343322754
-0.0008127399487420917,0.1131061241030693,0.9385000467300415,0.024493787437677383,0.0818699523806572,0.8654999732971191,-0.025287074968218803,0.0810113474726677,0.8420000076293945,0.1286911964416504,0.041517626494169235,1.0959999561309814,-0.16044864058494568,0.03254580870270729,1.0364999771118164,0.16685447096824646,0.27113133668899536,1.1510000228881836,-0.27879512310028076,0.2480183243751526,0.9915000200271606,0.10287360846996307,0.3800447881221771,1.0499999523162842,0,0,0
0.005284062586724758,0.11340741068124771,0.9409999847412109,0.02826990932226181,0.08340290933847427,0.8524999618530273,-0.022478044033050537,0.08208215981721878,0.8389999866485596,0.13200168311595917,0.04321451112627983,1.0940001010894775,-0.15205122530460358,0.04094317555427551,1.0364999771118164,0.17617954313755035,0.2767263650894165,1.1510000228881836,-0.27328458428382874,0.25700798630714417,0.9889999628067017,0.10978350788354874,0.38210973143577576,1.0509999990463257,-0.11630895733833313,0.3426678478717804,0.9140000343322754
0.011316497810184956,0.11426039040088654,0.9355000257492065,0.03335920721292496,0.08505376428365707,0.8414999842643738,-0.014261499978601933,0.08444732427597046,0.8355000019073486,0.13909229636192322,0.04498715326189995,1.0940001010894775,-0.1517578363418579,0.04086417332291603,1.034500002861023,0.18582695722579956,0.27160245180130005,1.152999997138977,-0.2666046619415283,0.26155078411102295,0.9879999756813049,0.12199384719133377,0.37960460782051086,1.0534999370574951,0,0,0
0.029506461694836617,0.118807852268219,0.9355000257492065,0.050902821123600006,0.08475054800510406,0.8385000228881836,0.0006291222525760531,0.08699841797351837,0.8339999914169312,0.14427825808525085,0.041403986513614655,1.093000054359436,-0.1400241255760193,0.05595027655363083,1.034500002861023,0.2007729858160019,0.2659977376461029,1.152999997138977,-0.25315529108047485,0.2752605080604553,0.9854999780654907,0.14117205142974854,0.3875330984592438,1.05649995803833,0,0,0
0.04011726751923561,0.11426039040088654,0.9355000257492065,0.05898433178663254,0.08329243957996368,0.8374999761581421,0.011426327750086784,0.08419463783502579,0.8330000042915344,0.15129312872886658,0.041385043412446976,1.0924999713897705,-0.13401669263839722,0.057208720594644547,1.0269999504089355,0.2078847736120224,0.2674013376235962,1.1510000228881836,-0.24367839097976685,0.2799331247806549,0.9794999957084656,0.1510133594274521,0.3830186128616333,1.0534999370574951,0,0,0
0.05241145193576813,0.1161474958062172,0.9385000467300415,0.07098513096570969,0.08033785969018936,0.8350000381469727,0.022157588973641396,0.08259627223014832,0.8305000066757202,0.16331014037132263,0.04482266679406166,1.090000033378601,-0.1281449943780899,0.060124266892671585,1.0199999809265137,0.21198250353336334,0.2659977376461029,1.152999997138977,-0.2341800481081009,0.2824820280075073,0.9665000438690186,0.16163823008537292,0.3873497247695923,1.055999994277954,0,0,0
0.06630896031856537,0.11346767842769623,0.9415000081062317,0.07886620610952377,0.07874839752912521,0.8324999809265137,0.0328042134642601,0.0822979062795639,0.8274999856948853,0.16477343440055847,0.05179210752248764,1.0880000591278076,-0.12276403605937958,0.0582708939909935,1.0164999961853027,0.22357918322086334,0.2608446776866913,1.1549999713897705,-0.22389066219329834,0.27786409854888916,0.9559999704360962,0.17190471291542053,0.3839275538921356,1.055999994277954,0,0,0
0.07901372015476227,0.1157260462641716,0.9474999904632568,0.09089730679988861,0.0800011083483696,0.8314999938011169,0.04342566803097725,0.08343658596277237,0.8255000114440918,0.18039076030254364,0.053481195122003555,1.0865000486373901,-0.10624098032712936,0.06318100541830063,1.0160000324249268,0.22919367253780365,0.2664591372013092,1.1549999713897705,-0.2177528440952301,0.27905187010765076,0.9494999647140503,0.17703795433044434,0.3839275538921356,1.055999994277954,0,0,0
0.10881190747022629,0.11794198304414749,0.9529999494552612,0.11494123935699463,0.07985678315162659,0.8299999833106995,0.06725701689720154,0.08313336223363876,0.8224999904632568,0.19708463549613953,0.06374941021203995,1.0815000534057617,-0.09088465571403503,0.0660809576511383,1.0099999904632568,0.2535231113433838,0.2664591372013092,1.1549999713897705,-0.20098234713077545,0.27255764603614807,0.9429999589920044,0.20280015468597412,0.38410934805870056,1.05649995803833,0,0,0
0.12439100444316864,0.1226448193192482,0.9909999966621399,0.12570030987262726,0.08254653960466385,0.8299999833106995,0.07925160229206085,0.08313336223363876,0.8224999904632568,0.20692718029022217,0.0687832459807396,1.0779999494552612,-0.08371221274137497,0.06721464544534683,1.002500057220459,0.26872751116752625,0.268562912940979,1.1559998989105225,-0.1874573975801468,0.2661266028881073,0.9364999532699585,0.20964771509170532,0.3909568786621094,1.05649995803833,0,0,0
0.15170563757419586,0.1312091052532196,1.0464999675750732,0.14049403369426727,0.08120165765285492,0.8299999833106995,0.09495487809181213,0.08420934528112411,0.8199999928474426,0.21854440867900848,0.07207555323839188,1.0750000476837158,-0.06898929178714752,0.06387016177177429,1.0010000467300415,0.27996620535850525,0.2723091244697571,1.1559998989105225,-0.17701956629753113,0.2596191167831421,0.9294999837875366,0.22152607142925262,0.3873497247695923,1.055999994277954,0,0,0
0.16768480837345123,0.13177330791950226,1.0509999990463257,0.1525060534477234,0.07980867475271225,0.8294999599456787,0.10425563901662827,0.08420934528112411,0.8199999928474426,0.23183055222034454,0.07361140102148056,1.0720000267028809,-0.05266422778367996,0.06697997450828552,0.9990000128746033,0.2874586582183838,0.27605533599853516,1.1559998989105225,-0.168850839138031,0.2601419687271118,0.9259999990463257,0.22986361384391785,0.3835640251636505,1.0550000667572021,0,0,0
0.18396933376789093,0.13246288895606995,1.05649995803833,0.16400742530822754,0.0808592438697815,0.8264999985694885,0.11865366995334625,0.08405530452728271,0.8184999823570251,0.24180060625076294,0.08040907979011536,1.0699999332427979,-0.041250430047512054,0.07169229537248611,0.996999979019165,0.30244359374046326,0.27980154752731323,1.1559998989105225,-0.15950298309326172,0.2595801055431366,0.9240000247955322,0.23625271022319794,0.3896616995334625,1.0529999732971191,0,0,0
0.2006886601448059,0.13616588711738586,1.0455000400543213,0.1792064607143402,0.08313336223363876,0.8224999904632568,0.13423985242843628,0.08517291396856308,0.8164999485015869,0.2551928460597992,0.08025878667831421,1.0679999589920044,-0.03146258369088173,0.06986595690250397,0.9939999580383301,0.31286826729774475,0.2790754437446594,1.152999997138977,-0.14744555950164795,0.2609359920024872,0.9235000014305115,0.24578778445720673,0.39025288820266724,1.0499999523162842,0,0,0
0.21932339668273926,0.13785995543003082,1.0455000400543213,0.1914803832769394,0.08267852663993835,0.8179999589920044,0.14596796035766602,0.08638998866081238,0.815500020980835,0.23652124404907227,0.07867157459259033,0.9449999928474426,-0.01687312126159668,0.06787768006324768,0.9884999990463257,0.328395813703537,0.2779862582683563,1.1484999656677246,-0.1302761435508728,0.2654763460159302,0.9184999465942383,0.2587810456752777,0.3876264691352844,1.0475000143051147,0,0,0
0.23524309694766998,0.14335228502750397,1.0485000610351562,0.20404498279094696,0.08580734580755234,0.8100000023841858,0.1568925827741623,0.08848687261343002,0.8105000257492065,0.2132074534893036,0.06427926570177078,0.8200000524520874,-0.004045083187520504,0.06763733923435211,0.9850000143051147,0.34044399857521057,0.27937793731689453,1.1389999389648438,-0.11470232903957367,0.2624073028564453,0.9129999876022339,0.2678094506263733,0.38934120535850525,1.0429999828338623,0,0,0
