0.5737286806106567,-0.21087242662906647,1.6984999179840088,0,0,0,0.56022709608078,-0.2374289184808731,1.6349999904632568,0.29572755098342896,-0.25182482600212097,1.6085000038146973,0.3550364077091217,-0.1660252958536148,1.5379999876022339,0,0,0,0.3165335953235626,0.06654936075210571,1.556999921798706,0,0,0,0.45990830659866333,0.2123039960861206,2.501500129699707
0.5564977526664734,-0.20362935960292816,1.7304999828338623,0,0,0,0.5368356704711914,-0.2228206843137741,1.6445000171661377,0.26306629180908203,-0.23205135762691498,1.6159999370574951,0.34008389711380005,-0.1386125236749649,1.5379999876022339,0,0,0,0.3039191961288452,0.10186935216188431,1.556999921798706,0,0,0,0,0,0
0.5419096946716309,-0.1930176168680191,1.7109999656677246,0,0,0,0.5288417339324951,-0.2148267775774002,1.6445000171661377,0.2563953399658203,-0.22523650527000427,1.6234999895095825,0.34540462493896484,-0.136253222823143,1.5394999980926514,0,0,0,0.2963505983352661,0.10691506415605545,1.556999921798706,0,0,0,0,0,0
0.5363649129867554,-0.17915567755699158,1.7109999656677246,0,0,0,0.5284467339515686,-0.20609256625175476,1.659999966621399,0.24201953411102295,-0.2159704715013504,1.6330000162124634,0.34118950366973877,-0.13156263530254364,1.5429999828338623,0,0,0,0.28662681579589844,0.11968290060758591,1.559000015258789,0,0,0,0,0,0
0.5363649129867554,-0.1680661290884018,1.7109999656677246,0,0,0,0.5301910638809204,-0.19426853954792023,1.6740000247955322,0.2402530461549759,-0.21145255863666534,1.6390000581741333,0.3366248905658722,-0.12672634422779083,1.5449999570846558,0.11731884628534317,-0.0542074516415596,1.7049999237060547,0.2841007113456726,0.12220899015665054,1.559000015258789,0,0,0,0,0,0
0.6937762498855591,-0.20624390244483948,2.247999906539917,0,0,0,0.527273952960968,-0.18429534137248993,1.681999921798706,0.22991026937961578,-0.20639266073703766,1.6410000324249268,0.34196341037750244,-0.11682600528001785,1.5464999675750732,0.10074274986982346,-0.0542074516415596,1.7049999237060547,0.2818455100059509,0.13496921956539154,1.5605000257492065,0,0,0,0,0,0
0.6981943845748901,-0.19918017089366913,2.250499963760376,0,0,0,0.5339381098747253,-0.18017365038394928,1.6944999694824219,0.2358016073703766,-0.20689573884010315,1.6449999809265137,0.3448033928871155,-0.1069062277674675,1.5479999780654907,0.06213798746466637,-0.04320741817355156,1.7070000171661377,0.28437408804893494,0.14638493955135345,1.5745000839233398,0,0,0,0,0,0
0.875651478767395,-0.23151139914989471,2.822499990463257,0,0,0,0.5400093793869019,-0.16747675836086273,1.7049999237060547,0.2368766814470291,-0.2078390270471573,1.6524999141693115,0.353921502828598,-0.08723272383213043,1.5550000667572021,0.08703131228685379,-0.0487392283976078,1.7070000171661377,0.28690266609191895,0.15283435583114624,1.5885000228881836,0,0,0,0.454306036233902,0.11059539765119553,2.493000030517578
0.8710781335830688,-0.2132178544998169,2.822499990463257,0,0,0,0.5391373038291931,-0.15697656571865082,1.7109999656677246,0.2406415343284607,-0.19802331924438477,1.659999966621399,0.35976868867874146,-0.07985319942235947,1.558500051498413,0.08188140392303467,-0.048967648297548294,1.7149999141693115,0.28690266609191895,0.15283435583114624,1.5885000228881836,0,0,0,0,0,0
0.8710781335830688,-0.19492430984973907,2.822499990463257,0,0,0,0.5410279035568237,-0.14918072521686554,1.7170000076293945,0.24209117889404297,-0.18839241564273834,1.6699999570846558,0.3736670911312103,-0.0730193555355072,1.5745000839233398,0,0,0,0.28690266609191895,0.15540824830532074,1.5885000228881836,0,0,0,0.3782995641231537,0.10060902684926987,2.1135001182556152
0.9048140048980713,-0.2014160305261612,2.9165000915527344,0,0,0,0.545235276222229,-0.14399288594722748,1.7214999198913574,0.2462630420923233,-0.18135404586791992,1.6800000667572021,0.3792051374912262,-0.07102759182453156,1.5870000123977661,0,0,0,0.289476603269577,0.16312994062900543,1.5885000228881836,0,0,0,0,0,0
0.9277717471122742,-0.20168091356754303,2.990499973297119,0,0,0,0.5472939610481262,-0.1445365697145462,1.7279999256134033,0.24957801401615143,-0.17905719578266144,1.684000015258789,0.3792051374912262,-0.07102759182453156,1.5870000123977661,0.10109727084636688,-0.04053627699613571,1.7109999656677246,0.2914070188999176,0.16277050971984863,1.5850000381469727,0,0,0,0,0,0
0.927904486656189,-0.2038390040397644,3.0225000381469727,0,0,0,0.5485903024673462,-0.14844493567943573,1.7409999370574951,0.24957801401615143,-0.17905719578266144,1.684000015258789,0.3821374773979187,-0.07109472900629044,1.5885000228881836,0.09786513447761536,-0.040346741676330566,1.7029999494552612,0.2926769256591797,0.16205163300037384,1.5779999494552612,0,0,0,0,0,0
0.9282854199409485,-0.21105001866817474,3.055999994277954,0,0,0,0.5441603660583496,-0.14955337345600128,1.753999948501587,0.24261046946048737,-0.18818822503089905,1.6924999952316284,0.37992197275161743,-0.0788908451795578,1.590000033378601,0,0,0,0.28756314516067505,0.16205163300037384,1.5779999494552612,0,0,0,0,0,0
0.9314913749694824,-0.2328965812921524,3.0829999446868896,0,0,0,0.5441603660583496,-0.16660575568675995,1.753999948501587,0.23740580677986145,-0.1939018964767456,1.6944999694824219,0.3769896328449249,-0.08653811365365982,1.5885000228881836,0.08619005978107452,-0.034572258591651917,1.690500020980835,0.29654350876808167,0.1602022796869278,1.5850000381469727,0,0,0,0,0,0
0.9364868998527527,-0.2578739821910858,3.0829999446868896,0,0,0,0.5461769104003906,-0.17863354086875916,1.7604999542236328,0.2319144904613495,-0.20213885605335236,1.6944999694824219,0.37441572546958923,-0.09683369845151901,1.5885000228881836,0.08816646784543991,-0.03156004101037979,1.6759999990463257,0.30034762620925903,0.15182410180568695,1.5779999494552612,0,0,0,0.3335089087486267,0.06480201333761215,1.6405000686645508
0.9215003252029419,-0.27785593271255493,3.0829999446868896,0,0,0,0.6948891282081604,-0.24195051193237305,2.2755000591278076,0.22977739572525024,-0.20818157494068146,1.6990000009536743,0.37266111373901367,-0.11510403454303741,1.5920000076293945,0,0,0,0.30546143651008606,0.14926722645759583,1.5779999494552612,0,0,0,0.3300195336341858,0.04535015672445297,1.6104999780654907
0.9215003252029419,-0.29783785343170166,3.0829999446868896,0,0,0,0.6912021040916443,-0.2603858411312103,2.2755000591278076,0.2242714911699295,-0.20818157494068146,1.6990000009536743,0.37136006355285645,-0.12585560977458954,1.597499966621399,0.10113786160945892,-0.025972789153456688,1.6660000085830688,0.3139885365962982,0.14337696135044098,1.5694999694824219,0,0,0,0.31794339418411255,0.0776006430387497,1.5764999389648438
0.9215003252029419,-0.33280622959136963,3.0829999446868896,0,0,0,0.6912021040916443,-0.286195307970047,2.2755000591278076,0.22093181312084198,-0.21312148869037628,1.6944999694824219,0.36698535084724426,-0.1339138001203537,1.6009999513626099,0,0,0,0.3255593180656433,0.125135138630867,1.5640000104904175,0,0,0,0.2988734841346741,0.0034779361449182034,1.556999921798706
0.9165048003196716,-0.3577836751937866,3.0829999446868896,0,0,0,0.6838278770446777,-0.3046306371688843,2.2755000591278076,0.22367748618125916,-0.21861277520656586,1.6944999694824219,0.3617970049381256,-0.14429041743278503,1.6009999513626099,0,0,0,0.35213544964790344,0.1179458498954773,1.5694999694824219,0,0,0,0.29093068838119507,0.08158157020807266,1.5549999475479126
