-0.06636131554841995,-0.157338485121727,1.121000051498413,-0.04005737230181694,-0.1908903419971466,1.1480000019073486,-0.09587545692920685,-0.18568885326385498,1.0850000381469727,0.022702446207404137,-0.036871280521154404,1.222000002861023,-0.2495095133781433,-0.04568949341773987,1.246500015258789,0.13901618123054504,0.09522489458322525,1.121999979019165,-0.28597527742385864,0.16420572996139526,1.3624999523162842,0.19425468146800995,0.1912827342748642,0.8784999847412109,-0.314609169960022,0.3773871064186096,1.3914999961853027
-0.07725973427295685,-0.1609712839126587,1.121000051498413,-0.049530114978551865,-0.19528870284557343,1.1519999504089355,-0.10466581583023071,-0.18744689226150513,1.0850000381469727,0.010822097770869732,-0.03885132446885109,1.222000002861023,-0.2574140429496765,-0.05008803680539131,1.255500078201294,0.13156796991825104,0.09146642684936523,1.120500087738037,-0.2881830036640167,0.1553749293088913,1.3624999523162842,0.18671129643917084,0.18090572953224182,0.8765000104904175,-0.3229025900363922,0.37045490741729736,1.4079999923706055
-0.08815816044807434,-0.16278766095638275,1.121000051498413,-0.06083535775542259,-0.19562776386737823,1.1540000438690186,-0.11361302435398102,-0.1912270337343216,1.0865000486373901,0.0029042402748018503,-0.04086478799581528,1.2230000495910645,-0.2648813724517822,-0.054437071084976196,1.2620000839233398,0.12249000370502472,0.08783526718616486,1.120500087738037,-0.2925984263420105,0.14875182509422302,1.3624999523162842,0.17666883766651154,0.1751248836517334,0.8759999871253967,-0.3317681550979614,0.3706996440887451,1.4265000820159912
-0.0955088883638382,-0.16656890511512756,1.121999979019165,-0.0684332475066185,-0.19971297681331635,1.1559998989105225,-0.12082161009311676,-0.19501687586307526,1.0880000591278076,-0.0030445242300629616,-0.046867191791534424,1.2244999408721924,-0.2673492133617401,-0.06066763773560524,1.2639999389648438,0.11502194404602051,0.08224146068096161,1.118499994277954,-0.29701387882232666,0.14433641731739044,1.3624999523162842,0.1708935648202896,0.16367611289024353,0.875499963760376,-0.3358360230922699,0.36567795276641846,1.434000015258789
-0.10478547215461731,-0.17050834000110626,1.124000072479248,-0.07803436368703842,-0.20407520234584808,1.1594998836517334,-0.1299341470003128,-0.19899894297122955,1.0905001163482666,-0.009007872082293034,-0.052884187549352646,1.2259999513626099,-0.2701433002948761,-0.06288938969373703,1.2674999237060547,0.10233548283576965,0.07136740535497665,1.118499994277954,-0.30142930150032043,0.13992100954055786,1.3624999523162842,0.1607794612646103,0.1564042717218399,0.874500036239624,-0.3385132849216461,0.35908249020576477,1.4355000257492065
-0.11419576406478882,-0.17461563646793365,1.1269999742507935,-0.08580776304006577,-0.20846012234687805,1.1629999876022339,-0.13953256607055664,-0.20187053084373474,1.096500039100647,-0.016967859119176865,-0.0608799122273922,1.2269999980926514,-0.27445197105407715,-0.06962272524833679,1.277999997138977,0.09504356235265732,0.06590091437101364,1.1180000305175781,-0.29999127984046936,0.13485915958881378,1.3559999465942383,0.15192924439907074,0.1461503803730011,0.8725000023841858,-0.34424108266830444,0.3532083034515381,1.440000057220459
-0.12425653636455536,-0.17777250707149506,1.1354999542236328,-0.09778253734111786,-0.2136888951063156,1.1710000038146973,-0.14888983964920044,-0.2060796171426773,1.100000023841858,-0.02699637971818447,-0.06506763398647308,1.2309999465942383,-0.2824212610721588,-0.07630979269742966,1.2860000133514404,0.08799373358488083,0.06241711974143982,1.120500087738037,-0.3021884858608246,0.12167613953351974,1.3559999465942383,0.14270693063735962,0.13695791363716125,0.8680000305175781,-0.3453167974948883,0.34494978189468384,1.4444999694824219
-0.13463133573532104,-0.183050274848938,1.1454999446868896,-0.10636203736066818,-0.21952666342258453,1.181999921798706,-0.15909281373023987,-0.20956265926361084,1.1089999675750732,-0.029085220769047737,-0.06928128749132156,1.2349998950958252,-0.28538602590560913,-0.08132210373878479,1.2994999885559082,0.07891576737165451,0.05333920568227768,1.120500087738037,-0.3021884858608246,0.11728179454803467,1.3559999465942383,0.13100093603134155,0.13227979838848114,0.8650000095367432,-0.35090652108192444,0.3339989483356476,1.4579999446868896
-0.14261381328105927,-0.18563278019428253,1.1500000953674316,-0.1169191226363182,-0.22331534326076508,1.191999912261963,-0.16785499453544617,-0.2133607715368271,1.1195000410079956,-0.03920162096619606,-0.07549797743558884,1.2384999990463257,-0.29585567116737366,-0.08888661861419678,1.3179999589920044,0.06620660424232483,0.046076878905296326,1.120500087738037,-0.30658283829689026,0.11288746446371078,1.3559999465942383,0.1218118742108345,0.12586800754070282,0.859499990940094,-0.35965606570243835,0.3306112587451935,1.4744999408721924
-0.15071983635425568,-0.1864398568868637,1.1549999713897705,-0.12558603286743164,-0.2250014692544937,1.2009999752044678,-0.17597119510173798,-0.21258611977100372,1.125,-0.045641906559467316,-0.0802498385310173,1.25,-0.29991307854652405,-0.09375860542058945,1.3264999389648438,0.05918095260858536,0.04261617735028267,1.125,-0.3087800443172455,0.10190160572528839,1.3559999465942383,0.10927771031856537,0.11472661048173904,0.859499990940094,-0.36364126205444336,0.3224698305130005,1.4809999465942383
-0.1588907092809677,-0.18912655115127563,1.1600000858306885,-0.1337033212184906,-0.227514386177063,1.2039999961853027,-0.18497318029403687,-0.21641013026237488,1.1354999542236328,-0.05630442500114441,-0.08919966965913773,1.2619999647140503,-0.30809342861175537,-0.09861177206039429,1.3340001106262207,0.05028904601931572,0.035481683909893036,1.1299999952316284,-0.3109772205352783,0.09970443695783615,1.3559999465942383,0.09674355387687683,0.10776323080062866,0.859499990940094,-0.37209638953208923,0.31560736894607544,1.505500078201294
-0.16691118478775024,-0.19158245623111725,1.1635000705718994,-0.1416831761598587,-0.22779783606529236,1.2055000066757202,-0.19166719913482666,-0.21959544718265533,1.1424999237060547,-0.06266168504953384,-0.09156988561153412,1.2664999961853027,-0.31362730264663696,-0.10405366867780685,1.3485000133514404,0.04309818148612976,0.03559158369898796,1.133500099182129,-0.31304123997688293,0.09594269841909409,1.3650000095367432,0.0842093974351883,0.10497787594795227,0.859499990940094,-0.3813771903514862,0.3114364743232727,1.5329999923706055
-0.17353105545043945,-0.19454853236675262,1.1700000762939453,-0.15042656660079956,-0.23314601182937622,1.2130000591278076,-0.20003050565719604,-0.22251275181770325,1.1480000019073486,-0.06721410155296326,-0.09631630033254623,1.274999976158142,-0.32047340273857117,-0.10486387461423874,1.3589999675750732,0.04507358744740486,0.039386119693517685,1.1370000839233398,-0.3155638873577118,0.09671585261821747,1.375999927520752,0.07446061074733734,0.10497787594795227,0.859499990940094,-0.38386496901512146,0.303467333316803,1.5429999828338623
-0.18582558631896973,-0.1994665116071701,1.187999963760376,-0.16037635505199432,-0.2362212985754013,1.2289999723434448,-0.21009162068367004,-0.22720685601234436,1.162500023841858,-0.07589223980903625,-0.100999616086483,1.281999945640564,-0.328042209148407,-0.10958954691886902,1.3629999160766602,0.0474935919046402,0.04173608124256134,1.1510000228881836,-0.3216042220592499,0.08659403771162033,1.3924999237060547,0.06945092976093292,0.1184690073132515,0.8665000200271606,-0.3830948770046234,0.2922864556312561,1.5499999523162842
-0.1944228857755661,-0.20435811579227448,1.2055000066757202,-0.17025959491729736,-0.24092626571655273,1.2430000305175781,-0.2194046676158905,-0.22906361520290375,1.1720000505447388,-0.08063996583223343,-0.10802603513002396,1.2914999723434448,-0.3270290195941925,-0.11220818012952805,1.3680000305175781,0.050302039831876755,0.04443447291851044,1.1730000972747803,-0.3264542818069458,0.08102893084287643,1.4134999513626099,0.06268473714590073,0.13193371891975403,0.9110000133514404,-0.3772563934326172,0.28099220991134644,1.5570000410079956
-0.20382988452911377,-0.21384337544441223,1.2149999141693115,-0.18003740906715393,-0.24935270845890045,1.2549999952316284,-0.2260621339082718,-0.23576223850250244,1.1770000457763672,-0.079337939620018,-0.11334085464477539,1.3044999837875366,-0.33097344636917114,-0.11580491811037064,1.3845000267028809,0.0607740618288517,0.060605693608522415,1.1920000314712524,-0.32585859298706055,0.06580125540494919,1.430999994277954,0.03805685415863991,0.1561407446861267,0.9600000381469727,-0.3621191680431366,0.2507179379463196,1.5570000410079956
-0.20559139549732208,-0.21767711639404297,1.2254999876022339,-0.18323154747486115,-0.2550351917743683,1.2630000114440918,-0.2277907431125641,-0.23948673903942108,1.186000108718872,-0.0754559263586998,-0.11386215686798096,1.310499906539917,-0.33108511567115784,-0.11971091479063034,1.4040000438690186,0.05985459312796593,0.06950660794973373,1.2125000953674316,-0.3279486894607544,0.06199733540415764,1.4505000114440918,0.020137852057814598,0.1702360212802887,0.996999979019165,-0.3545505404472351,0.24567219614982605,1.5570000410079956
-0.20268931984901428,-0.22282415628433228,1.2319999933242798,-0.18027326464653015,-0.26076948642730713,1.2710000276565552,-0.22824956476688385,-0.24589475989341736,1.1985000371932983,-0.06961271911859512,-0.11473099887371063,1.3204998970031738,-0.3274655044078827,-0.12233340740203857,1.4079999923706055,0.05917901545763016,0.07507117837667465,1.2395000457763672,-0.32421624660491943,0.05551467463374138,1.465499997138977,0.0024862955324351788,0.18386287987232208,1.0469999313354492,-0.3409392535686493,0.2290373146533966,1.5640000104904175
-0.19773831963539124,-0.22600656747817993,1.2384999990463257,-0.17747098207473755,-0.2668682336807251,1.2804999351501465,-0.22614404559135437,-0.24980120360851288,1.2079999446868896,-0.06391157954931259,-0.11819823086261749,1.3355000019073486,-0.31901800632476807,-0.12716662883758545,1.4110000133514404,0.05663080886006355,0.07500797510147095,1.2725000381469727,-0.31600630283355713,0.05574195832014084,1.4714999198913574,-0.009801706299185753,0.19371193647384644,1.0929999351501465,-0.3282681703567505,0.22396892309188843,1.5640000104904175
-0.19055362045764923,-0.23104159533977509,1.24399995803833,-0.16742299497127533,-0.2715470492839813,1.2829999923706055,-0.21805866062641144,-0.25571122765541077,1.2174999713897705,-0.053807321935892105,-0.11979131400585175,1.3535000085830688,-0.30824047327041626,-0.12743701040744781,1.4140000343322754,0.05649866163730621,0.08193008601665497,1.3174999952316284,-0.308010995388031,0.051631491631269455,1.4904999732971191,-0.02351910062134266,0.20523187518119812,1.1579999923706055,-0.3105286657810211,0.21890050172805786,1.5640000104904175
