0.41100525856018066,0.18375827372074127,1.7085000276565552,0.6562816500663757,0.1954246461391449,2.493000030517578,0.1800825446844101,0.0603308267891407,0.8389999866485596,0.14930792152881622,0.07205317169427872,0.8654999732971191,0.008036868646740913,0.10054736584424973,0.9075000286102295,0.17016690969467163,0.20493215322494507,1.0774999856948853,0.0006174299633130431,0.2856440544128418,0.8185000419616699,0.26437923312187195,0.3003216087818146,1.1139999628067017,0,0,0
0.41629815101623535,0.18365071713924408,1.7074999809265137,0.6362269520759583,0.19755308330059052,2.373000144958496,0.1865566372871399,0.06518074125051498,0.8314999938011169,0.15662896633148193,0.07294633984565735,0.859499990940094,0.013918711803853512,0.1034882590174675,0.9075000286102295,0.18022331595420837,0.2061985433101654,1.0750000476837158,-0.004653207957744598,0.2822336256504059,0.8125,0.2784442901611328,0.30532509088516235,1.1124999523162842,0,0,0
0.22281208634376526,0.0965658649802208,0.8845000267028809,0.6350125670433044,0.18394224345684052,2.2990000247955322,0.1881917268037796,0.06302735954523087,0.8209999799728394,0.15977799892425537,0.07386331260204315,0.8539999723434448,0.01827959530055523,0.10173676908016205,0.9049999713897705,0.18858112394809723,0.2058148980140686,1.0729999542236328,-0.004613119177520275,0.27588653564453125,0.8055000305175781,0.27781856060028076,0.3082360625267029,1.1099998950958252,0,0,0
0.43077290058135986,0.1877613514661789,1.6465001106262207,0.6414941549301147,0.1867721527814865,2.243499994277954,0.196060448884964,0.06520788371562958,0.8149999976158142,0.16287358105182648,0.0720127671957016,0.8485000133514404,0.026913492009043694,0.10257596522569656,0.8995000123977661,0.1930745542049408,0.20504765212535858,1.069000005722046,-0.007210038602352142,0.27407005429267883,0.8040000200271606,0.2832143008708954,0.30284035205841064,1.1099998950958252,0,0,0
0.2337121218442917,0.09858910739421844,0.8769999742507935,0.6487246751785278,0.17750145494937897,2.2184998989105225,0.19689665734767914,0.06373053789138794,0.8130000233650208,0.173565074801445,0.07188545912504196,0.847000002861023,0.029662681743502617,0.09765762090682983,0.8945000171661377,0.198974147439003,0.20571590960025787,1.0635000467300415,-0.005899935495108366,0.2685246467590332,0.8029999732971191,0.2861655056476593,0.3039528429508209,1.1074999570846558,0,0,0
0.23939627408981323,0.09858910739421844,0.8769999742507935,0.6595088839530945,0.18469087779521942,2.2184998989105225,0.20047810673713684,0.0649278536438942,0.8115000128746033,0.173565074801445,0.07463030517101288,0.847000002861023,0.032525066286325455,0.09465291351079941,0.8934999704360962,0.20385591685771942,0.207146555185318,1.062000036239624,-0.0006936650606803596,0.27694106101989746,0.8009999990463257,0.28731003403663635,0.3032667338848114,1.1050000190734863,0,0,0
0.24071921408176422,0.10079506039619446,0.8715000152587891,0.6666982769966125,0.18469087779521942,2.2184998989105225,0.20654234290122986,0.06739114969968796,0.809499979019165,0.17620587348937988,0.07458624988794327,0.846500039100647,0.03542061895132065,0.09610068053007126,0.8934999704360962,0.2104414701461792,0.21029070019721985,1.0605000257492065,0.003194024320691824,0.2777178883552551,0.7994999885559082,0.2962624132633209,0.30684763193130493,1.1050000190734863,0,0,0
0.24495559930801392,0.10220718383789062,0.8715000152587891,0.670698344707489,0.19097213447093964,2.2079999446868896,0.21165820956230164,0.06866037845611572,0.8090000152587891,0.1786320060491562,0.07445408403873444,0.8450000286102295,0.03542061895132065,0.09465291351079941,0.8934999704360962,0.21165971457958221,0.21322360634803772,1.058000087738037,-0.0006923660985194147,0.2660587728023529,0.7994999885559082,0.29478779435157776,0.3088834583759308,1.0994999408721924,0,0,0
0.25216081738471985,0.10085288435220718,0.871999979019165,0.6771108508110046,0.18976126611232758,2.194000005722046,0.21690163016319275,0.0699712261557579,0.8090000152587891,0.18492919206619263,0.07423380017280579,0.8424999713897705,0.036868397146463394,0.09465291351079941,0.8934999704360962,0.21165971457958221,0.21493791043758392,1.058000087738037,0.003194024320691824,0.2595815062522888,0.7994999885559082,0.29331323504447937,0.3073383867740631,1.0940001010894775,0,0,0
0.25644874572753906,0.10001014173030853,0.8769999742507935,0.6842209100723267,0.18976126611232758,2.194000005722046,0.22214506566524506,0.07128207385540009,0.8090000152587891,0.18356405198574066,0.07423380017280579,0.8424999713897705,0.03542061895132065,0.09610068053007126,0.8934999704360962,0.20964771509170532,0.21292127668857574,1.05649995803833,0.0006030973745509982,0.26087695360183716,0.7994999885559082,0.2912741005420685,0.3070574402809143,1.093000054359436,0,0,0
0.25929081439971924,0.09858910739421844,0.8769999742507935,0.6817203760147095,0.19062888622283936,2.1635000705718994,0.22476676106452942,0.07259292155504227,0.8090000152587891,0.17946863174438477,0.07423380017280579,0.8424999713897705,0.031094685196876526,0.09760303050279617,0.8939999938011169,0.20260821282863617,0.21271975338459015,1.0555000305175781,-0.0058815679512917995,0.2780652642250061,0.8005000352859497,0.28596097230911255,0.3052864074707031,1.093000054359436,0,0,0
0.2616037130355835,0.10035225003957748,0.8799999952316284,0.6733702421188354,0.19175659120082855,2.13700008392334,0.22649681568145752,0.07404080033302307,0.8105000257492065,0.17946863174438477,0.07423380017280579,0.8424999713897705,0.031199028715491295,0.09938399493694305,0.8969999551773071,0.2042216956615448,0.21432843804359436,1.0550000667572021,-0.0110975606366992,0.26835745573043823,0.8025000095367432,0.28773200511932373,0.3052864074707031,1.093000054359436,0,0,0
0.2624955475330353,0.10212511569261551,0.8830000162124634,0.6887316703796387,0.197640061378479,2.1635000705718994,0.2283722460269928,0.07554002106189728,0.8125,0.18094110488891602,0.074277862906456,0.843000054359436,0.029778745025396347,0.10240491479635239,0.8980000019073486,0.20402811467647552,0.2107096165418625,1.0540000200271606,-0.01762111485004425,0.2778054177761078,0.8034999966621399,0.2820312976837158,0.30133023858070374,1.0915000438690186,0,0,0
0.26392632722854614,0.10212511569261551,0.8830000162124634,0.6922371983528137,0.197640061378479,2.1635000705718994,0.22907494008541107,0.07445187866687775,0.8149999976158142,0.18094110488891602,0.074277862906456,0.843000054359436,0.03276168182492256,0.10409127920866013,0.8999999761581421,0.20402811467647552,0.20900177955627441,1.0540000200271606,-0.028123904019594193,0.27475181221961975,0.8059999942779541,0.2831498980522156,0.30240458250045776,1.0889999866485596,0,0,0
0.2661680579185486,0.10299254208803177,0.890500009059906,0.6922371983528137,0.20114564895629883,2.1635000705718994,0.23202620446681976,0.07674866169691086,0.8255000114440918,0.1813858300447464,0.07502681016921997,0.8515000343322754,0.0313381552696228,0.10712677985429764,0.9010000228881836,0.20232027769088745,0.20900177955627441,1.0540000200271606,-0.038763295859098434,0.278740257024765,0.8100000023841858,0.28099775314331055,0.3019880950450897,1.0875000953674316,0,0,0
0.26472511887550354,0.10299254208803177,0.890500009059906,0.6802955865859985,0.19868187606334686,2.13700008392334,0.23334342241287231,0.07763189822435379,0.8350000381469727,0.18694119155406952,0.07698976993560791,0.8579999804496765,0.028418302536010742,0.1056668683886528,0.9010000228881836,0.2057359516620636,0.20900177955627441,1.0540000200271606,-0.04815782979130745,0.2812628448009491,0.8134999871253967,0.27970579266548157,0.300599604845047,1.0824999809265137,0,0,0
0.26636016368865967,0.10362865775823593,0.8960000276565552,0.6782264113426208,0.19462545216083527,2.130500078201294,0.23404203355312347,0.07786432653665543,0.8374999761581421,0.18416067957878113,0.07559952884912491,0.8579999804496765,0.025498444214463234,0.10274702310562134,0.9010000228881836,0.19530342519283295,0.21392211318016052,1.0529999732971191,-0.05488317087292671,0.2938467860221863,0.815500020980835,0.27143019437789917,0.29571935534477234,1.0774999856948853,0.19303223490715027,0.3516389727592468,0.9420000314712524
0.2634564936161041,0.10362865775823593,0.8960000276565552,0.6736657023429871,0.20119860768318176,2.127000093460083,0.2328239232301712,0.07655297964811325,0.8379999995231628,0.18138016760349274,0.07420928031206131,0.8579999804496765,0.024038515985012054,0.1012871041893959,0.9010000228881836,0.2021283060312271,0.20709727704524994,1.0529999732971191,-0.06292703747749329,0.2983587086200714,0.8170000314712524,0.2731761038303375,0.2904816269874573,1.0774999856948853,0.19048939645290375,0.34673604369163513,0.937000036239624
0.2621508538722992,0.1051391139626503,0.8964999914169312,0.6681710481643677,0.20058375597000122,2.120500087738037,0.23296283185482025,0.07795730233192444,0.8385000228881836,0.1814858764410019,0.07425252348184586,0.8585000038146973,0.021118657663464546,0.09836726635694504,0.9010000228881836,0.20364096760749817,0.20690062642097473,1.0520000457763672,-0.06452611088752747,0.2983073592185974,0.8205000162124634,0.2731761038303375,0.2904816269874573,1.0774999856948853,0.18050873279571533,0.3405379354953766,0.9325000047683716
0.2609890401363373,0.1038021445274353,0.8975000381469727,0.6603636145591736,0.1968689113855362,2.117500066757202,0.23024553060531616,0.07795730233192444,0.8385000228881836,0.17602409422397614,0.074295774102211,0.859000027179718,0.018218999728560448,0.09993798285722733,0.9020000100135803,0.20193636417388916,0.20860520005226135,1.0520000457763672,-0.06415938585996628,0.30285194516181946,0.8330000042915344,0.27653956413269043,0.2938370406627655,1.0770000219345093,0.17184104025363922,0.33834677934646606,0.9264999628067017
