0.0486861988902092,0.07854781299829483,0.9255000352859497,0.07361879199743271,0.061582691967487335,0.9185000061988831,0.024038515985012054,0.06332921236753464,0.9010000228881836,0.17446596920490265,0.008173137903213501,1.1519999504089355,-0.10583535581827164,-0.01856985129415989,1.0789999961853027,0.1835327297449112,0.18964406847953796,1.2950000762939453,-0.22362656891345978,0.15840117633342743,1.1449999809265137,0.18352673947811127,0.30575165152549744,1.1990000009536743,-0.06552372872829437,0.2791326642036438,1.1380000114440918
0.039688438177108765,0.07554857432842255,0.9255000352859497,0.06599724292755127,0.06141507253050804,0.9160000085830688,0.016720294952392578,0.058884020894765854,0.8999999761581421,0.17446596920490265,0.006306515075266361,1.1519999504089355,-0.10233865678310394,-0.015073174610733986,1.0789999961853027,0.184028759598732,0.19015662372112274,1.2985000610351562,-0.22177128493785858,0.16025644540786743,1.1449999809265137,0.18352673947811127,0.30380886793136597,1.1990000009536743,-0.06575404107570648,0.2745625376701355,1.1419999599456787
0.04411569982767105,0.07692331820726395,0.9240000247955322,0.07037303596735,0.06283062696456909,0.9150000214576721,0.01526198722422123,0.058884020894765854,0.8999999761581421,0.17663875222206116,0.006317464634776115,1.1540000438690186,-0.10583535581827164,-0.013324836269021034,1.0789999961853027,0.1868494749069214,0.18877671658992767,1.3034999370574951,-0.22177128493785858,0.15654587745666504,1.1449999809265137,0.18322061002254486,0.2994230091571808,1.1970000267028809,-0.06945490092039108,0.2634600102901459,1.1419999599456787
0.04261850565671921,0.07692331820726395,0.9240000247955322,0.06885277479887009,0.061314500868320465,0.9144999980926514,0.01526198722422123,0.058884020894765854,0.8999999761581421,0.17476888000965118,0.004447601735591888,1.1540000438690186,-0.10743414610624313,-0.011560404673218727,1.0774999856948853,0.18523339927196503,0.1892835944890976,1.306999921798706,-0.2199159860610962,0.15840117633342743,1.1449999809265137,0.18260835111141205,0.2984224557876587,1.193000078201294,-0.06575404107570648,0.26160958409309387,1.1419999599456787
0.04259544238448143,0.07688169181346893,0.9235000014305115,0.06718680262565613,0.06262462586164474,0.9120000004768372,0.013788342475891113,0.058818597346544266,0.8989999890327454,0.17446596920490265,0.004439893178641796,1.1519999504089355,-0.10743414610624313,-0.011560404673218727,1.0774999856948853,0.18523339927196503,0.17234140634536743,1.306999921798706,-0.2199159860610962,0.16025644540786743,1.1449999809265137,0.1864744871854782,0.2964893877506256,1.193000078201294,-0.06373573839664459,0.2590768039226532,1.1389999389648438
0.04858098551630974,0.0798744410276413,0.9235000014305115,0.07162006199359894,0.06410237401723862,0.9120000004768372,0.02252846769988537,0.06464530527591705,0.8989999890327454,0.17289899289608002,0.006317464634776115,1.1540000438690186,-0.11092597991228104,-0.016798127442598343,1.0774999856948853,0.18523339927196503,0.18716582655906677,1.306999921798706,-0.21882246434688568,0.1626780480146408,1.1489999294281006,0.18600556254386902,0.299600213766098,1.190000057220459,-0.0635678693652153,0.2583944499492645,1.1360000371932983
0.04708459973335266,0.0798744410276413,0.9235000014305115,0.07162006199359894,0.06410237401723862,0.9120000004768372,0.019636910408735275,0.06471721827983856,0.8999999761581421,0.17259933054447174,0.006306515075266361,1.1519999504089355,-0.1091294065117836,-0.015045235864818096,1.0770000219345093,0.1855168640613556,0.18745224177837372,1.309000015258789,-0.21882246434688568,0.16453981399536133,1.1489999294281006,0.18600556254386902,0.29574382305145264,1.190000057220459,-0.05993916839361191,0.2623065412044525,1.1370000839233398
0.04259544238448143,0.08137082308530807,0.9235000014305115,0.06423129886388779,0.06558011472225189,0.9120000004768372,0.013803679496049881,0.06617551296949387,0.8999999761581421,0.1724495142698288,0.008166044019162655,1.1510000228881836,-0.1091294065117836,-0.011555041186511517,1.0770000219345093,0.1877812147140503,0.1897180676460266,1.309999942779541,-0.21901291608810425,0.1646830290555954,1.149999976158142,0.18600556254386902,0.2976720333099365,1.190000057220459,-0.05809684097766876,0.26046422123908997,1.1370000839233398
0.03981708735227585,0.08331586420536041,0.9285000562667847,0.06278795003890991,0.06561607122421265,0.9125000238418579,0.012345371767878532,0.06617551296949387,0.8999999761581421,0.17229969799518585,0.006295567378401756,1.1500000953674316,-0.1091294065117836,-0.015045235864818096,1.0770000219345093,0.18799623847007751,0.18993529677391052,1.3114999532699585,-0.21828247606754303,0.1674153208732605,1.1559998989105225,0.18584924936294556,0.2974218726158142,1.1890000104904175,-0.05441218614578247,0.26046422123908997,1.1370000839233398
0.03990285098552704,0.08349531888961792,0.9305000305175781,0.06130938604474068,0.06709462404251099,0.9125000238418579,0.013826685957610607,0.06774653494358063,0.9014999866485596,0.1721498668193817,0.006290092598646879,1.1490000486373901,-0.11087451130151749,-0.009809942916035652,1.0770000219345093,0.18821124732494354,0.19015254080295563,1.312999963760376,-0.21828247606754303,0.1674153208732605,1.1559998989105225,0.1856929361820221,0.30102163553237915,1.187999963760376,-0.05436432734131813,0.2583944499492645,1.1360000371932983
0.039859965443611145,0.08340558409690857,0.9294999837875366,0.06278795003890991,0.06561607122421265,0.9125000238418579,0.013803679496049881,0.06763380765914917,0.8999999761581421,0.1721498668193817,0.006290092598646879,1.1490000486373901,-0.10836944729089737,-0.01494046300649643,1.0694999694824219,0.18821124732494354,0.19015254080295563,1.312999963760376,-0.21453623473644257,0.16928842663764954,1.1559998989105225,0.1856929361820221,0.30102163553237915,1.187999963760376,-0.0506829097867012,0.26023513078689575,1.1360000371932983
0.035341646522283554,0.08340558409690857,0.9294999837875366,0.058512132614851,0.06727844476699829,0.9150000214576721,0.010881015099585056,0.06759623438119888,0.8995000123977661,0.1702881008386612,0.006290092598646879,1.1490000486373901,-0.10922734439373016,-0.00794503279030323,1.0609999895095825,0.18821124732494354,0.19228003919124603,1.312999963760376,-0.21472184360027313,0.16943490505218506,1.1570000648498535,0.1856929361820221,0.29909664392471313,1.187999963760376,-0.05252361670136452,0.26023513078689575,1.1360000371932983
0.039859965443611145,0.08340558409690857,0.9294999837875366,0.061510954052209854,0.06731520593166351,0.9155000448226929,0.013773005455732346,0.06748351454734802,0.8980000019073486,0.1721498668193817,0.01001361571252346,1.1490000486373901,-0.10907292366027832,-0.01308402605354786,1.059499979019165,0.18821124732494354,0.19228003919124603,1.312999963760376,-0.21321503818035126,0.16972778737545013,1.159000039100647,0.1856929361820221,0.2971717119216919,1.187999963760376,-0.05252361670136452,0.26023513078689575,1.1360000371932983
0.03684775158762932,0.08491168171167374,0.9294999837875366,0.058608051389455795,0.06738872826099396,0.9164999723434448,0.010862870141863823,0.06748351454734802,0.8980000019073486,0.17229969799518585,0.01188571285456419,1.1500000953674316,-0.11078967899084091,-0.00965054240077734,1.059499979019165,0.18799623847007751,0.19418542087078094,1.3114999532699585,-0.21349099278450012,0.16994744539260864,1.1605000495910645,0.18538032472133636,0.298593133687973,1.1859999895095825,-0.056205034255981445,0.263916552066803,1.1360000371932983
0.03845702111721039,0.08665021508932114,0.9320000410079956,0.061645328998565674,0.06894891709089279,0.9175000190734863,0.013773005455732346,0.06893857568502426,0.8980000019073486,0.17259933054447174,0.010039759799838066,1.1519999504089355,-0.10679887980222702,-0.014723935164511204,1.0540000200271606,0.1858711689710617,0.19631049036979675,1.3114999532699585,-0.2120664417743683,0.17219798266887665,1.1629999876022339,0.18682828545570374,0.30167156457901,1.183000087738037,-0.056205034255981445,0.26207584142684937,1.1360000371932983
0.03845702111721039,0.08816037327051163,0.9320000410079956,0.061578135937452316,0.06887376308441162,0.9164999723434448,0.012317938730120659,0.0703936368227005,0.8980000019073486,0.17259933054447174,0.010039759799838066,1.1519999504089355,-0.10679887980222702,-0.014723935164511204,1.0540000200271606,0.1858711689710617,0.19843557476997375,1.3114999532699585,-0.21243111789226532,0.1724940985441208,1.1649999618530273,0.18682828545570374,0.30167156457901,1.183000087738037,-0.05988645181059837,0.26023513078689575,1.1360000371932983
0.035341646522283554,0.08792388439178467,0.9294999837875366,0.058608051389455795,0.06887376308441162,0.9164999723434448,0.010862870141863823,0.0703936368227005,0.8980000019073486,0.17102912068367004,0.010057191364467144,1.1540000438690186,-0.10509103536605835,-0.014723935164511204,1.0540000200271606,0.18353591859340668,0.20033122599124908,1.309999942779541,-0.21620650589466095,0.17060643434524536,1.1649999618530273,0.18651241064071655,0.29924795031547546,1.180999994277954,-0.06342797726392746,0.252315878868103,1.133500099182129
0.0352846123278141,0.08778199553489685,0.9279999732971191,0.058608051389455795,0.07035880535840988,0.9164999723434448,0.010850774124264717,0.07031524181365967,0.8970000147819519,0.17289899289608002,0.011927054263651371,1.1540000438690186,-0.10573913156986237,-0.014814737252891064,1.0605000257492065,0.18304555118083954,0.19979600608348846,1.30649995803833,-0.21998190879821777,0.16683106124401093,1.1649999618530273,0.18635447323322296,0.2989945411682129,1.1799999475479126,-0.07055606693029404,0.24055089056491852,1.1299999952316284
0.03526560217142105,0.08773469924926758,0.9275000095367432,0.057123009115457535,0.07035880535840988,0.9164999723434448,0.009381611831486225,0.07019765675067902,0.8955000042915344,0.17289899289608002,0.0156667809933424,1.1540000438690186,-0.10573913156986237,-0.014814737252891064,1.0605000257492065,0.18431219458580017,0.20098569989204407,1.3004999160766602,-0.22308509051799774,0.16068381071090698,1.1614999771118164,0.19176490604877472,0.2984877824783325,1.1779999732971191,-0.0778110921382904,0.2330206036567688,1.128999948501587
0,0,0,0.05263914540410042,0.07328886538743973,0.9160000085830688,0,0,0,0.17304880917072296,0.013808872550725937,1.1549999713897705,-0.10299084335565567,-0.018070751801133156,1.0499999523162842,0.18381616473197937,0.1983432173728943,1.2969999313354492,-0.22684912383556366,0.1550377607345581,1.1614999771118164,0.1933448612689972,0.29798102378845215,1.1759999990463257,-0.08139766752719879,0.22002007067203522,1.128000020980835
