-0.29766833782196045,-0.225910946726799,1.3454999923706055,-0.2715279757976532,-0.26072755455970764,1.3564999103546143,-0.32501277327537537,-0.25275102257728577,1.315000057220459,-0.2449607253074646,-0.1271364539861679,1.5499999523162842,-0.4280678331851959,-0.10859914869070053,1.3240000009536743,-0.24660103023052216,0.08182962238788605,1.718999981880188,-0.3877702057361603,-0.015729743987321854,1.125999927520752,-0.2982524335384369,0.4723750650882721,2.7664999961853027,-0.36969977617263794,0.016237352043390274,1.06850004196167
-0.3050227463245392,-0.2292444109916687,1.3394999504089355,-0.2769943177700043,-0.26404857635498047,1.3510000705718994,-0.33239439129829407,-0.25613299012184143,1.3105000257492065,-0.2569369077682495,-0.12935522198677063,1.5464999675750732,-0.43253475427627563,-0.11237818747758865,1.3179999589920044,-0.25811734795570374,0.07636982202529907,1.7214999198913574,-0.38950735330581665,-0.022915242239832878,1.120500087738037,-0.3231548070907593,0.45530179142951965,2.8274998664855957,-0.3769401013851166,0.012726880609989166,1.064500093460083
-0.3103712201118469,-0.23271337151527405,1.3344999551773071,-0.2835615873336792,-0.26842671632766724,1.3510000705718994,-0.33484312891960144,-0.25898903608322144,1.3034999370574951,-0.2667014002799988,-0.13423657417297363,1.5449999570846558,-0.43844205141067505,-0.11438346654176712,1.316499948501587,-0.26718220114707947,0.07097607105970383,1.7260000705718994,-0.39680665731430054,-0.011968103237450123,1.1154999732971191,-0.34768253564834595,0.4604184031486511,2.9179999828338623,-0.3732220232486725,0.014309174381196499,1.0540000200271606
-0.3137526214122772,-0.23848338425159454,1.3304998874664307,-0.28793975710868835,-0.272804856300354,1.3510000705718994,-0.33750665187835693,-0.26410406827926636,1.2975000143051147,-0.2738566994667053,-0.14406350255012512,1.5429999828338623,-0.44348999857902527,-0.12041598558425903,1.3125,-0.2755723297595978,0.0625859946012497,1.7260000705718994,-0.4029335677623749,0.015035492368042469,1.1074999570846558,-0.37030133605003357,0.45552122592926025,2.947499990463257,-0.3167698085308075,0.009642929770052433,0.9329999685287476
-0.3186558485031128,-0.24589958786964417,1.3240000009536743,-0.2966960668563843,-0.28156113624572754,1.3510000705718994,-0.347079873085022,-0.26968178153038025,1.2940000295639038,-0.2832135856151581,-0.15122023224830627,1.5394999980926514,-0.45118248462677,-0.1259748786687851,1.303999900817871,-0.2867591977119446,0.056992609053850174,1.7260000705718994,-0.4029335677623749,-0.00829323660582304,1.1074999570846558,-0.38940516114234924,0.45552122592926025,2.947499990463257,-0.3303758203983307,0.003595850896090269,0.9329999685287476
-0.31922629475593567,-0.24469240009784698,1.317500114440918,-0.2982214391231537,-0.28530433773994446,1.3480000495910645,-0.34640932083129883,-0.27334609627723694,1.2915000915527344,-0.28515133261680603,-0.15341518819332123,1.5364999771118164,-0.4508620798587799,-0.1252986341714859,1.2969999313354492,-0.2867591977119446,0.05419591814279556,1.7260000705718994,-0.3958870768547058,0.02723579853773117,1.0929999351501465,-0.3999985158443451,0.4622439444065094,2.990999937057495,-0.2748793363571167,0.000499008980114013,0.8134999871253967
-0.3183782398700714,-0.24617145955562592,1.3140000104904175,-0.29766833782196045,-0.2847751975059509,1.3454999923706055,-0.34782734513282776,-0.27490556240081787,1.2890000343322754,-0.2845017910003662,-0.15554969012737274,1.5329999923706055,-0.448428750038147,-0.13089308142662048,1.2899999618530273,-0.2923526167869568,0.05139922350645065,1.7260000705718994,-0.39027294516563416,-0.015052219852805138,1.0774999856948853,-0.4056571424007416,0.4486027956008911,2.996999979019165,-0.2835703492164612,-0.009934968315064907,0.8044999837875366
-0.31965363025665283,-0.24763919413089752,1.310499906539917,-0.29689404368400574,-0.2862088978290558,1.3420000076293945,-0.34506818652153015,-0.27645695209503174,1.2864999771118164,-0.2866113781929016,-0.1578274816274643,1.531000018119812,-0.44132113456726074,-0.13418354094028473,1.2815001010894775,-0.2923526167869568,0.05419591814279556,1.7260000705718994,-0.3885270357131958,-0.05171628296375275,1.0774999856948853,-0.4024726152420044,0.46510303020477295,3.009500026702881,-0.28569433093070984,-0.01375958789139986,0.7994999885559082
-0.31692445278167725,-0.24928617477416992,1.3079999685287476,-0.29611971974372864,-0.2876312732696533,1.3385000228881836,-0.34372711181640625,-0.27538251876831055,1.2815001010894775,-0.2866113781929016,-0.1578274816274643,1.531000018119812,-0.440115749835968,-0.13381704688072205,1.277999997138977,-0.2926913797855377,0.05985858291387558,1.7280000448226929,-0.38154336810112,-0.0534621886909008,1.0774999856948853,-0.3984549641609192,0.4709945023059845,3.0160000324249268,-0.2805742621421814,-0.012409567832946777,0.7960000038146973
-0.31692445278167725,-0.24928617477416992,1.3079999685287476,-0.2952347993850708,-0.286771684885025,1.3344999551773071,-0.3430565297603607,-0.2769176959991455,1.2790000438690186,-0.2866113781929016,-0.1578274816274643,1.531000018119812,-0.44218653440475464,-0.13381704688072205,1.277999997138977,-0.2926913797855377,0.05985858291387558,1.7280000448226929,-0.3898647725582123,-0.049276236444711685,1.1010000705718994,-0.4019559621810913,0.47513288259506226,3.0425000190734863,-0.2789336144924164,-0.005953158717602491,0.7950000166893005
-0.3145643174648285,-0.2512133717536926,1.306999921798706,-0.2949029207229614,-0.28860926628112793,1.3329999446868896,-0.34071749448776245,-0.2746303677558899,1.277999997138977,-0.2888088822364807,-0.1601511538028717,1.5295000076293945,-0.4397713541984558,-0.1295740008354187,1.2769999504089355,-0.28989142179489136,0.05705864727497101,1.7280000448226929,-0.3882569968700409,-0.04572901874780655,1.1015000343322754,-0.3987877368927002,0.4772411286830902,3.055999994277954,-0.2784073054790497,-0.005941926036030054,0.7935000061988831
-0.31432366371154785,-0.2510211765766144,1.305999994277954,-0.2927430272102356,-0.2864493429660797,1.3329999446868896,-0.34045085310935974,-0.2764846384525299,1.2769999504089355,-0.2838522493839264,-0.1601511538028717,1.5295000076293945,-0.4377021789550781,-0.1316431611776352,1.2769999504089355,-0.2867591977119446,0.05419591814279556,1.7260000705718994,-0.3843669891357422,-0.04370485246181488,1.0954999923706055,-0.38888418674468994,0.4772411286830902,3.055999994277954,-0.27805647253990173,-0.004650325048714876,0.7925000190734863
-0.3097352087497711,-0.2507328391075134,1.3044999837875366,-0.2905831038951874,-0.2864493429660797,1.3329999446868896,-0.33838167786598206,-0.2764846384525299,1.2769999504089355,-0.28109797835350037,-0.15999408066272736,1.527999997138977,-0.43356382846832275,-0.13371233642101288,1.2769999504089355,-0.28363341093063354,0.05413311719894409,1.7239999771118164,-0.3839888870716095,-0.036738209426403046,1.0994999408721924,-0.38060319423675537,0.47310274839401245,3.0295000076293945,-0.27455008029937744,-0.0072276596911251545,0.7935000061988831
-0.305156409740448,-0.24833324551582336,1.3029999732971191,-0.2832508683204651,-0.2855898141860962,1.3289999961853027,-0.332174152135849,-0.2764846384525299,1.2769999504089355,-0.2761462330818176,-0.15999408066272736,1.527999997138977,-0.43149465322494507,-0.1316431611776352,1.2769999504089355,-0.2776432931423187,0.05684401094913483,1.7214999198913574,-0.38220730423927307,-0.018922658637166023,1.0994999408721924,-0.36096787452697754,0.47801151871681213,3.0295000076293945,-0.2655499279499054,-0.0072276596911251545,0.7935000061988831
-0.30070286989212036,-0.24814267456531525,1.3020000457763672,-0.2789439857006073,-0.2855898141860962,1.3289999961853027,-0.32803580164909363,-0.2744154632091522,1.2769999504089355,-0.2711944580078125,-0.1550423502922058,1.527999997138977,-0.42702168226242065,-0.12740500271320343,1.2760000228881836,-0.26966607570648193,0.05972002074122429,1.7239999771118164,-0.3786441683769226,0.011363773606717587,1.0994999408721924,-0.3492700755596161,0.4821928143501282,3.055999994277954,-0.2604069411754608,-0.0020847260020673275,0.7935000061988831
-0.29414770007133484,-0.24373598396778107,1.3009999990463257,-0.2724836766719818,-0.2812829613685608,1.3289999961853027,-0.32326334714889526,-0.27181312441825867,1.2744998931884766,-0.26316264271736145,-0.15468721091747284,1.5245000123977661,-0.42238935828208923,-0.12725521624088287,1.2744998931884766,-0.26090678572654724,0.06242281571030617,1.7214999198913574,-0.3715178966522217,0.027397768571972847,1.0994999408721924,-0.3393665552139282,0.5019997954368591,3.055999994277954,-0.25397825241088867,0.00048674081335775554,0.7935000061988831
-0.2857154607772827,-0.24162791669368744,1.3009999990463257,-0.2628771960735321,-0.27807939052581787,1.3240000009536743,-0.31500282883644104,-0.2697480022907257,1.2744998931884766,-0.2530325949192047,-0.15206724405288696,1.5230000019073486,-0.41206374764442444,-0.12312498688697815,1.2744998931884766,-0.24660103023052216,0.0595468170940876,1.718999981880188,-0.3661732077598572,0.01848999410867691,1.0994999408721924,-0.3195594847202301,0.5069515109062195,3.055999994277954,-0.25510314106941223,0.0030562805477529764,0.7929999828338623
-0.26674285531044006,-0.23530375957489014,1.3009999990463257,-0.24356921017169952,-0.2694981098175049,1.3240000009536743,-0.29492896795272827,-0.26200050115585327,1.2769999504089355,-0.23082256317138672,-0.1446639448404312,1.5230000019073486,-0.3893473744392395,-0.11692964285612106,1.2744998931884766,-0.22464433312416077,0.07358042150735855,1.7214999198913574,-0.30738794803619385,0.0021131199318915606,0.9459999799728394,-0.2744086682796478,0.5206968188285828,3.049499988555908,-0.23839901387691498,0.010765819810330868,0.7929999828338623
-0.2540944814682007,-0.23108766973018646,1.3009999990463257,-0.23069719970226288,-0.2652074694633484,1.3240000009536743,-0.28251391649246216,-0.2578621804714203,1.2769999504089355,-0.21848364174365997,-0.13972841203212738,1.5230000019073486,-0.37695661187171936,-0.1148645356297493,1.2744998931884766,-0.2079077959060669,0.07915922999382019,1.7214999198913574,-0.2479109764099121,-0.002109684981405735,0.8029999732971191,-0.24476130306720734,0.5305792689323425,3.049499988555908,-0.23839901387691498,0.010765819810330868,0.7929999828338623
-0.2416316717863083,-0.22493627667427063,1.3020000457763672,-0.21782520413398743,-0.25877150893211365,1.3240000009536743,-0.27009886503219604,-0.2516546845436096,1.2769999504089355,-0.20641545951366425,-0.1300278753042221,1.524999976158142,-0.36250072717666626,-0.11073431372642517,1.2744998931884766,-0.1878894567489624,0.08729863166809082,1.7170000076293945,-0.2374648153781891,0.0315418504178524,0.7985000014305115,-0.21465538442134857,0.5393096804618835,3.0429999828338623,-0.2294044941663742,0.009480897337198257,0.7929999828338623
