0.08897442370653152,0.05996003746986389,0.9900000095367432,0.13230696320533752,0.03397449851036072,1.0820000171661377,0.05560251325368881,0.0244842991232872,0.8695000410079956,0.1645350307226181,0.035638682544231415,1.1349999904632568,-0.09574258327484131,0.04888831824064255,1.0269999504089355,0.13270582258701324,0.1917603462934494,1.1790000200271606,-0.18870092928409576,0.27362093329429626,1.0729999542236328,0.15486834943294525,0.31245309114456177,1.1589999198913574,-0.1176481544971466,0.37528499960899353,1.000999927520752
0.07778472453355789,0.05999032035470009,0.9904999732971191,0.12178770452737808,0.039234090596437454,1.0820000171661377,0.04725763946771622,0.02312849648296833,0.8715000152587891,0.13903237879276276,0.039386119693517685,1.1370000839233398,-0.10728666186332703,0.0488407164812088,1.0260000228881836,0.11551237106323242,0.1917603462934494,1.1790000200271606,-0.20040330290794373,0.27992165088653564,1.0704998970031738,0.1436004787683487,0.31808698177337646,1.1589999198913574,0,0,0
0.06972476840019226,0.05675178021192551,0.9900000095367432,0.10776202380657196,0.03397449851036072,1.0820000171661377,0.0374799482524395,0.024611013010144234,0.8740000128746033,0.13546673953533173,0.039420757442712784,1.1380000114440918,-0.11886600404977798,0.053801871836185455,1.0255000591278076,0.1088772714138031,0.199334055185318,1.190000057220459,-0.21021999418735504,0.2895154356956482,1.0674999952316284,0.1336316168308258,0.3167147636413574,1.1540000438690186,0,0,0
0.060342758893966675,0.05859168991446495,0.9940000176429749,0.10051638633012772,0.03564514219760895,1.0794999599456787,0.030486008152365685,0.024681411683559418,0.8765000104904175,0.12809094786643982,0.03573288023471832,1.1380000114440918,-0.12864750623703003,0.052063945680856705,1.0239999294281006,0.1010708436369896,0.2089107185602188,1.2119998931884766,-0.21399663388729095,0.2927720844745636,1.0605000257492065,0.11493287980556488,0.31484487652778625,1.1540000438690186,0,0,0
0.052289657294750214,0.05859168991446495,0.9940000176429749,0.09123062342405319,0.03789657726883888,1.093999981880188,0.024847539141774178,0.024723650887608528,0.878000020980835,0.11368793249130249,0.04139160364866257,1.1414999961853027,-0.13342948257923126,0.05033089965581894,1.0225000381469727,0.09659284353256226,0.20204834640026093,1.2300000190734863,-0.21930807828903198,0.2958201766014099,1.0529999732971191,0.11138583719730377,0.3135174512863159,1.156000018119812,0,0,0
0.04423655942082405,0.05698108300566673,0.9940000176429749,0.08059469610452652,0.03789657726883888,1.093999981880188,0.017734237015247345,0.024723650887608528,0.878000020980835,0.10856536775827408,0.0415547750890255,1.1459999084472656,-0.1433001607656479,0.04865030199289322,1.0219999551773071,0.08747288584709167,0.20401954650878906,1.2419999837875366,-0.22240327298641205,0.29369503259658813,1.0515000820159912,0.10567498952150345,0.3151176869869232,1.1549999713897705,0,0,0
0.04118036851286888,0.06044456362724304,0.9980000257492065,0.07775384187698364,0.040974605828523636,1.1299999952316284,0.014905874617397785,0.027600353583693504,0.8790000081062317,0.10485154390335083,0.03412717208266258,1.1459999084472656,-0.1463969498872757,0.04692535102367401,1.0204999446868896,0.08428779989480972,0.20404015481472015,1.254499912261963,-0.22250854969024658,0.28652527928352356,1.0439999103546143,0.09631752222776413,0.3151176869869232,1.1549999713897705,0,0,0
0.03665668144822121,0.06098965182900429,1.0069999694824219,0.07343687862157822,0.037861935794353485,1.0929999351501465,0.010675370693206787,0.02771025151014328,0.8824999928474426,0.09185315668582916,0.03784097358584404,1.1459999084472656,-0.15256138145923615,0.046787407249212265,1.0175000429153442,0.0750695988535881,0.21075978875160217,1.2704999446868896,-0.2250765860080719,0.2867151200771332,1.0325000286102295,0.08696003258228302,0.3095032274723053,1.1549999713897705,0,0,0
0.035459768027067184,0.06339865177869797,1.0195000171661377,0.06989481300115585,0.03963295742869377,1.0929999351501465,0.010711660608649254,0.027804449200630188,0.8854999542236328,0.08032433688640594,0.03765936568379402,1.1404999494552612,-0.1591561883687973,0.043490029871463776,1.0175000429153442,0.07165038585662842,0.21491225063800812,1.2829999923706055,-0.23072844743728638,0.28007572889328003,1.0204999446868896,0.08718590438365936,0.3196888864040375,1.1579999923706055,0,0,0
0.03380782902240753,0.06009479612112045,1.0195000171661377,0.06831076741218567,0.041517626494169235,1.0959999561309814,0.009287324734032154,0.029272273182868958,0.8865000009536743,0.06743671745061874,0.03396112099289894,1.028499960899353,-0.16205443441867828,0.048317085951566696,1.0150001049041748,0.06564312428236008,0.21149370074272156,1.287500023841858,-0.23630303144454956,0.2801893949508667,1.0090000629425049,0.08545690029859543,0.3146022856235504,1.1600000858306885,0,0,0
0.0340731143951416,0.06223124638199806,1.0274999141693115,0.0665348693728447,0.041517626494169235,1.0959999561309814,0.009292563423514366,0.02928878366947174,0.8870000243186951,0.0583522655069828,0.03160934895277023,0.9125000238418579,-0.1650993525981903,0.041676852852106094,1.0134999752044678,0.06372971087694168,0.21834416687488556,1.2910000085830688,-0.2344006896018982,0.2792452573776245,0.9939999580383301,0.0818033516407013,0.31500908732414246,1.1614999771118164,0,0,0
0.036016274243593216,0.06103792414069176,1.0355000495910645,0.059441179037094116,0.036478277295827866,1.00600004196167,0.009297801181674004,0.029305296018719673,0.8875000476837158,0.057520944625139236,0.03115902468562126,0.8995000123977661,-0.16501791775226593,0.044939085841178894,1.0130000114440918,0.057520877569913864,0.22906926274299622,1.2925000190734863,-0.23339954018592834,0.27296942472457886,0.9829999804496765,0.07820726186037064,0.3175731599330902,1.1640000343322754,0,0,0
0.03488557040691376,0.06030593439936638,1.0520000457763672,0.0541907362639904,0.03113790787756443,0.9430000185966492,0.010753999464213848,0.029354823753237724,0.8889999985694885,0.051690950989723206,0.038446467369794846,0.8995000123977661,-0.16813459992408752,0.04161517322063446,1.0120000839233398,0.055533792823553085,0.21902069449424744,1.2950000762939453,-0.23307988047599792,0.2723277807235718,0.9750000238418579,0.07462695240974426,0.3051551878452301,1.1670000553131104,0,0,0
0.036955371499061584,0.060907844454050064,1.0625,0.05375974252820015,0.03240608051419258,0.9355000257492065,0.012256210669875145,0.028055649250745773,0.8934999704360962,0.054393474012613297,0.02958596497774124,0.8960000276565552,-0.16813459992408752,0.043254952877759933,1.0120000839233398,0.055533792823553085,0.2169223576784134,1.2950000762939453,-0.2327342927455902,0.27009329199790955,0.9670000076293945,0.07475484162569046,0.30757227540016174,1.1689999103546143,0,0,0
0.037651002407073975,0.06030033528804779,1.0824999809265137,0.05288255959749222,0.02665255032479763,0.8949999809265137,0.010874968022108078,0.02822834998369217,0.8990000486373901,0.052853018045425415,0.02953643538057804,0.8945000171661377,-0.1663302779197693,0.04648851975798607,1.0110000371932983,0.055683884769678116,0.21750862896442413,1.2985000610351562,-0.2291257083415985,0.27266189455986023,0.9650000333786011,0.07684572786092758,0.3102606534957886,1.1719999313354492,0,0,0
0.03791186586022377,0.058951959013938904,1.090000033378601,0.054302413016557693,0.025188274681568146,0.8945000171661377,0.010899160988628864,0.02683122642338276,0.9010000228881836,0.04995422810316086,0.033884596079587936,0.8945000171661377,-0.1695227175951004,0.044828176498413086,1.0104999542236328,0.053579870611429214,0.22171662747859955,1.2985000610351562,-0.22673669457435608,0.268557071685791,0.9614999890327454,0.07874476164579391,0.3102606534957886,1.1719999313354492,0,0,0
0.0416153147816658,0.057421889156103134,1.0945000648498535,0.05575181171298027,0.025188274681568146,0.8945000171661377,0.013826685957610607,0.02684611640870571,0.9014999866485596,0.047108035534620285,0.033922478556632996,0.8955000042915344,-0.16616575419902802,0.04316946491599083,1.0099999904632568,0.0513371117413044,0.22531569004058838,1.2950000762939453,-0.224476158618927,0.2661660313606262,0.9585000276565552,0.07874476164579391,0.31405869126319885,1.1719999313354492,0,0,0
0.04171036556363106,0.05933054909110069,1.097000002861023,0.05575181171298027,0.02953643538057804,0.8945000171661377,0.015295903198421001,0.026861006394028664,0.9020000100135803,0.047108035534620285,0.03102046251296997,0.8955000042915344,-0.16780230402946472,0.046442534774541855,1.0099999904632568,0.0513371117413044,0.2085290551185608,1.2950000762939453,-0.2223416268825531,0.26547178626060486,0.9559999704360962,0.07874476164579391,0.3045635521411896,1.1719999313354492,0,0,0
0.04540981352329254,0.061303019523620605,1.1004999876022339,0.05726515129208565,0.03102046251296997,0.8955000042915344,0.0167667418718338,0.028338247910141945,0.9025000333786011,0.050317224115133286,0.02829114720225334,0.9010000228881836,-0.16780230402946472,0.04316946491599083,1.0099999904632568,0.0491437092423439,0.19974935054779053,1.2925000190734863,-0.22009970247745514,0.2677270770072937,0.9529999494552612,0.07887914776802063,0.305083304643631,1.1740000247955322,0,0,0
0.04917645826935768,0.06334415823221207,1.1050000190734863,0.060167182236909866,0.028118448331952095,0.8955000042915344,0.021177254617214203,0.029833612963557243,0.903499960899353,0.040387000888586044,0.034377049654722214,0.9075000286102295,-0.16616575419902802,0.046442534774541855,1.0099999904632568,0.0491437092423439,0.20184363424777985,1.2925000190734863,-0.2177528440952301,0.26674383878707886,0.9494999647140503,0.07737027853727341,0.30090653896331787,1.1800000667572021,0,0,0
