0.1924448162317276,0.02604452706873417,1.2985000610351562,0.2281985878944397,-0.001319571165367961,1.310499906539917,0.16713224351406097,-0.0076165576465427876,1.2979999780654907,0.33883601427078247,0.19086778163909912,1.4474999904632568,0.05077866464853287,0.13282036781311035,1.3355000019073486,0.3870556950569153,0.4515673816204071,1.5364999771118164,-0.020350858569145203,0.17080092430114746,0.8084999918937683,0,0,0,-0.00570523040369153,0.23324105143547058,0.7764999866485596
0.1707446575164795,0.03432783484458923,1.2934999465942383,0.2053847312927246,0.007119464222341776,1.3004999160766602,0.14559370279312134,0.0028893451672047377,1.2934999465942383,0.3230806589126587,0.19454538822174072,1.440000057220459,0.03346692770719528,0.13714827597141266,1.3355000019073486,0.371270090341568,0.4480547606945038,1.5329999923706055,-0.030945630744099617,0.174064502120018,0.8114999532699585,0,0,0,-0.029610946774482727,0.2344992309808731,0.7764999866485596
0.15129435062408447,0.03837073966860771,1.2885000705718994,0.18367443978786469,0.013394680805504322,1.2960000038146973,0.12405645847320557,0.007048297673463821,1.287500023841858,0.3011370003223419,0.19858941435813904,1.4355000257492065,0.016106806695461273,0.14536738395690918,1.3315000534057617,0.3559012711048126,0.4573931097984314,1.531000018119812,-0.056411318480968475,0.1967858523130417,0.8184999823570251,0,0,0,-0.04345110058784485,0.23575741052627563,0.7764999866485596
0.12807944416999817,0.04454753175377846,1.2860000133514404,0.16032704710960388,0.015470720827579498,1.2940000295639038,0.10319454967975616,0.013306830078363419,1.287500023841858,0.27671554684638977,0.19775936007499695,1.4294999837875366,0.0010044079972431064,0.14968232810497284,1.3315000534057617,0.3374304473400116,0.46331724524497986,1.5260000228881836,-0.08293631672859192,0.22198444604873657,0.8184999823570251,0.17690975964069366,0.36881157755851746,0.9794999957084656,-0.04848388209939003,0.2508556842803955,0.7764999866485596
0.1030743196606636,0.048715025186538696,1.2860000133514404,0.13710398972034454,0.021735623478889465,1.2925000190734863,0.07816026359796524,0.015393008477985859,1.287500023841858,0.25302064418792725,0.20196713507175446,1.4264999628067017,-0.022727932780981064,0.15615475177764893,1.3315000534057617,0.30992645025253296,0.46533203125,1.5245000123977661,-0.09885131567716599,0.23524685204029083,0.8184999823570251,0.1949329525232315,0.45345377922058105,1.2094999551773071,-0.058926455676555634,0.2626012861728668,0.781499981880188
0.07586726546287537,0.05280027166008949,1.2839999198913574,0.109665647149086,0.023783808574080467,1.2899999618530273,0.05306408181786537,0.019542567431926727,1.2860000133514404,0.2211746722459793,0.19575341045856476,1.4149999618530273,-0.05077524483203888,0.16262716054916382,1.3315000534057617,0.2802838981151581,0.46533203125,1.5245000123977661,-0.12444154173135757,0.2625860273838043,0.9084999561309814,0.18589113652706146,0.5130867958068848,1.374500036239624,-0.06954613327980042,0.28247296810150146,0.8170000314712524
0.04670359566807747,0.050680264830589294,1.2829999923706055,0.0802464559674263,0.025823894888162613,1.287500023841858,0.023826422169804573,0.021567456424236298,1.2825000286102295,0.19096273183822632,0.1953383833169937,1.4119999408721924,-0.07905935496091843,0.16527967154979706,1.3355000019073486,0.2463667243719101,0.4622519910335541,1.4984999895095825,-0.15756505727767944,0.2930118441581726,0.996999979019165,0.12699298560619354,0.5068811178207397,1.3880000114440918,-0.08709362894296646,0.29798275232315063,0.8460000157356262
0.015520114451646805,0.05275915190577507,1.2829999923706055,0.04889656603336334,0.025793807581067085,1.2860000133514404,-0.007344909943640232,0.02364553138613701,1.2825000286102295,0.1543559730052948,0.1976262778043747,1.4119999408721924,-0.11214513331651688,0.1705600768327713,1.343000054359436,0.21114638447761536,0.4543858766555786,1.4730000495910645,-0.1884172111749649,0.3207847774028778,1.0915000438690186,0.06786847114562988,0.5191149115562439,1.4214999675750732,-0.10727038234472275,0.3074781894683838,0.8650000095367432
-0.0198211669921875,0.05275915190577507,1.2829999923706055,0.013472644612193108,0.027877556160092354,1.2860000133514404,-0.04267241805791855,0.02364553138613701,1.2825000286102295,0.11317335069179535,0.19305045902729034,1.4119999408721924,-0.14751018583774567,0.16901087760925293,1.3480000495910645,0.1793847680091858,0.4382728338241577,1.4670000076293945,-0.23112262785434723,0.3597256541252136,1.2239999771118164,0.051745254546403885,0.5075984001159668,1.4214999675750732,-0.13032987713813782,0.3244130313396454,0.9085000157356262
-0.057285964488983154,0.054880786687135696,1.284000039100647,-0.024063069373369217,0.029996251687407494,1.287500023841858,-0.08029655367136002,0.023710060864686966,1.2860000133514404,0.07656658440828323,0.1953383833169937,1.4119999408721924,-0.1851898431777954,0.17827512323856354,1.3519999980926514,0.13422097265720367,0.4382728338241577,1.4670000076293945,-0.27191266417503357,0.3828381896018982,1.2955000400543213,0.0033756152261048555,0.5052950978279114,1.4214999675750732,-0.1574430614709854,0.34199196100234985,0.9665000438690186
-0.09473530948162079,0.054880786687135696,1.284000039100647,-0.0616144984960556,0.027910074219107628,1.287500023841858,-0.11780422925949097,0.025793807581067085,1.2860000133514404,0.03764522448182106,0.19520005583763123,1.4110000133514404,-0.22374792397022247,0.1793299913406372,1.3599998950958252,0.1033194288611412,0.43351879715919495,1.4670000076293945,-0.29922276735305786,0.3874402344226837,1.3329999446868896,-0.036610543727874756,0.4879586100578308,1.366499900817871,-0.18424808979034424,0.3590938448905945,1.0195000171661377
-0.13020546734333038,0.05700565502047539,1.2850000858306885,-0.09707973897457123,0.029996251687407494,1.287500023841858,-0.15322814881801605,0.025793807581067085,1.2860000133514404,-0.001225821441039443,0.1958225965499878,1.4155000448226929,-0.2602444589138031,0.17797289788722992,1.366499900817871,0.060532666742801666,0.43114179372787476,1.4670000076293945,-0.33050796389579773,0.3872479498386383,1.3550000190734863,-0.0752350315451622,0.48228123784065247,1.344499945640564,-0.20493482053279877,0.37582457065582275,1.0670000314712524
-0.16560184955596924,0.05492353066802025,1.2850000858306885,-0.1326994001865387,0.027942590415477753,1.2890000343322754,-0.18887212872505188,0.023737717419862747,1.287500023841858,-0.03569266200065613,0.18697790801525116,1.4179999828338623,-0.2999567687511444,0.17475102841854095,1.375999927520752,0.022499999031424522,0.43114179372787476,1.4670000076293945,-0.364997923374176,0.3917580842971802,1.3945000171661377,-0.1231631264090538,0.48881685733795166,1.344499945640564,-0.23253323137760162,0.3914506435394287,1.1165000200271606
-0.19721688330173492,0.05294420197606087,1.287500023841858,-0.16879317164421082,0.025944236665964127,1.2934999465942383,-0.22225116193294525,0.023737717419862747,1.287500023841858,-0.07020682096481323,0.18481051921844482,1.4190000295639038,-0.33345746994018555,0.1737125664949417,1.3854999542236328,-0.013155629858374596,0.4168796241283417,1.4670000076293945,-0.3898531496524811,0.38046029210090637,1.3945000171661377,-0.12969878315925598,0.4866383373737335,1.344499945640564,-0.2618480324745178,0.3995303213596344,1.1665000915527344
-0.23104366660118103,0.046776317059993744,1.2899999618530273,-0.199055016040802,0.019747719168663025,1.2994999885559082,-0.2577163875102997,0.019565362483263016,1.287500023841858,-0.10261300951242447,0.17368066310882568,1.4219999313354492,-0.371243417263031,0.17007757723331451,1.3924999237060547,-0.044147271662950516,0.40344080328941345,1.4700000286102295,-0.4182783365249634,0.37183433771133423,1.4220000505447388,-0.15801993012428284,0.484459787607193,1.344499945640564,-0.29194074869155884,0.405629426240921,1.2130000591278076
-0.2590174973011017,0.04272794350981712,1.2940000295639038,-0.23134945333003998,0.013472195714712143,1.3034999370574951,-0.2864961326122284,0.015482677146792412,1.2950000762939453,-0.12618446350097656,0.16515816748142242,1.4279999732971191,-0.4067605137825012,0.16353897750377655,1.4140000343322754,-0.07749390602111816,0.3891494870185852,1.4700000286102295,-0.4422571361064911,0.3652954399585724,1.4325000047683716,-0.18628562986850739,0.4922484755516052,1.3599998950958252,-0.3245472311973572,0.4218757748603821,1.2554999589920044
-0.2864961326122284,0.036465976387262344,1.2950000762939453,-0.2642670273780823,0.00944309588521719,1.3309999704360962,-0.317946195602417,0.0071358876302838326,1.3034999370574951,-0.15073461830615997,0.15737669169902802,1.441499948501587,-0.43711692094802856,0.15704916417598724,1.438499927520752,-0.10755603760480881,0.3800857365131378,1.4904999732971191,-0.4656516909599304,0.35504794120788574,1.4474999904632568,-0.20698866248130798,0.495194673538208,1.3804999589920044,-0.3445892035961151,0.43737688660621643,1.2769999504089355
-0.3104146122932434,0.030252531170845032,1.2985000610351562,-0.2912025451660156,-0.0013653861824423075,1.3559999465942383,-0.3411794602870941,0.0007995798368938267,1.3034999370574951,-0.17372211813926697,0.14500343799591064,1.4579999446868896,-0.46516916155815125,0.1531819999217987,1.4459999799728394,-0.13111375272274017,0.3658478260040283,1.5115000009536743,-0.49211233854293823,0.3559240698814392,1.4704999923706055,-0.21146243810653687,0.48848408460617065,1.3804999589920044,-0.3700007498264313,0.44302821159362793,1.2934999465942383
-0.32812878489494324,0.021895382553339005,1.3020000457763672,-0.3113212287425995,-0.010165298357605934,1.3574999570846558,-0.3587631583213806,-0.005547347478568554,1.305999994277954,-0.19466955959796906,0.12983205914497375,1.4735000133514404,-0.48726508021354675,0.14645621180534363,1.4490000009536743,-0.15609456598758698,0.3578903079032898,1.5404999256134033,-0.5108810663223267,0.36076492071151733,1.4904999732971191,-0.22094160318374634,0.49522972106933594,1.4124999046325684,-0.40737131237983704,0.45672833919525146,1.3334999084472656
-0.33984771370887756,0.0177371297031641,1.30649995803833,-0.3260727822780609,-0.019054504111409187,1.3639999628067017,-0.3738623559474945,-0.014022690244019032,1.306999921798706,-0.21055518090724945,0.11877436190843582,1.4844999313354492,-0.5047430992126465,0.13264310359954834,1.4520000219345093,-0.18168936669826508,0.3565433919429779,1.5674999952316284,-0.532514214515686,0.35748690366744995,1.496999979019165,-0.22453923523426056,0.5032936334609985,1.435499906539917,-0.4340514838695526,0.4734577238559723,1.3629999160766602
