-0.11707024276256561,-0.1277931183576584,1.3009999990463257,-0.10832002013921738,-0.15385986864566803,1.2725000381469727,0,0,0,0.12753166258335114,-0.05730991065502167,1.2804999351501465,-0.04368723928928375,-0.13535432517528534,1.312999963760376,0.14824481308460236,0.17704494297504425,1.3765000104904175,-0.08317137509584427,-0.034222472459077835,1.4444999694824219,-0.07311840355396271,0.14468443393707275,1.3870000839233398,-0.16645006835460663,0.05175892636179924,1.5674999952316284
-0.11716023087501526,-0.12578168511390686,1.3020000457763672,-0.10810720175504684,-0.15149976313114166,1.2699999809265137,0,0,0,0.12753166258335114,-0.05730991065502167,1.2804999351501465,-0.04155972972512245,-0.13535432517528534,1.312999963760376,0.14808326959609985,0.1768520027399063,1.375,-0.08551196753978729,-0.0318819023668766,1.4444999694824219,-0.0753658264875412,0.14468443393707275,1.3870000839233398,-0.16719338297843933,0.05199006572365761,1.5744999647140503
-0.11716023087501526,-0.12578168511390686,1.3020000457763672,-0.11007830500602722,-0.15343667566776276,1.2690000534057617,0,0,0,0.1254568099975586,-0.05730991065502167,1.2804999351501465,-0.04368723928928375,-0.13322682678699493,1.312999963760376,0.14585530757904053,0.1768520027399063,1.375,-0.08803500235080719,-0.03429354727268219,1.4474999904632568,-0.07306568324565887,0.14458011090755463,1.3860000371932983,-0.1670340895652771,0.05194053426384926,1.5729999542236328
-0.11707024276256561,-0.1277931183576584,1.3009999990463257,-0.10986144095659256,-0.15313439071178436,1.2664999961853027,0,0,0,0.1254568099975586,-0.05730991065502167,1.2804999351501465,-0.04368723928928375,-0.13535432517528534,1.312999963760376,0.14585530757904053,0.1768520027399063,1.375,-0.09056776762008667,-0.034364622086286545,1.4505000114440918,-0.07522998005151749,0.1466670036315918,1.3845000267028809,-0.16996021568775177,0.05205610394477844,1.5764999389648438
-0.11926991492509842,-0.12578168511390686,1.3020000457763672,-0.10973132401704788,-0.15090331435203552,1.2649999856948853,0,0,0,0.12530985474586487,-0.057242780923843384,1.2790000438690186,-0.04368723928928375,-0.13109934329986572,1.312999963760376,0.14585530757904053,0.1768520027399063,1.375,-0.0906614288687706,-0.032047439366579056,1.4520000219345093,-0.07514847069978714,0.1465080976486206,1.3830000162124634,-0.17289769649505615,0.05473180487751961,1.5800000429153442
-0.11716023087501526,-0.12578168511390686,1.3020000457763672,-0.10759645700454712,-0.15078401565551758,1.2639999389648438,0,0,0,0.1254568099975586,-0.05730991065502167,1.2804999351501465,-0.04584963992238045,-0.13332830369472504,1.3140000104904175,0.14601442217826843,0.17704494297504425,1.3765000104904175,-0.09056776762008667,-0.032014332711696625,1.4505000114440918,-0.07514847069978714,0.1465080976486206,1.3830000162124634,-0.17033755779266357,0.05729192867875099,1.5800000429153442
-0.11926991492509842,-0.12578168511390686,1.3020000457763672,-0.10955783724784851,-0.15066473186016083,1.2630000114440918,0,0,0,0.12338196486234665,-0.05730991065502167,1.2804999351501465,-0.043753787875175476,-0.13129903376102448,1.315000057220459,0.1485140472650528,0.1773664802312851,1.378999948501587,-0.0906614288687706,-0.032047439366579056,1.4520000219345093,-0.07514847069978714,0.1465080976486206,1.3830000162124634,-0.17033755779266357,0.05473180487751961,1.5800000429153442
-0.11926991492509842,-0.12578168511390686,1.3020000457763672,-0.11169268935918808,-0.15078401565551758,1.2639999389648438,0,0,0,0.12530985474586487,-0.057242780923843384,1.2790000438690186,-0.043720513582229614,-0.13545741140842438,1.3140000104904175,0.14654479920864105,0.17768803238868713,1.381500005722046,-0.08830869197845459,-0.032047439366579056,1.4520000219345093,-0.07514847069978714,0.14426717162132263,1.3830000162124634,-0.16485127806663513,0.054610561579465866,1.5764999389648438
-0.11949892342090607,-0.12813691794872284,1.3044999837875366,-0.11169268935918808,-0.15078401565551758,1.2639999389648438,0,0,0,0.12338196486234665,-0.05730991065502167,1.2804999351501465,-0.04368723928928375,-0.13535432517528534,1.312999963760376,0.14430628716945648,0.17768803238868713,1.381500005722046,-0.08830869197845459,-0.032047439366579056,1.4520000219345093,-0.07514847069978714,0.14202626049518585,1.3830000162124634,-0.16448529064655304,0.05703809857368469,1.5729999542236328
-0.11972793191671371,-0.12838247418403625,1.306999921798706,-0.1117810606956482,-0.148853600025177,1.2649999856948853,0,0,0,0.12352649867534637,-0.059454306960105896,1.281999945640564,-0.0436040535569191,-0.13509659469127655,1.310499906539917,0.1444629728794098,0.1756400316953659,1.3830000162124634,-0.08830869197845459,-0.032047439366579056,1.4520000219345093,-0.07298661023378372,0.13993695378303528,1.3845000267028809,-0.16448529064655304,0.05703809857368469,1.5729999542236328
-0.11981954425573349,-0.12636131048202515,1.3079999685287476,-0.11191360652446747,-0.14903010427951813,1.2664999961853027,0,0,0,0.12352649867534637,-0.05737704411149025,1.281999945640564,-0.04368723928928375,-0.13535432517528534,1.312999963760376,0.1444629728794098,0.17339913547039032,1.3830000162124634,-0.08604475110769272,-0.03679085150361061,1.4535000324249268,-0.07074324786663055,0.13993695378303528,1.3845000267028809,-0.16193649172782898,0.05703809857368469,1.5729999542236328
-0.11972793191671371,-0.12626469135284424,1.306999921798706,-0.11200196295976639,-0.14914776384830475,1.2674999237060547,0,0,0,0.1256037801504135,-0.059454306960105896,1.281999945640564,-0.04572751000523567,-0.13509659469127655,1.310499906539917,0.14237630367279053,0.17358720302581787,1.3845000267028809,-0.08613355457782745,-0.03211365267634392,1.4550000429153442,-0.07290753722190857,0.13530349731445312,1.3830000162124634,-0.15903306007385254,0.06454052031040192,1.5694999694824219
-0.11972793191671371,-0.12626469135284424,1.306999921798706,-0.11200196295976639,-0.14914776384830475,1.2674999237060547,0,0,0,0.1254568099975586,-0.05938474461436272,1.2804999351501465,-0.04567517340183258,-0.13918401300907135,1.309000015258789,0.14028476178646088,0.1760210394859314,1.3860000371932983,-0.07906075567007065,-0.03211365267634392,1.4550000429153442,-0.07290753722190857,0.13306257128715515,1.3830000162124634,-0.1583237648010254,0.06425267457962036,1.5625
-0.11972793191671371,-0.12626469135284424,1.306999921798706,-0.11222288012504578,-0.1494419425725937,1.2699999809265137,0,0,0,0.1256037801504135,-0.059454306960105896,1.281999945640564,-0.041512250900268555,-0.13094957172870636,1.3114999532699585,0.1381385624408722,0.17390066385269165,1.3870000839233398,-0.08622235059738159,-0.029786746948957443,1.4565000534057617,-0.07298661023378372,0.13320690393447876,1.3845000267028809,-0.1583237648010254,0.06678444147109985,1.5625
-0.11949892342090607,-0.12602318823337555,1.3044999837875366,-0.11222288012504578,-0.1494419425725937,1.2699999809265137,0,0,0,0.1256037801504135,-0.05737704411149025,1.281999945640564,-0.041512250900268555,-0.13094957172870636,1.3114999532699585,0.13823816180229187,0.1740260273218155,1.3880000114440918,-0.0838623195886612,-0.025066718459129333,1.4565000534057617,-0.07311840355396271,0.13120004534721375,1.3870000839233398,-0.16064965724945068,0.07175601273775101,1.5605000257492065
-0.11949892342090607,-0.12813691794872284,1.3044999837875366,-0.1143706887960434,-0.1495596170425415,1.2709999084472656,0,0,0,0.1254568099975586,-0.05938474461436272,1.2804999351501465,-0.03938717022538185,-0.13094957172870636,1.3114999532699585,0.1383875459432602,0.17421409487724304,1.3895000219345093,-0.08175409585237503,-0.027511466294527054,1.4609999656677246,-0.07332926988601685,0.13157840073108673,1.3910000324249268,-0.15812110900878906,0.06922748684883118,1.5605000257492065
-0.11926991492509842,-0.12789136171340942,1.3020000457763672,-0.11239960789680481,-0.14967729151248932,1.2719999551773071,0,0,0,0.12521187961101532,-0.05719802528619766,1.277999997138977,-0.041512250900268555,-0.13307462632656097,1.3114999532699585,0.13868632912635803,0.17459022998809814,1.3925000429153442,-0.07701945304870605,-0.03224607929587364,1.4609999656677246,-0.07348742336034775,0.13186217844486237,1.3940000534057617,-0.1557421237230301,0.06676307320594788,1.562000036239624
-0.11926991492509842,-0.12789136171340942,1.3020000457763672,-0.1123112365603447,-0.1495596170425415,1.2709999084472656,0,0,0,0.12521187961101532,-0.05719802528619766,1.277999997138977,-0.03943222016096115,-0.13535432517528534,1.312999963760376,0.14109449088573456,0.1747783124446869,1.3940000534057617,-0.079142265021801,-0.034506771713495255,1.4565000534057617,-0.0735664963722229,0.1342652291059494,1.3954999446868896,-0.15847575664520264,0.06178015470504761,1.5640000104904175
-0.12137960642576218,-0.12789136171340942,1.3020000457763672,-0.1123112365603447,-0.1516190469264984,1.2709999084472656,0,0,0,0.12501592934131622,-0.05710851401090622,1.2760000228881836,-0.04155972972512245,-0.14173680543899536,1.312999963760376,0.13898511230945587,0.17496636509895325,1.3954999446868896,-0.07426891475915909,-0.039146002382040024,1.4535000324249268,-0.0713053047657013,0.1342652291059494,1.3954999446868896,-0.15594154596328735,0.05671175569295883,1.5640000104904175
-0.12137960642576218,-0.12578168511390686,1.3020000457763672,-0.1123112365603447,-0.1516190469264984,1.2709999084472656,0,0,0,0.12285201996564865,-0.05499783158302307,1.274999976158142,-0.03943222016096115,-0.14173680543899536,1.312999963760376,0.14124630391597748,0.17722752690315247,1.3954999446868896,-0.06941501051187515,-0.03906520456075668,1.4505000114440918,-0.07138194888830185,0.13667315244674683,1.3969999551773071,-0.15594154596328735,0.05417755991220474,1.5640000104904175
