0.5941358208656311,-0.6043411493301392,2.9225001335144043,0,0,0,0.5054244995117188,-0.5780025124549866,2.6110000610351562,0.33707648515701294,-0.2886996269226074,2.1565001010894775,0.19122280180454254,-0.1917065680027008,1.9199999570846558,0.34651169180870056,-0.050936877727508545,2.1500000953674316,0.1902315765619278,0.07739097625017166,2.0429999828338623,0.5577046275138855,0.1611120104789734,2.810500144958496,0.2566430866718292,0.3114849030971527,2.127000093460083
0.6118189096450806,-0.5841975808143616,2.9165000915527344,0,0,0,0.5213470458984375,-0.555782675743103,2.6059999465942383,0.3609495759010315,-0.2812539041042328,2.1530001163482666,0.19610804319381714,-0.1873185932636261,1.906999945640564,0.3848327696323395,-0.04745316505432129,2.1500000953674316,0.2157597690820694,0.09023306518793106,2.0339999198913574,0.6123523116111755,0.17021989822387695,2.810500144958496,0.2820768654346466,0.3296649158000946,2.1110000610351562
0.6399129033088684,-0.5783270001411438,2.9590001106262207,0,0,0,0.534014880657196,-0.538892388343811,2.6059999465942383,0.3708978295326233,-0.2738945484161377,2.1500000953674316,0.2137475311756134,-0.17730173468589783,1.8989999294281006,0.40573516488075256,-0.050936877727508545,2.1500000953674316,0.2407570332288742,0.08316866308450699,2.0225000381469727,0.6445324420928955,0.18334007263183594,2.734499931335449,0.3173554241657257,0.3306397497653961,2.0954999923706055
0.6598246693611145,-0.5638728737831116,2.9839999675750732,0,0,0,0.5426968932151794,-0.5223879814147949,2.5869998931884766,0.37672290205955505,-0.26959335803985596,2.1435000896453857,0.22391296923160553,-0.16342978179454803,1.88100004196167,0.4231538772583008,-0.04396945238113403,2.1500000953674316,0.2675788402557373,0.09856980293989182,2.002500057220459,0.6888406872749329,0.18334007263183594,2.734499931335449,0.34996557235717773,0.3329218626022339,2.067500114440918
0.6888352632522583,-0.5590378046035767,2.9839999675750732,0,0,0,0.5239477753639221,-0.4742668867111206,2.38700008392334,0.388793408870697,-0.2579646706581116,2.133500099182129,0.23422160744667053,-0.16212651133537292,1.8659999370574951,0.45102372765541077,-0.04048573598265648,2.1500000953674316,0.2978537082672119,0.10429850220680237,1.9880000352859497,0.7375333309173584,0.19104193150997162,2.7179999351501465,0.3822323977947235,0.33890771865844727,2.0429999828338623
0.7125329971313477,-0.5516494512557983,3.0230000019073486,0,0,0,0.4930345118045807,-0.43305495381355286,2.197499990463257,0.40016812086105347,-0.25295689702033997,2.120500087738037,0.24466580152511597,-0.1550338715314865,1.8534998893737793,0.4727960526943207,-0.03819813206791878,2.2195000648498535,0.3145486116409302,0.10982181131839752,1.971500039100647,0.7789953351020813,0.18133008480072021,2.7715001106262207,0.4096055328845978,0.3336261808872223,2.0310001373291016
0.7419227957725525,-0.5516494512557983,3.0230000019073486,0,0,0,0.5060725212097168,-0.42548760771751404,2.177000045776367,0.4086369574069977,-0.24840311706066132,2.1110000610351562,0.2676049768924713,-0.14842429757118225,1.8459999561309814,0.48216888308525085,-0.02732888236641884,2.2130000591278076,0.32817405462265015,0.11221374571323395,1.9574999809265137,0.8297703862190247,0.18463413417339325,2.822000026702881,0.43857496976852417,0.32327526807785034,2.0280001163482666
0.7681915760040283,-0.5515440702438354,3.049499988555908,0,0,0,0.5137310028076172,-0.41672685742378235,2.1500000953674316,0.42069771885871887,-0.23870131373405457,2.0859999656677246,0.27590423822402954,-0.14806248247623444,1.8415000438690186,0.515916645526886,-0.02449411153793335,2.2829999923706055,0.3435937762260437,0.11207044124603271,1.9550000429153442,0.8582782745361328,0.1868586242198944,2.8559999465942383,0.45444434881210327,0.31303080916404724,2.0255000591278076
0.7960075736045837,-0.5404183268547058,3.0425000190734863,0,0,0,0.5111343860626221,-0.395079642534256,2.055500030517578,0.42294958233833313,-0.2261507511138916,2.063999891281128,0.2837730050086975,-0.15047216415405273,1.8345000743865967,0.5270143747329712,-0.013396456837654114,2.2829999923706055,0.36204394698143005,0.12138712406158447,1.9520000219345093,0.8823151588439941,0.18337947130203247,2.874000072479248,0.4826681613922119,0.32199999690055847,2.0199999809265137
0.8139843344688416,-0.5343444347381592,3.0360000133514404,0,0,0,0.5244568586349487,-0.3884184658527374,2.055500030517578,0.4356929063796997,-0.22582204639911652,2.060999870300293,0.2970891296863556,-0.14082162082195282,1.8250000476837158,0.5380411744117737,-0.009763076901435852,2.2985000610351562,0.3704858422279358,0.11789113283157349,1.9465000629425049,0.8888237476348877,0.19309543073177338,2.880000114440918,0.4902932345867157,0.31730687618255615,2.011000156402588
0.8428606390953064,-0.5402405261993408,3.069499969482422,0,0,0,0.5411098599433899,-0.38508787751197815,2.055500030517578,0.43442457914352417,-0.22849443554878235,2.055000066757202,0.31319302320480347,-0.13420513272285461,1.815500020980835,0.5417655110359192,0.0014099228428676724,2.2985000610351562,0.3826098144054413,0.1271894872188568,1.944000005722046,0.8961336016654968,0.1967494785785675,2.934499979019165,0.5025763511657715,0.32659438252449036,2.007999897003174
0.8627552390098572,-0.5352669358253479,3.069499969482422,0,0,0,0.586889386177063,-0.3993082642555237,2.1500000953674316,0.4577332139015198,-0.21850508451461792,2.055000066757202,0.3152640759944916,-0.13383552432060242,1.810499906539917,0.544540524482727,0.00884317234158516,2.2944998741149902,0.39520958065986633,0.12403955310583115,1.944000005722046,0.9247921705245972,0.21892395615577698,3.0444998741149902,0.5025763511657715,0.3298480212688446,2.007999897003174
0.8768986463546753,-0.5169556736946106,3.049499988555908,0,0,0,0.5973406434059143,-0.3888571262359619,2.1500000953674316,0.4637148380279541,-0.21153624355793,2.052000045776367,0.32618582248687744,-0.13057656586170197,1.805999994277954,0.5519763231277466,0.019996726885437965,2.2944998741149902,0.3978472054004669,0.13646355271339417,1.941499948501587,0.9533329606056213,0.23968671262264252,3.189500093460083,0.49932268261909485,0.33310163021087646,2.007999897003174
0.8867810964584351,-0.5120144486427307,3.049499988555908,0,0,0,0.5694550275802612,-0.36642998456954956,2.0260000228881836,0.4777120351791382,-0.20185618102550507,2.055000066757202,0.33366653323173523,-0.13007044792175293,1.7990000247955322,0.5445548295974731,0.03463258966803551,2.2790000438690186,0.3925667107105255,0.12946780025959015,1.930999994277954,0.9592933654785156,0.2927495837211609,3.262500047683716,0.4895617365837097,0.3298480212688446,2.007999897003174
0.9016047716140747,-0.5070732831954956,3.049499988555908,0,0,0,0.545883297920227,-0.3441474139690399,1.9199999570846558,0.46898940205574036,-0.19765691459178925,2.0460000038146973,0.34241151809692383,-0.11841054260730743,1.7990000247955322,0.5321016907691956,0.05259537324309349,2.257500171661377,0.3940562307834625,0.13204731047153473,1.9229999780654907,0.9376955032348633,0.3298878073692322,3.316999912261963,0.4819513261318207,0.331326425075531,2.0169999599456787
0.9074521660804749,-0.4949897825717926,3.0360000133514404,0,0,0,0.5521053671836853,-0.3410363495349884,1.9199999570846558,0.46237391233444214,-0.19296440482139587,2.0314998626708984,0.3501805365085602,-0.12389520555734634,1.7940000295639038,0.5023413300514221,0.0794653594493866,2.191500186920166,0.39344149827957153,0.1349523663520813,1.9200000762939453,0.8678247928619385,0.38363417983055115,3.316999912261963,0.4805176556110382,0.34663325548171997,2.010999917984009
0.9164284467697144,-0.49224966764450073,3.049499988555908,0,0,0,0.5622532367706299,-0.34030139446258545,1.933500051498413,0.4630296230316162,-0.19187207520008087,2.0199999809265137,0.3501805365085602,-0.12098831683397293,1.7940000295639038,0.4830504059791565,0.07458074390888214,2.1529998779296875,0.4021453559398651,0.12542296946048737,1.9170000553131104,0,0,0,0.46748360991477966,0.3335992991924286,2.010999917984009
0.9164284467697144,-0.49224966764450073,3.049499988555908,0,0,0,0.5622532367706299,-0.34030139446258545,1.933500051498413,0.4558054506778717,-0.19158712029457092,2.0169999599456787,0.3585011065006256,-0.1353716254234314,1.7920000553131104,0,0,0,0.40162089467048645,0.1252593994140625,1.9144999980926514,0,0,0,0.48070028424263,0.33272266387939453,2.0254998207092285
0.9224388003349304,-0.5004516243934631,3.069499969482422,0,0,0,0.5622532367706299,-0.34343427419662476,1.933500051498413,0.43889132142066956,-0.1964045763015747,1.999500036239624,0.3581009805202484,-0.13522052764892578,1.7899999618530273,0,0,0,0.4036659896373749,0.11565018445253372,1.9094998836517334,0,0,0,0.4741362929344177,0.32615870237350464,2.0254998207092285
0.9104833006858826,-0.5249231457710266,3.0964999198913574,0,0,0,0.545883297920227,-0.3534805178642273,1.9199999570846558,0.40338000655174255,-0.1997387856245041,1.968500018119812,0.35230016708374023,-0.15262287855148315,1.7899999618530273,0,0,0,0.3988937735557556,0.09359823912382126,1.9014999866485596,0,0,0,0.4642902910709381,0.3097487688064575,2.0254998207092285
