-0.3746766746044159,-0.15663644671440125,1.3884999752044678,-0.33873116970062256,-0.18262562155723572,1.3980000019073486,-0.39417168498039246,-0.18894420564174652,1.378000020980835,-0.2627578377723694,0.010698865167796612,1.5080000162124634,-0.502041220664978,-0.0526764802634716,1.5764999389648438,-0.1990392655134201,0.24804463982582092,1.6050000190734863,-0.5335031151771545,0.16549518704414368,1.5864999294281006,-0.18421480059623718,0.47786661982536316,1.6349999904632568,-0.6631454229354858,0.41670987010002136,1.7450000047683716
-0.39560189843177795,-0.15377508103847504,1.3830000162124634,-0.3555220067501068,-0.1807967573404312,1.3840000629425049,-0.4151398837566376,-0.18610167503356934,1.3734999895095825,-0.2856690287590027,0.013072604313492775,1.5,-0.5213170051574707,-0.055108312517404556,1.5729999542236328,-0.22608619928359985,0.25151026248931885,1.593999981880188,-0.549619197845459,0.17085163295269012,1.5885000228881836,-0.21448661386966705,0.4876585304737091,1.6234999895095825,-0.6801104545593262,0.41953733563423157,1.7450000047683716
-0.4158954918384552,-0.15522632002830505,1.375999927520752,-0.37434762716293335,-0.1801435798406601,1.378999948501587,-0.4329518675804138,-0.18736736476421356,1.366499900817871,-0.308010995388031,0.012989811599254608,1.4904999732971191,-0.5405020713806152,-0.05498569458723068,1.5694999694824219,-0.25538668036460876,0.2575508952140808,1.5835000276565552,-0.571466863155365,0.1660689264535904,1.5920000076293945,-0.2495272010564804,0.513066291809082,1.628999948501587,-0.6944788694381714,0.41515764594078064,1.7384999990463257
-0.4319985508918762,-0.1590472012758255,1.3704999685287476,-0.3937426209449768,-0.18427777290344238,1.3765000104904175,-0.45122256875038147,-0.1933000683784485,1.3615000247955322,-0.3287515342235565,0.012950594536960125,1.4860000610351562,-0.5570589303970337,-0.06247539818286896,1.565999984741211,-0.279447466135025,0.26374074816703796,1.5745000839233398,-0.58952397108078,0.15575066208839417,1.5920000076293945,-0.2828828692436218,0.5192258358001709,1.6234999895095825,-0.711380660533905,0.4123407006263733,1.7384999990463257
-0.4427231252193451,-0.1603264957666397,1.3624999523162842,-0.40431520342826843,-0.18743593990802765,1.3669999837875366,-0.4630945920944214,-0.194931760430336,1.3574999570846558,-0.34135088324546814,0.015275724232196808,1.4780000448226929,-0.5803878903388977,-0.06731303036212921,1.560499906539917,-0.3038944602012634,0.27553093433380127,1.569000005722046,-0.6075810790061951,0.14027325809001923,1.5920000076293945,-0.32125023007392883,0.5174668431282043,1.6180000305175781,-0.715582013130188,0.39436158537864685,1.7214999198913574
-0.4524555504322052,-0.15909095108509064,1.3519999980926514,-0.4090089499950409,-0.1845565289258957,1.3459999561309814,-0.4739096462726593,-0.19524352252483368,1.344499945640564,-0.35892432928085327,0.015208544209599495,1.471500039100647,-0.5934601426124573,-0.0771542489528656,1.5549999475479126,-0.33185991644859314,0.28570014238357544,1.569000005722046,-0.6216887831687927,0.13481706380844116,1.5885000228881836,-0.36491501331329346,0.5266484618186951,1.6140000820159912,-0.7216837406158447,0.3776390254497528,1.6965000629425049
-0.4608384072780609,-0.16256549954414368,1.3445000648498535,-0.413830429315567,-0.18618151545524597,1.3264999389648438,-0.4779513478279114,-0.19463218748569489,1.3255000114440918,-0.3720889687538147,0.010407980531454086,1.4670000076293945,-0.6054736375808716,-0.07959701120853424,1.5534999370574951,-0.3572831153869629,0.28061553835868835,1.569000005722046,-0.6357284784317017,0.13708823919296265,1.5850000381469727,-0.4015282690525055,0.5266484618186951,1.6140000820159912,-0.725674569606781,0.3672056794166565,1.6740000247955322
-0.46466323733329773,-0.16518443822860718,1.3305000066757202,-0.4173327088356018,-0.18605929613113403,1.3105000257492065,-0.48287180066108704,-0.197426900267601,1.315500020980835,-0.3761345446109772,0.014944990165531635,1.4459999799728394,-0.604077160358429,-0.08408660441637039,1.5434999465942383,-0.37677180767059326,0.2881901264190674,1.5550000667572021,-0.6360158324241638,0.12991215288639069,1.560499906539917,-0.4398009479045868,0.5333350300788879,1.6104999780654907,-0.7303647398948669,0.3533756732940674,1.6600000858306885
-0.4677730202674866,-0.16539083421230316,1.315000057220459,-0.42225226759910583,-0.18660318851470947,1.2994999885559082,-0.4891567528247833,-0.19864825904369354,1.309499979019165,-0.3872421383857727,0.0078092399053275585,1.4264999628067017,-0.6007505655288696,-0.08859796077013016,1.534999966621399,-0.3945677578449249,0.28715765476226807,1.5360000133514404,-0.6258594989776611,0.11493990570306778,1.5295000076293945,-0.47875213623046875,0.5247937440872192,1.5924999713897705,-0.7375442981719971,0.33951735496520996,1.6579999923706055
-0.4720017611980438,-0.16675719618797302,1.309000015258789,-0.4280744791030884,-0.1905941665172577,1.2979999780654907,-0.49151650071144104,-0.2021172195672989,1.3044999837875366,-0.39062878489494324,0.0031763811130076647,1.4219999313354492,-0.5944176912307739,-0.0908774882555008,1.531499981880188,-0.4120810329914093,0.2788732051849365,1.5180000066757202,-0.6211537718772888,0.10915637761354446,1.5180000066757202,-0.5072797536849976,0.5119649171829224,1.569000005722046,-0.7402307987213135,0.32877129316329956,1.6579999923706055
-0.4755161702632904,-0.1749735027551651,1.306999921798706,-0.43194782733917236,-0.19885361194610596,1.2969999313354492,-0.4940412640571594,-0.20686039328575134,1.2944999933242798,-0.3897552192211151,-0.003705741837620735,1.4105000495910645,-0.5949504375457764,-0.09305422753095627,1.5264999866485596,-0.42420828342437744,0.2755663990974426,1.5,-0.613595724105835,0.10379070043563843,1.5115000009536743,-0.5451106429100037,0.4945997893810272,1.5464999675750732,-0.7375442981719971,0.32071176171302795,1.6579999923706055
-0.4754413068294525,-0.18260246515274048,1.3009999990463257,-0.43463775515556335,-0.2086350917816162,1.2925000190734863,-0.4934559464454651,-0.2161726951599121,1.287500023841858,-0.3840905725955963,-0.010408666916191578,1.3899999856948853,-0.5898837447166443,-0.097166508436203,1.5134999752044678,-0.4368899464607239,0.25985246896743774,1.493499994277954,-0.6040662527084351,0.09084854274988174,1.5,-0.5614233613014221,0.47677138447761536,1.5295000076293945,-0.7348577380180359,0.30996572971343994,1.6579999923706055
-0.4747963845729828,-0.19202929735183716,1.2934999465942383,-0.43554943799972534,-0.21851316094398499,1.2890000343322754,-0.4949647784233093,-0.22633957862854004,1.2860000133514404,-0.3866296112537384,-0.0236640814691782,1.375,-0.5774420499801636,-0.10559771209955215,1.49399995803833,-0.4533739686012268,0.2426687330007553,1.4919999837875366,-0.5929951071739197,0.08785805851221085,1.4904999732971191,-0.5885957479476929,0.4506039619445801,1.5164999961853027,-0.7294847369194031,0.2965331971645355,1.6579999923706055
-0.47442933917045593,-0.20025795698165894,1.2925000190734863,-0.43673208355903625,-0.2274836003780365,1.2925000190734863,-0.497048556804657,-0.23467455804347992,1.2860000133514404,-0.3857467472553253,-0.03673556447029114,1.3639999628067017,-0.5670431852340698,-0.116559237241745,1.4795000553131104,-0.4538058638572693,0.22716951370239258,1.4854999780654907,-0.577801525592804,0.08258221298456192,1.4824999570846558,-0.6040662527084351,0.41896578669548035,1.5,-0.7168075442314148,0.27906763553619385,1.6659998893737793
-0.47387874126434326,-0.21048478782176971,1.2910000085830688,-0.43639421463012695,-0.2398635447025299,1.2915000915527344,-0.497048556804657,-0.243009552359581,1.2860000133514404,-0.38348427414894104,-0.05190029740333557,1.3559999465942383,-0.5562564134597778,-0.1253383457660675,1.4700000286102295,-0.45522382855415344,0.22309815883636475,1.4744999408721924,-0.5597783923149109,0.07250602543354034,1.4730000495910645,-0.6181066036224365,0.3960592448711395,1.4869999885559082,-0.6977154016494751,0.2611083388328552,1.6719999313354492
-0.47387874126434326,-0.2188521921634674,1.2910000085830688,-0.43639421463012695,-0.24614152312278748,1.2915000915527344,-0.49457991123199463,-0.25114908814430237,1.2850000858306885,-0.3810059130191803,-0.058448676019907,1.3550000190734863,-0.5504834055900574,-0.12930558621883392,1.4609999656677246,-0.45053136348724365,0.2172093242406845,1.4670000076293945,-0.5474297404289246,0.06976225227117538,1.465499997138977,-0.6285220384597778,0.38155871629714966,1.4774999618530273,-0.6814600825309753,0.24756234884262085,1.6719999313354492
-0.47178685665130615,-0.22512774169445038,1.2910000085830688,-0.4343015253543854,-0.25451216101646423,1.2915000915527344,-0.4924978017807007,-0.257395476102829,1.2850000858306885,-0.38030293583869934,-0.06710682809352875,1.3524999618530273,-0.5422656536102295,-0.13376495242118835,1.4579999446868896,-0.44448837637901306,0.20364463329315186,1.4549999237060547,-0.5311713814735413,0.07154617458581924,1.4535000324249268,-0.6266077756881714,0.354142427444458,1.4730000495910645,-0.667914092540741,0.2502715587615967,1.6719999313354492
-0.46341943740844727,-0.2355869859457016,1.2910000085830688,-0.42593085765838623,-0.2649754583835602,1.2915000915527344,-0.48662975430488586,-0.26593077182769775,1.2860000133514404,-0.368935763835907,-0.07359960675239563,1.3509999513626099,-0.5199315547943115,-0.14292006194591522,1.4550000429153442,-0.4393959641456604,0.19769899547100067,1.4459999799728394,0,0,0,-0.6552489399909973,0.3135676980018616,1.4730000495910645,0,0,0
-0.46341943740844727,-0.2355869859457016,1.2910000085830688,-0.42675530910491943,-0.2654883861541748,1.2940000295639038,-0.4871973693370819,-0.2662409543991089,1.287500023841858,-0.3685261309146881,-0.07351789623498917,1.3494999408721924,-0.5199315547943115,-0.14292006194591522,1.4550000429153442,-0.4389401376247406,0.19749391078948975,1.4444999694824219,0,0,0,-0.6505781412124634,0.31133249402046204,1.4625000953674316,0,0,0
-0.44720351696014404,-0.24214354157447815,1.2925000190734863,-0.41239672899246216,-0.2698902189731598,1.2950000762939453,-0.47142142057418823,-0.27093836665153503,1.2899999618530273,-0.3488462567329407,-0.0866377204656601,1.3494999408721924,-0.5044662952423096,-0.15266451239585876,1.4579999446868896,-0.4468994438648224,0.1796053946018219,1.4325000047683716,0,0,0,-0.7003428936004639,0.2615680396556854,1.4625000953674316,0,0,0
