-0.0596931129693985,-0.02858388051390648,1.2065000534057617,-0.03128771483898163,-0.057645637542009354,1.2430000305175781,-0.08132077753543854,-0.04652169719338417,1.0785000324249268,0.04496656730771065,-0.09144935756921768,1.3559999465942383,-0.22664445638656616,-0.06711674481630325,1.2319999933242798,0.18001984059810638,0.15473835170269012,2.2014999389648438,-0.3915013074874878,0.11709121614694595,1.2170000076293945,0.038018736988306046,0.16019324958324432,1.4249999523162842,-0.19433994591236115,0.16310849785804749,1.1929999589920044
-0.06542209535837173,-0.02462289109826088,1.2039999961853027,-0.035216446965932846,-0.053466521203517914,1.2395000457763672,-0.08616208285093307,-0.04630601778626442,1.0735000371932983,0.04483392462134361,-0.08898891508579254,1.3519999980926514,-0.22808396816253662,-0.06496192514896393,1.2290000915527344,0.18001984059810638,0.16543981432914734,2.2014999389648438,-0.3925032913684845,0.11876966059207916,1.2139999866485596,0.038018736988306046,0.16481119394302368,1.4249999523162842,-0.19953149557113647,0.16296644508838654,1.1779999732971191
-0.06731703132390976,-0.022653181105852127,1.2030000686645508,-0.036804407835006714,-0.05087690427899361,1.2254999876022339,-0.08893117308616638,-0.04421371594071388,1.065000057220459,0.052883170545101166,-0.0878041535615921,1.3340001106262207,-0.2274344265460968,-0.06080549210309982,1.2255001068115234,0.24700647592544556,0.2225903868675232,2.9619998931884766,-0.3902145326137543,0.11867183446884155,1.2130000591278076,0.03570974990725517,0.16942913830280304,1.4249999523162842,-0.19766829907894135,0.165226548910141,1.1670000553131104
-0.06714916229248047,-0.02065229043364525,1.2000000476837158,-0.03845778852701187,-0.048472292721271515,1.215000033378601,-0.08851365000009537,-0.042288582772016525,1.059999942779541,0.05212996155023575,-0.0822920948266983,1.315000057220459,-0.22895213961601257,-0.05869978293776512,1.2230000495910645,0.259797066450119,0.23460611701011658,3.055999994277954,-0.3915333151817322,0.12043838202953339,1.2109999656677246,0.033365603536367416,0.17155735194683075,1.4235000610351562,-0.19716015458106995,0.16857393085956573,1.1640000343322754
-0.06886325031518936,-0.016707614064216614,1.1959999799728394,-0.03845778852701187,-0.04453488811850548,1.215000033378601,-0.09010352939367294,-0.0387984998524189,1.058500051498413,0.05193174257874489,-0.0819791853427887,1.309999942779541,-0.23074498772621155,-0.056671738624572754,1.222000002861023,0.259797066450119,0.24450957775115967,3.055999994277954,-0.39170846343040466,0.12379801273345947,1.2055000066757202,0.03557192534208298,0.1756754070520401,1.4195001125335693,-0.20151156187057495,0.1674877405166626,1.156499981880188
-0.06846021115779877,-0.016609828919172287,1.1890000104904175,-0.040426500141620636,-0.04256618022918701,1.215000033378601,-0.09134156256914139,-0.038596898317337036,1.0529999732971191,0.05193174257874489,-0.07773392647504807,1.309999942779541,-0.23036733269691467,-0.054602183401584625,1.2200000286102295,0.2697006165981293,0.2593647837638855,3.055999994277954,-0.3921922743320465,0.12138986587524414,1.2009999752044678,0.03550927713513374,0.17766202986240387,1.4170000553131104,-0.1985156238079071,0.17027316987514496,1.1500000953674316
-0.06619787961244583,-0.014609158970415592,1.183000087738037,-0.03839448466897011,-0.04249611496925354,1.2130000591278076,-0.08929485082626343,-0.03845028579235077,1.0490000247955322,0.056091271340847015,-0.07549585402011871,1.3079999685287476,-0.22820331156253815,-0.052582237869501114,1.218999981880188,0.2697006165981293,0.26431649923324585,3.055999994277954,-0.3905595541000366,0.12282242625951767,1.196000099182129,0.03543409705162048,0.18186818063259125,1.4140000343322754,-0.20498409867286682,0.16945880651474,1.1445000171661377
-0.06614191830158234,-0.012681577354669571,1.1820000410079956,-0.03630887717008591,-0.04039699584245682,1.2089999914169312,-0.08916716277599335,-0.036698002368211746,1.0475000143051147,0.06023784354329109,-0.07326426357030869,1.305999994277954,-0.2260425090789795,-0.05253910273313522,1.2179999351501465,0.20284371078014374,0.20252437889575958,2.256999969482422,-0.38925328850746155,0.12241163849830627,1.1920000314712524,0.03764522448182106,0.18605488538742065,1.4110000133514404,-0.2004837542772293,0.17063970863819122,1.1399999856948853
-0.06608596444129944,-0.010757234878838062,1.180999994277954,-0.036248814314603806,-0.04033017158508301,1.2070000171661377,-0.08701059967279434,-0.034816935658454895,1.0420000553131104,0.06223464384675026,-0.06889980286359787,1.3034999370574951,-0.2231491357088089,-0.050357967615127563,1.2130000591278076,0.13534097373485565,0.13513529300689697,1.4535000324249268,-0.39085653424263,0.12230893969535828,1.190999984741211,0.039195720106363297,0.18711483478546143,1.3849999904632568,-0.20399902760982513,0.17233557999134064,1.1389999389648438
-0.064063660800457,-0.010739016346633434,1.178999900817871,-0.032337307929992676,-0.03837442770600319,1.2070000171661377,-0.0847490057349205,-0.03122894838452339,1.034999966621399,0.06204367056488991,-0.06447713822126389,1.2994999885559082,-0.22241327166557312,-0.05019190534949303,1.2089999914169312,0.13947318494319916,0.13926830887794495,1.4474999904632568,-0.3902001976966858,0.12210355699062347,1.1890000104904175,0.03845991566777229,0.18800628185272217,1.3589999675750732,-0.20364083349704742,0.17387530207633972,1.1370000839233398
-0.06586213409900665,-0.01072080060839653,1.1770000457763672,-0.032189950346946716,-0.03625273331999779,1.2014999389648438,-0.08421676605939865,-0.031032823026180267,1.028499960899353,0.0661274716258049,-0.0643530935049057,1.2969999313354492,-0.22222928702831268,-0.04819302633404732,1.2079999446868896,0.14108380675315857,0.14321328699588776,1.440000057220459,-0.3895438611507416,0.12959150969982147,1.187000036239624,0.03816276416182518,0.19092372059822083,1.3485000133514404,-0.19776535034179688,0.17724759876728058,1.1349999904632568
-0.06194240599870682,-0.008798693306744099,1.1749999523162842,-0.030054330825805664,-0.03602644056081772,1.194000005722046,-0.08384829014539719,-0.030897045508027077,1.0239999294281006,0.05961516872048378,-0.059941262006759644,1.2925000190734863,-0.2139561027288437,-0.0480932891368866,1.2055000066757202,0.14746667444705963,0.14726366102695465,1.434000015258789,-0.3892156481742859,0.12948232889175415,1.1859999895095825,0.039958830922842026,0.19773896038532257,1.3355000019073486,-0.19182461500167847,0.1805272251367569,1.1324999332427979
-0.057837750762701035,-0.006859596353024244,1.1690000295639038,-0.02594372071325779,-0.03569453954696655,1.183000087738037,-0.0804118812084198,-0.029194999486207962,1.0225000381469727,0.07170623540878296,-0.05122504010796547,1.284000039100647,-0.2113872617483139,-0.04600601643323898,1.2020000219345093,0.15319886803627014,0.15530236065387726,1.4225000143051147,-0.3843974173069,0.12915478646755219,1.1829999685287476,0.04204394295811653,0.19952869415283203,1.3329999446868896,-0.1892346739768982,0.18163764476776123,1.128000020980835
-0.05150828883051872,-0.0011624913895502687,1.1545000076293945,-0.0199882909655571,-0.03153764456510544,1.1710000038146973,-0.076758973300457,-0.02576751634478569,1.0180000066757202,0.0713711604475975,-0.04684410244226456,1.277999997138977,-0.20680145919322968,-0.045852918177843094,1.1979999542236328,0.15408268570899963,0.1561669409275055,1.409500002861023,-0.3754560947418213,0.1287180781364441,1.178999900817871,0.041996635496616364,0.203619122505188,1.3315000534057617,-0.18111729621887207,0.18811103701591492,1.1230000257492065
-0.048670217394828796,0.0006943800835870206,1.1319999694824219,-0.014247195795178413,-0.031429920345544815,1.1670000553131104,-0.0742240846157074,-0.025463774800300598,1.00600004196167,0.08350088447332382,-0.04461565986275673,1.2734999656677246,-0.20207223296165466,-0.045661550015211105,1.193000078201294,0.15375472605228424,0.15583455562591553,1.406499981880188,-0.37100496888160706,0.13231401145458221,1.1770000457763672,0.044104378670454025,0.20554478466510773,1.3300000429153442,-0.17511090636253357,0.1947806179523468,1.1195000410079956
-0.04442533105611801,0.0024962069001048803,1.1175000667572021,-0.0122768459841609,-0.02747037634253502,1.159500002861023,-0.07039963454008102,-0.022027095779776573,0.9980000257492065,0.08532922714948654,-0.04037740081548691,1.2699999809265137,-0.19737538695335388,-0.04162026196718216,1.187999963760376,0.15979252755641937,0.15959429740905762,1.3995000123977661,-0.3630676567554474,0.13220159709453583,1.1759999990463257,0.05015129968523979,0.2081192135810852,1.319000005722046,-0.17267771065235138,0.19950710237026215,1.1154999732971191
-0.035245057195425034,0.0060957507230341434,1.1134999990463257,-0.004695991985499859,-0.023385610431432724,1.1434999704360962,-0.062220461666584015,-0.020379329100251198,0.9965000152587891,0.08721503615379333,-0.03208283334970474,1.2674999237060547,-0.18855789303779602,-0.039461418986320496,1.180999994277954,0.163212388753891,0.1630154848098755,1.3900001049041748,-0.3494316041469574,0.1358969509601593,1.1749999523162842,0.05181281641125679,0.2104613333940506,1.306999921798706,-0.16688039898872375,0.19905997812747955,1.1130000352859497
-0.026188476011157036,0.00788934901356697,1.1119999885559082,0.006359405349940062,-0.021325623616576195,1.1324999332427979,-0.05240064114332199,-0.020328201353549957,0.9939999580383301,0.09686867892742157,-0.02983953431248665,1.2595000267028809,-0.1763264536857605,-0.039294350892305374,1.1759999990463257,0.16880755126476288,0.16413821280002594,1.380500078201294,-0.33524614572525024,0.13554997742176056,1.1719999313354492,0.058010414242744446,0.21834614872932434,1.3034999370574951,-0.15786321461200714,0.19905997812747955,1.1130000352859497
-0.013539108447730541,0.00966501235961914,1.1089999675750732,0.015424857847392559,-0.01935291662812233,1.124500036239624,-0.040940120816230774,-0.013822897337377071,0.9894999861717224,0.10807400941848755,-0.03359796106815338,1.247499942779541,-0.16827400028705597,-0.04109475389122963,1.1729999780654907,0.17704688012599945,0.1679401695728302,1.375,-0.31192445755004883,0.1391102373600006,1.1699999570846558,0.0663314163684845,0.22003544867038727,1.3009999990463257,-0.1453043669462204,0.2009536325931549,1.1134999990463257
-0.004535831976681948,0.009625795297324657,1.1045000553131104,0.029868056997656822,-0.019266866147518158,1.1195000410079956,-0.03116188570857048,-0.01694348268210888,0.984499990940094,0.11756512522697449,-0.025379575788974762,1.2410000562667847,-0.15430881083011627,-0.03902704268693924,1.1679999828338623,0.1857558935880661,0.1722080260515213,1.3734999895095825,-0.2967580556869507,0.13531866669654846,1.1699999570846558,0.08093205839395523,0.22382064163684845,1.2985000610351562,-0.1342976987361908,0.20248474180698395,1.1119999885559082
