0.4658483862876892,-0.34201890230178833,3.0759999752044678,0,0,0,0.1607784926891327,-0.155164435505867,1.2179999351501465,-0.0010747045744210482,-0.00929291732609272,1.2409999370574951,0.0705718845129013,0.08924398571252823,1.162500023841858,0,0,0,0.01699167862534523,0.31071701645851135,1.0019999742507935,0,0,0,0.18619976937770844,0.269008994102478,0.8675000071525574
0.4826265275478363,-0.33484336733818054,3.055999994277954,0,0,0,0.17261995375156403,-0.15121731162071228,1.2179999351501465,0.016995461657643318,-0.019315896555781364,1.2389999628067017,0.07550158351659775,0.10146021097898483,1.1514999866485596,0.0683874562382698,0.12739025056362152,1.0429999828338623,0.01579754427075386,0.33275124430656433,1.0299999713897705,0,0,0,0.18963974714279175,0.28472188115119934,0.9040000438690186
0.5024335980415344,-0.3298916220664978,3.055999994277954,0,0,0,0.1847643256187439,-0.14948882162570953,1.2200000286102295,0.03079809434711933,-0.021151386201381683,1.2289999723434448,0.07254865020513535,0.09996231645345688,1.1345000267028809,0.0856555923819542,0.12963718175888062,1.0475000143051147,0.02813386730849743,0.3406662046909332,1.0544999837875366,0.23098468780517578,0.24154315888881683,1.3264999389648438,0.2007705569267273,0.29684776067733765,0.9424999952316284
0.5222406387329102,-0.3298916220664978,3.055999994277954,0,0,0,0.19496749341487885,-0.14775383472442627,1.222000002861023,0.03835367038846016,-0.01501668430864811,1.2160000801086426,0.07916226238012314,0.1045009046792984,1.124000072479248,0.10146131366491318,0.13202406466007233,1.0529999732971191,0.035532210022211075,0.35310298204421997,1.0714999437332153,0,0,0,0.21225903928279877,0.30754074454307556,0.9815000295639038
0.5455951690673828,-0.3320505917072296,3.0759999752044678,0,0,0,0.33806538581848145,-0.24708542227745056,2.0164999961853027,0.04600687697529793,-0.009060782380402088,1.2100000381469727,0.08436253666877747,0.11325342208147049,1.120500087738037,0.1142444834113121,0.14550374448299408,1.0770000219345093,0.048731423914432526,0.3626214563846588,1.0950000286102295,0.2680630385875702,0.2634556293487549,1.3619999885559082,0.227084681391716,0.3128398656845093,1.0195000171661377
0.5755001902580261,-0.3170981705188751,3.0759999752044678,0,0,0,0.5133135318756104,-0.33585014939308167,2.8940000534057617,0.05916348472237587,-0.003148763906210661,1.1985000371932983,0.08724768459796906,0.12489453703165054,1.1110000610351562,0,0,0,0.06387381255626678,0.3734886050224304,1.1115000247955322,0.29096275568008423,0.2772810757160187,1.3870000839233398,0.23886284232139587,0.31920886039733887,1.056999921798706
0.5952483415603638,-0.30448395013809204,3.049499988555908,0,0,0,0.5607197880744934,-0.3478033244609833,2.996999979019165,0.05859579145908356,0.0007281176513060927,1.187000036239624,0.09904021769762039,0.1328108161687851,1.1019999980926514,0.134752556681633,0.18459337949752808,1.1019999980926514,0.07346898317337036,0.3746972680091858,1.120500087738037,0.29822230339050293,0.2801505923271179,1.378999948501587,0.2544310688972473,0.3216664791107178,1.0945000648498535
0.6186330914497375,-0.2791815996170044,3.0429999828338623,0,0,0,0.5975326299667358,-0.3326520025730133,3.0360000133514404,0.06217944994568825,0.008385979570448399,1.181999921798706,0.11511077731847763,0.14173884689807892,1.1019999980926514,0.1408722698688507,0.18918907642364502,1.1080000400543213,0.0926879346370697,0.37904444336891174,1.1334999799728394,0.31556227803230286,0.29100272059440613,1.3669999837875366,0.27063560485839844,0.32333868741989136,1.125
0.6383559107780457,-0.27425092458724976,3.0429999828338623,0,0,0,0.6212759613990784,-0.3199881613254547,3.055999994277954,0.0713307186961174,0.014047986827790737,1.1749999523162842,0.12468269467353821,0.14576086401939392,1.0920000076293945,0.15357810258865356,0.18756288290023804,1.1089999675750732,0.10818643122911453,0.3985406160354614,1.1419999599456787,0.3362079858779907,0.2957916855812073,1.378999948501587,0.29181039333343506,0.33081141114234924,1.1510000228881836
0.6614842414855957,-0.25886204838752747,3.0360000133514404,0,0,0,0.6509865522384644,-0.3100847005844116,3.055999994277954,0.07830803841352463,0.010157412849366665,1.1654999256134033,0.13200125098228455,0.14409233629703522,1.0794999599456787,0.1571720391511917,0.18935981392860413,1.1089999675750732,0.12315142899751663,0.4027698040008545,1.1434999704360962,0.3449007272720337,0.2997550666332245,1.3870000839233398,0.30812856554985046,0.34660351276397705,1.1924999952316284
0.686081051826477,-0.25886204838752747,3.0360000133514404,0,0,0,0.6806971430778503,-0.3051329553127289,3.055999994277954,0.08545690029859543,0.011989066377282143,1.1600000858306885,0.1307784616947174,0.14795637130737305,1.0694999694824219,0.16256290674209595,0.18756288290023804,1.1089999675750732,0.1342685967683792,0.4027698040008545,1.1434999704360962,0.35012269020080566,0.29973068833351135,1.4079999923706055,0.3248518705368042,0.3602313697338104,1.218999981880188
0,0,0,0,0,0,0.7057585120201111,-0.2883780300617218,3.0360000133514404,0.09265467524528503,0.01382082886993885,1.156000018119812,0.14005418121814728,0.14678047597408295,1.0609999895095825,0.16600701212882996,0.17303115129470825,1.1080000400543213,0.15279720723628998,0.4064755141735077,1.1434999704360962,0.33871549367904663,0.29516783356666565,1.4079999923706055,0.3373364508152008,0.36901044845581055,1.2284998893737793
0,0,0,0,0,0,0.7254359126091003,-0.29821670055389404,3.0360000133514404,0.09980060905218124,0.013773005455732346,1.1519999504089355,0.15516036748886108,0.14986486732959747,1.058500051498413,0.1642116755247116,0.16584981977939606,1.1080000400543213,0.15835578739643097,0.4157397449016571,1.1434999704360962,0.32916879653930664,0.2840232849121094,1.3870000839233398,0.3538439869880676,0.3737190067768097,1.2374999523162842
0,0,0,0,0,0,0.7451133131980896,-0.29329735040664673,3.0360000133514404,0.11267110705375671,0.01561247743666172,1.1500000953674316,0.16653458774089813,0.14758989214897156,1.0545001029968262,0,0,0,0.17317868769168854,0.4083283543586731,1.1434999704360962,0,0,0,0.35785433650016785,0.3717138469219208,1.2374999523162842
0,0,0,0,0,0,0.7729710340499878,-0.29757821559906006,3.0295000076293945,0.11267110705375671,0.004432185553014278,1.1500000953674316,0.17519383132457733,0.15641973912715912,1.0450000762939453,0,0,0,0.18027427792549133,0.40761417150497437,1.1414999961853027,0,0,0,0.36862340569496155,0.36844635009765625,1.2400000095367432
0.8189037442207336,-0.2490234225988388,3.0360000133514404,0,0,0,0.7920940518379211,-0.28890174627304077,2.990499973297119,0.11826128512620926,0.008158949203789234,1.1500000953674316,0.17536364495754242,0.14835792779922485,1.0360000133514404,0,0,0,0.18305572867393494,0.4015437364578247,1.124500036239624,0,0,0,0.37726786732673645,0.3730655908584595,1.2420001029968262
0.856279730796814,-0.2533572316169739,3.0290000438690186,0,0,0,0.8159505724906921,-0.2918810546398163,2.9714999198913574,0.12944164872169495,0.006295567378401756,1.1500000953674316,0.17987726628780365,0.14290690422058105,1.0329999923706055,0,0,0,0.18249385058879852,0.3963659107685089,1.1099998950958252,0,0,0,0.3839224576950073,0.38172903656959534,1.24399995803833
0.881926417350769,-0.2522698640823364,3.0160000324249268,0,0,0,0.5747954249382019,-0.20087391138076782,2.0450000762939453,0.14434880018234253,0.004432185553014278,1.1500000953674316,0.18111169338226318,0.13421227037906647,1.0304999351501465,0,0,0,0.18412640690803528,0.3906180262565613,1.1089999675750732,0,0,0,0.39261549711227417,0.39041849970817566,1.246000051498413
0.8946549892425537,-0.241973415017128,3.009500026702881,0,0,0,0.5707964897155762,-0.18854756653308868,1.9850000143051147,0.15512342751026154,0.008137664757668972,1.1470000743865967,0.18278145790100098,0.13421227037906647,1.0304999351501465,0,0,0,0.18371133506298065,0.38615161180496216,1.1064999103546143,0,0,0,0.4010128378868103,0.40285515785217285,1.246999979019165
0.9239134788513184,-0.2322206199169159,3.009500026702881,0,0,0,0.3248186409473419,-0.1024797335267067,1.1169999837875366,0.15835578739643097,0.009965682402253151,1.1434999704360962,0.18445122241973877,0.11918450891971588,1.0304999351501465,0,0,0,0.19088298082351685,0.38256585597991943,1.1064999103546143,0,0,0,0.40303343534469604,0.41295793652534485,1.246999979019165
