-0.1592666059732437,-0.19894063472747803,1.871000051498413,-0.13177573680877686,-0.23428083956241608,1.9119999408721924,-0.1813129335641861,-0.22650007903575897,1.8485000133514404,-0.04313866049051285,-0.23616650700569153,2.124000072479248,-0.20639951527118683,-0.10740002244710922,1.9144999980926514,0.14661012589931488,-0.16166622936725616,2.2360000610351562,-0.011482685804367065,0.05645890533924103,2.005000114440918,0.6056331992149353,-0.1789788007736206,3.999000072479248,0.10182902961969376,0.011136765591800213,0.9314999580383301
-0.1655508577823639,-0.19920645654201508,1.873500108718872,-0.1379719227552414,-0.2311827540397644,1.9119999408721924,-0.1873033493757248,-0.22949525713920593,1.8485000133514404,-0.03593112900853157,-0.2306431084871292,2.1050000190734863,-0.2188080996274948,-0.09809364378452301,1.9144999980926514,0.1562468558549881,-0.15680623054504395,2.2184998989105225,-0.027726616710424423,0.06945396959781647,2.005000114440918,0.6315522193908691,-0.17249907553195953,3.999000072479248,0.08687520772218704,0.01569000817835331,0.9329999685287476
-0.16858655214309692,-0.19920645654201508,1.873500108718872,-0.14416812360286713,-0.23428083956241608,1.9119999408721924,-0.1873033493757248,-0.22650007903575897,1.8485000133514404,-0.042752768844366074,-0.22723229229450226,2.1050000190734863,-0.21514259278774261,-0.11021354794502258,1.9094998836517334,0.1509663164615631,-0.15507455170154572,2.194000005722046,-0.04072175920009613,0.07595150172710419,2.005000114440918,0.6185926795005798,-0.17249907553195953,3.999000072479248,0.07797132432460785,0.020268674939870834,0.9350000023841858
-0.1774565726518631,-0.20197227597236633,1.871000051498413,-0.15036430954933167,-0.23737891018390656,1.9119999408721924,-0.19381657242774963,-0.23311929404735565,1.8534998893737793,-0.02897811494767666,-0.22620677947998047,2.0954999923706055,-0.22413089871406555,-0.11315923184156418,1.906999945640564,0.1509663164615631,-0.14796452224254608,2.194000005722046,-0.07657279819250107,0.10534777492284775,2.007999897003174,0.6121129393577576,-0.17249907553195953,3.999000072479248,0.06567509472370148,0.03230215609073639,0.9325000047683716
-0.1776936948299408,-0.20831353962421417,1.873500108718872,-0.15036430954933167,-0.2435750514268875,1.9119999408721924,-0.19433942437171936,-0.23675954341888428,1.8585000038146973,-0.02892971597611904,-0.2224392294883728,2.0920000076293945,-0.23031088709831238,-0.11933916807174683,1.906999945640564,0.14976216852664948,-0.14678432047367096,2.176500082015991,-0.11236291378736496,0.11836227774620056,2.007999897003174,0.38467198610305786,-0.09818132221698761,2.4609999656677246,0.05199260264635086,0.04431842640042305,0.9309999942779541
-0.1779308021068573,-0.21163123846054077,1.8760000467300415,-0.15346239507198334,-0.2435750514268875,1.9119999408721924,-0.197616308927536,-0.24009346961975098,1.8609999418258667,-0.03231947124004364,-0.21227002143859863,2.0920000076293945,-0.23031088709831238,-0.12242915481328964,1.906999945640564,0.14862681925296783,-0.1456715613603592,2.1600000858306885,-0.144899383187294,0.12486953288316727,2.007999897003174,0.07363133877515793,-0.018411491066217422,0.46149998903274536,0.038415756076574326,0.05789518728852272,0.9309999942779541
-0.1779308021068573,-0.21163123846054077,1.8760000467300415,-0.15346239507198334,-0.24667313694953918,1.9119999408721924,-0.19460083544254303,-0.24310891330242157,1.8609999418258667,-0.02892971597611904,-0.21227002143859863,2.0920000076293945,-0.2334008812904358,-0.11933916807174683,1.906999945640564,0.15212677419185638,-0.1456715613603592,2.1600000858306885,-0.1806894987821579,0.13463041186332703,2.007999897003174,0.0,-0.0,0.0,0.020313294604420662,0.06845489144325256,0.9309999942779541
-0.1781679093837738,-0.21495705842971802,1.878499984741211,-0.15346239507198334,-0.24977122247219086,1.9119999408721924,-0.1948622614145279,-0.24343550205230713,1.8634999990463257,-0.02561931498348713,-0.20952929556369781,2.0985000133514404,-0.24267086386680603,-0.1162492036819458,1.906999945640564,0.14862681925296783,-0.14217163622379303,2.1600000858306885,-0.21059973537921906,0.13503269851207733,2.0139999389648438,0.0,-0.0,0.0,0.008585900068283081,0.14710967242717743,1.5290000438690186
-0.1786421537399292,-0.21858112514019012,1.883500099182129,-0.15346239507198334,-0.24977122247219086,1.9119999408721924,-0.19512368738651276,-0.24678561091423035,1.8660000562667847,-0.018962223082780838,-0.21112684905529022,2.114500045776367,-0.24298898875713348,-0.11640159785747528,1.9094998836517334,0.1591266393661499,-0.13867172598838806,2.1600000858306885,-0.23413877189159393,0.1321619153022766,2.0199999809265137,0.0,-0.0,0.0,-0.03636639937758446,0.23259873688220978,2.130500078201294
-0.1791163682937622,-0.21916136145591736,1.8884999752044678,-0.156560480594635,-0.25286927819252014,1.9119999408721924,-0.19538511335849762,-0.24711623787879944,1.868499994277954,-0.015653567388653755,-0.21272441744804382,2.130500078201294,-0.24400702118873596,-0.11999625712633133,1.9175000190734863,0.15562669932842255,-0.1351718008518219,2.1600000858306885,-0.24790430068969727,0.1292397826910019,2.0255000591278076,0.0,-0.0,0.0,-0.0640886202454567,0.2606431543827057,2.134000062942505
-0.18241755664348602,-0.2225155383348465,1.8910000324249268,-0.1567651927471161,-0.2531999349594116,1.9144999980926514,-0.19867819547653198,-0.2504785358905792,1.871000051498413,-0.015679283067584038,-0.21307387948036194,2.134000062942505,-0.2447069138288498,-0.12345635145902634,1.9229999780654907,0.1532888412475586,-0.13267771899700165,2.176500082015991,-0.24528655409812927,0.12300893664360046,2.0310001373291016,0.0,-0.0,0.0,-0.08137767761945724,0.2848476767539978,2.134000062942505
-0.18294811248779297,-0.2231627255678177,1.8964999914169312,-0.1567651927471161,-0.2563020586967468,1.9144999980926514,-0.19867819547653198,-0.2504785358905792,1.871000051498413,-0.012221472337841988,-0.21307387948036194,2.134000062942505,-0.2453431636095047,-0.1237773522734642,1.9279999732971191,0.151688814163208,-0.13438457250595093,2.204500198364258,-0.2456488311290741,0.11659911274909973,2.0339999198913574,0.07375215739011765,-0.01787421852350235,0.46700000762939453,-0.1019570454955101,0.2843804955482483,2.130500078201294
-0.18371984362602234,-0.22719000279903412,1.9045000076293945,-0.156560480594635,-0.2559673488140106,1.9119999408721924,-0.19867819547653198,-0.2504785358905792,1.871000051498413,-0.012201427482068539,-0.21617652475833893,2.130500078201294,-0.2459794282913208,-0.1272304505109787,1.9329999685287476,0.15361545979976654,-0.1360914260149002,2.2325000762939453,-0.2460111528635025,0.11016985028982162,2.0369999408721924,0.1442454755306244,-0.03720198571681976,0.9325000047683716,-0.10819706320762634,0.27921420335769653,2.117500066757202
-0.1842021644115448,-0.22778645157814026,1.9094998836517334,-0.1567651927471161,-0.2563020586967468,1.9144999980926514,-0.19867819547653198,-0.25351017713546753,1.871000051498413,-0.008749288506805897,-0.21617652475833893,2.130500078201294,-0.2459794282913208,-0.13349466025829315,1.9329999685287476,0.15361545979976654,-0.13247404992580414,2.2325000762939453,-0.24673578143119812,0.11380469799041748,2.0429999828338623,0.14432281255722046,-0.03722193092107773,0.9329999685287476,-0.11162813007831573,0.28264525532722473,2.117500066757202
-0.18729619681835175,-0.230880469083786,1.9094998836517334,-0.1567651927471161,-0.25940418243408203,1.9144999980926514,-0.20170985162258148,-0.25654181838035583,1.871000051498413,-0.005313310772180557,-0.21683606505393982,2.13700008392334,-0.24284732341766357,-0.13349466025829315,1.9329999685287476,0.1582188755273819,-0.12966470420360565,2.246500015258789,-0.24860772490501404,0.11800356954336166,2.058499813079834,0.14281104505062103,-0.03722193092107773,0.9329999685287476,-0.11505921185016632,0.27921420335769653,2.117500066757202
-0.18729619681835175,-0.230880469083786,1.9094998836517334,-0.16032662987709045,-0.26014941930770874,1.9200000762939453,-0.20170985162258148,-0.25654181838035583,1.871000051498413,-0.0018562686163932085,-0.2140224277973175,2.1435000896453857,-0.24322421848773956,-0.1337018460035324,1.9359999895095825,0.1482493281364441,-0.1268380582332611,2.261000156402588,-0.25420746207237244,0.1190640851855278,2.0769999027252197,0.1397874802350998,-0.03722193092107773,0.9329999685287476,-0.11370077729225159,0.2793082296848297,2.0924999713897705
-0.19348429143428802,-0.24016255140304565,1.9094998836517334,-0.1665487289428711,-0.266371488571167,1.9200000762939453,-0.20170985162258148,-0.26260510087013245,1.871000051498413,0.0050901384092867374,-0.2105492502450943,2.1435000896453857,-0.24360111355781555,-0.1433344930410385,1.9390000104904175,0.1452891230583191,-0.11641094088554382,2.2719998359680176,-0.271817684173584,0.09578197449445724,2.0829999446868896,0.13676393032073975,-0.035710159689188004,0.9329999685287476,-0.12968578934669495,0.27723926305770874,2.0769999027252197
-0.19632096588611603,-0.2429380863904953,1.906999945640564,-0.1696597933769226,-0.2694825232028961,1.9200000762939453,-0.20474150776863098,-0.26563674211502075,1.871000051498413,0.0050747026689350605,-0.2099107801914215,2.13700008392334,-0.24360111355781555,-0.1433344930410385,1.9390000104904175,0.14254263043403625,-0.1060624048113823,2.2869999408721924,-0.27638188004493713,0.09280608594417572,2.0920000076293945,0.1337403655052185,-0.035710159689188004,0.9329999685287476,-0.13559569418430328,0.2688803970813751,2.064499855041504
-0.19941096007823944,-0.2429380863904953,1.906999945640564,-0.17227591574192047,-0.26871055364608765,1.9144999980926514,-0.20777317881584167,-0.26866838335990906,1.871000051498413,0.008525388315320015,-0.20961609482765198,2.134000062942505,-0.2442292869091034,-0.15000395476818085,1.944000005722046,0.13513118028640747,-0.09865100681781769,2.2869999408721924,-0.2772406339645386,0.08629390597343445,2.0985000133514404,0.13071680068969727,-0.03268662095069885,0.9329999685287476,-0.14785799384117126,0.2701817452907562,2.0490000247955322
-0.20223550498485565,-0.24570554494857788,1.9045000076293945,-0.17492003738880157,-0.27110278606414795,1.9094998836517334,-0.20777317881584167,-0.26866838335990906,1.871000051498413,0.011983199045062065,-0.20961609482765198,2.134000062942505,-0.24485744535923004,-0.15354779362678528,1.9490000009536743,0.13513118028640747,-0.09494531154632568,2.2869999408721924,-0.2780993580818176,0.08656120300292969,2.1050000190734863,0.13071680068969727,-0.031174853444099426,0.9329999685287476,-0.1544981598854065,0.2668616771697998,2.0490000247955322
