-0.005262714810669422,-0.1798655390739441,1.2815001010894775,0.0263286754488945,-0.21252277493476868,1.3034999370574951,-0.0263929795473814,-0.2160818874835968,1.2994999885559082,0.12280379980802536,-0.07806066423654556,1.3914999961853027,-0.03867544233798981,-0.1409669816493988,1.5364999771118164,0.190414696931839,0.10110148042440414,1.375,-0.06237435340881348,0.04163925349712372,1.569000005722046,0.2005421221256256,0.2502533197402954,1.2829999923706055,-0.12926499545574188,0.23101924359798431,1.7519999742507935
-0.022267060354351997,-0.1957760602235794,1.3045001029968262,0.0073392875492572784,-0.22156451642513275,1.306999921798706,-0.0455530509352684,-0.22554093599319458,1.3055000305175781,0.09888239949941635,-0.09468650817871094,1.4040000438690186,-0.05859268456697464,-0.15092554688453674,1.5364999771118164,0.17462819814682007,0.08763802796602249,1.3734999895095825,-0.07254362106323242,0.02638544887304306,1.569000005722046,0.18598981201648712,0.21075448393821716,1.2829999923706055,-0.1406203657388687,0.21398630738258362,1.7519999742507935
-0.04193956404924393,-0.20958733558654785,1.3250000476837158,-0.009749955497682095,-0.23785603046417236,1.3269999027252197,-0.06476442515850067,-0.23675067722797394,1.309000015258789,0.08099877089262009,-0.11561215668916702,1.409500002861023,-0.07104095816612244,-0.16337373852729797,1.5364999771118164,0.15381042659282684,0.06504954397678375,1.366499900817871,-0.08732188493013382,0.02118545211851597,1.5605000257492065,0.1655847728252411,0.18598297238349915,1.2699999809265137,-0.15197570621967316,0.19695338606834412,1.7519999742507935
-0.0572047084569931,-0.21692487597465515,1.3305000066757202,-0.02741863764822483,-0.2485409826040268,1.3499999046325684,-0.08220093697309494,-0.24450664222240448,1.316499948501587,0.06057257205247879,-0.12959054112434387,1.412500023841858,-0.08904433250427246,-0.17195455729961395,1.5464999675750732,0.13775436580181122,0.04935082793235779,1.3609999418258667,-0.09919589012861252,0.00596803380176425,1.5485000610351562,0.1511799395084381,0.16128911077976227,1.2699999809265137,-0.15765339136123657,0.1770816296339035,1.7519999742507935
-0.07706811279058456,-0.2269044667482376,1.3385000228881836,-0.04947583004832268,-0.26043927669525146,1.3550000190734863,-0.1000204011797905,-0.25496137142181396,1.3264999389648438,0.04926803708076477,-0.13684312999248505,1.4165000915527344,-0.1015736311674118,-0.18197792768478394,1.5464999675750732,0.11874417215585709,0.026987222954630852,1.3454999923706055,-0.10397852957248688,0.013464782387018204,1.5449999570846558,0.13823167979717255,0.14419934153556824,1.2645000219345093,-0.1690087467432022,0.16856516897678375,1.7519999742507935
-0.09276681393384933,-0.23471876978874207,1.3459999561309814,-0.06313467770814896,-0.2668825387954712,1.3654999732971191,-0.11355514079332352,-0.2607260048389435,1.3340001106262207,0.026362333446741104,-0.1508801430463791,1.4190000295639038,-0.11660878360271454,-0.19200129806995392,1.5464999675750732,0.09753873199224472,0.00724811339750886,1.3240000009536743,-0.11123625189065933,0.005941055249422789,1.5414999723434448,0.12053952366113663,0.12036246806383133,1.2510000467300415,-0.17428280413150787,0.15991240739822388,1.7200000286102295
-0.10863564163446426,-0.2404128611087799,1.3534998893737793,-0.07916971296072006,-0.27542316913604736,1.375,-0.1318773329257965,-0.269313782453537,1.3445000648498535,0.01725599728524685,-0.15630042552947998,1.4265000820159912,-0.1241263672709465,-0.1945071518421173,1.5464999675750732,0.08845347911119461,0.0008075541700236499,1.316499948501587,-0.12122728675603867,-0.004049912095069885,1.5414999723434448,0.10694779455661774,0.10677314549684525,1.2345000505447388,-0.17671974003314972,0.14616979658603668,1.690000057220459
-0.11995477229356766,-0.2499217689037323,1.3574999570846558,-0.09093352407217026,-0.2862994968891144,1.3845000267028809,-0.1438850611448288,-0.27800366282463074,1.3550000190734863,0.0010862542549148202,-0.17411254346370697,1.440000057220459,-0.13414978981018066,-0.2045305073261261,1.5464999675750732,0.07778758555650711,-0.0034587797708809376,1.316499948501587,-0.11872952431440353,-0.019036361947655678,1.5414999723434448,0.09267706423997879,0.10031666606664658,1.2050000429153442,-0.1794581264257431,0.1352163553237915,1.690000057220459
-0.13119399547576904,-0.25699296593666077,1.3599998950958252,-0.10541163384914398,-0.29362159967422485,1.3980000019073486,-0.1556057631969452,-0.28374943137168884,1.3615000247955322,-0.00828986894339323,-0.18440109491348267,1.4474999904632568,-0.13916151225566864,-0.20954221487045288,1.5464999675750732,0.06479104608297348,-0.018335070461034775,1.3125,-0.1265093833208084,-0.02408641017973423,1.5449999570846558,0.0845852941274643,0.08636152744293213,1.2009999752044678,-0.18427830934524536,0.12655037641525269,1.684000015258789
-0.13831163942813873,-0.2623613178730011,1.3650000095367432,-0.11492293328046799,-0.3015991449356079,1.403499960899353,-0.16491322219371796,-0.2934333086013794,1.3654999732971191,-0.015342086553573608,-0.189287930727005,1.4490000009536743,-0.14198799431324005,-0.21755096316337585,1.5499999523162842,0.05628424882888794,-0.03747524321079254,1.3125,-0.1315162479877472,-0.02909323386847973,1.5449999570846558,0.07513852417469025,0.07687635719776154,1.1749999523162842,-0.18362171947956085,0.11794274300336838,1.6779999732971191
-0.14775164425373077,-0.2678597867488861,1.3704999685287476,-0.1247706338763237,-0.3080015480518341,1.4119999408721924,-0.17255602777004242,-0.29737797379493713,1.3734999895095825,-0.022432060912251472,-0.19203253090381622,1.4520000219345093,-0.1426292359828949,-0.2261020392179489,1.5570000410079956,0.05397186428308487,-0.03946615010499954,1.3079999685287476,-0.1315162479877472,-0.036603476852178574,1.5449999570846558,0.06561902165412903,0.06926079839468002,1.1749999523162842,-0.18634065985679626,0.11250489950180054,1.6779999732971191
-0.15280377864837646,-0.27562347054481506,1.375999927520752,-0.13012513518333435,-0.31676071882247925,1.4205000400543213,-0.17784476280212402,-0.30549344420433044,1.3799999952316284,-0.024887213483452797,-0.2022758275270462,1.4579999446868896,-0.14848116040229797,-0.23240965604782104,1.565500020980835,0.049733053892850876,-0.03946615010499954,1.3079999685287476,-0.13652311265468597,-0.04411371424794197,1.5449999570846558,0.061811212450265884,0.059741344302892685,1.1749999523162842,-0.18905958533287048,0.10434814542531967,1.6779999732971191
-0.15644173324108124,-0.2803771495819092,1.3884999752044678,-0.13284634053707123,-0.3246910870075226,1.4249999523162842,-0.18099431693553925,-0.31153789162635803,1.3870000839233398,-0.027305742725729942,-0.20269204676151276,1.4609999656677246,-0.151548370718956,-0.23831723630428314,1.5709999799728394,0.04996118322014809,-0.050292763859033585,1.313999891281128,-0.13652311265468597,-0.05162395164370537,1.5449999570846558,0.05800341069698334,0.05593356490135193,1.1749999523162842,-0.19223567843437195,0.10187149792909622,1.681999921798706
-0.15994876623153687,-0.28713366389274597,1.3994998931884766,-0.1358666718006134,-0.32872113585472107,1.4325000047683716,-0.1843646764755249,-0.3157082200050354,1.3954999446868896,-0.03207327798008919,-0.214748814702034,1.462499976158142,-0.1518860012292862,-0.24395060539245605,1.5744999647140503,0.04149198159575462,-0.05248172953724861,1.315500020980835,-0.13665565848350525,-0.05167407542467117,1.5464999675750732,0.05229170620441437,0.050221897661685944,1.1749999523162842,-0.1949610859155655,0.09914609044790268,1.681999921798706
-0.16513052582740784,-0.2905386686325073,1.4049999713897705,-0.13876661658287048,-0.33242881298065186,1.4385000467300415,-0.18716078996658325,-0.3188808262348175,1.3994998931884766,-0.0345136784017086,-0.2175639420747757,1.465499997138977,-0.14999869465827942,-0.24759773910045624,1.5815000534057617,0.04575509950518608,-0.05674482136964798,1.315500020980835,-0.13678820431232452,-0.05172419548034668,1.5479999780654907,0.048525165766477585,0.050264641642570496,1.1759999990463257,-0.19721639156341553,0.0961913987994194,1.6779999732971191
-0.1679432988166809,-0.293753057718277,1.409500002861023,-0.14357788860797882,-0.3327754735946655,1.440000057220459,-0.19203858077526093,-0.3217221796512604,1.4019999504089355,-0.03688829392194748,-0.22231312096118927,1.465499997138977,-0.152898907661438,-0.24557746946811676,1.5850000381469727,0.03722885996103287,-0.05674482136964798,1.315500020980835,-0.13696493208408356,-0.04676799103617668,1.5499999523162842,0.044714123010635376,0.04835912957787514,1.1759999990463257,-0.2031373381614685,0.09369529783725739,1.681999921798706
-0.17058947682380676,-0.29666703939437866,1.412500023841858,-0.1460631638765335,-0.3331220746040344,1.441499948501587,-0.19700266420841217,-0.3246871531009674,1.4049999713897705,-0.03926290199160576,-0.22231312096118927,1.465499997138977,-0.15581044554710388,-0.24869364500045776,1.5885000228881836,0.03317874297499657,-0.0571114718914032,1.3240000009536743,-0.13696493208408356,-0.05179101973772049,1.5499999523162842,0.044714123010635376,0.050264641642570496,1.1759999990463257,-0.21231867372989655,0.09414093941450119,1.690000057220459
-0.17391854524612427,-0.3007547855377197,1.4210000038146973,-0.14870773255825043,-0.3361559510231018,1.4444999694824219,-0.1974233239889145,-0.32538044452667236,1.4079999923706055,-0.03926290199160576,-0.21518933773040771,1.465499997138977,-0.15615373849868774,-0.24924160540103912,1.5920000076293945,0.035484157502651215,-0.05952533334493637,1.3300000429153442,-0.1396564394235611,-0.05437260493636131,1.5520000457763672,0.04486621171236038,0.04852361977100372,1.1800000667572021,-0.21156486868858337,0.09107807278633118,1.684000015258789
-0.17264258861541748,-0.30487003922462463,1.4294999837875366,-0.1493254154920578,-0.3399025499820709,1.4505000114440918,-0.19819451868534088,-0.32894182205200195,1.4135000705718994,-0.04163751378655434,-0.2175639420747757,1.465499997138977,-0.15654608607292175,-0.24986782670021057,1.5959999561309814,0.03332910314202309,-0.05952533334493637,1.3300000429153442,-0.13727420568466187,-0.051907967776060104,1.5534999370574951,0.042954206466674805,0.04852361977100372,1.1800000667572021,-0.21505704522132874,0.0886642187833786,1.690000057220459
-0.1730049103498459,-0.30550986528396606,1.4325000047683716,-0.14773507416248322,-0.3440224528312683,1.4579999446868896,-0.19917601346969604,-0.33287250995635986,1.4205000400543213,-0.03926290199160576,-0.2175639420747757,1.465499997138977,-0.15688937902450562,-0.2530075013637543,1.5994999408721924,0.03332910314202309,-0.05952533334493637,1.3300000429153442,-0.13992637395858765,-0.05195808783173561,1.5549999475479126,0.04505632072687149,0.05064931884407997,1.184999942779541,-0.2183108925819397,0.09161891043186188,1.694000005722046
