0.1351907104253769,-0.26114773750305176,1.7214999198913574,0.16524802148342133,-0.2851715683937073,1.715000033378601,0.10259483009576797,-0.2864912748336792,1.690000057220459,0.2389897108078003,-0.13970275223255157,1.810499906539917,-0.04723336547613144,-0.0931878536939621,1.7630000114440918,0.4398442804813385,-0.19879451394081116,1.7130000591278076,-0.10279417037963867,0.14995431900024414,1.8370000123977661,0.6053563952445984,-0.28748106956481934,1.534500002861023,-0.11197361350059509,0.39039725065231323,1.8914999961853027
0.12649093568325043,-0.25768300890922546,1.7170000076293945,0.15359322726726532,-0.2841738760471344,1.7089999914169312,0.09404462575912476,-0.28547412157058716,1.684000015258789,0.23106226325035095,-0.13265277445316315,1.7944999933242798,-0.05572422221302986,-0.09305570274591446,1.7604999542236328,0.4342929720878601,-0.19601887464523315,1.7130000591278076,-0.11126773059368134,0.15230649709701538,1.8294999599456787,0.5959489345550537,-0.2865443229675293,1.5295000076293945,-0.12049561738967896,0.39127790927886963,1.88100004196167
0.11495929211378098,-0.2540101706981659,1.7109999656677246,0.14753510057926178,-0.2831761837005615,1.7029999494552612,0.08555274456739426,-0.2817380726337433,1.6779999732971191,0.217230424284935,-0.13707922399044037,1.7764999866485596,-0.0668867975473404,-0.08702800422906876,1.753999948501587,0.4148634374141693,-0.19046762585639954,1.7130000591278076,-0.11999678611755371,0.1520983725786209,1.8270000219345093,0.5761418342590332,-0.28285881876945496,1.5230000019073486,-0.13268707692623138,0.39737361669540405,1.88100004196167
0.10614347457885742,-0.25282251834869385,1.7030000686645508,0.13597635924816132,-0.2793464660644531,1.6965000629425049,0.0746770054101944,-0.2817380726337433,1.6779999732971191,0.2106400728225708,-0.13653908669948578,1.7695000171661377,-0.07513357698917389,-0.08953703194856644,1.747499942779541,0.4051125645637512,-0.19533228874206543,1.7070000171661377,-0.12574520707130432,0.15484654903411865,1.8245000839233398,0.5607823133468628,-0.28997623920440674,1.5214999914169312,-0.14468596875667572,0.4029330611228943,1.878499984741211
0.10038822889328003,-0.25222867727279663,1.6990000009536743,0.12951715290546417,-0.27728819847106934,1.684000015258789,0.06915660947561264,-0.27868661284446716,1.6759999990463257,0.20438458025455475,-0.12761220335960388,1.7649999856948853,-0.08058860898017883,-0.09213069826364517,1.7430000305175781,0.37928321957588196,-0.18248750269412994,1.690500020980835,-0.13461415469646454,0.1637154370546341,1.8245000839233398,0.5361288189888,-0.2973722517490387,1.5214999914169312,-0.15665246546268463,0.40543654561042786,1.8760000467300415
0.09463100135326385,-0.24881495535373688,1.6944999694824219,0.12089888006448746,-0.27358129620552063,1.6779999732971191,0.06357313692569733,-0.2780214846134186,1.6719999313354492,0.19530564546585083,-0.12158165872097015,1.7604999542236328,-0.08895918726921082,-0.08920399099588394,1.7410000562667847,0.3660387396812439,-0.17863188683986664,1.6800000667572021,-0.14328649640083313,0.16349110007286072,1.8220000267028809,0.5092902183532715,-0.31083065271377563,1.5149999856948853,-0.1657717525959015,0.3993570804595947,1.8760000467300415
0.08890294283628464,-0.24815420806407928,1.690000057220459,0.11817995458841324,-0.27358129620552063,1.6779999732971191,0.05808514729142189,-0.2776889204978943,1.6699999570846558,0.18911579251289368,-0.11842557787895203,1.75600004196167,-0.09742223471403122,-0.08356199413537979,1.7410000562667847,0.3588772416114807,-0.1804904341697693,1.6719999313354492,-0.1490272432565689,0.1603626310825348,1.8199999332427979,0.4870660603046417,-0.3165148198604584,1.5069999694824219,-0.17162227630615234,0.39882490038871765,1.873500108718872
0.08616456389427185,-0.24815420806407928,1.690000057220459,0.11817995458841324,-0.27358129620552063,1.6779999732971191,0.05524653196334839,-0.2770237922668457,1.6659998893737793,0.1851036250591278,-0.11768372356891632,1.744999885559082,-0.09742223471403122,-0.08074099570512772,1.7410000562667847,0.3494909405708313,-0.1852417141199112,1.6660000085830688,-0.15180926024913788,0.16902369260787964,1.8179999589920044,0.45139411091804504,-0.316205233335495,1.49399995803833,-0.1769823282957077,0.39722827076911926,1.8659999370574951
0.08049683272838593,-0.24483497440814972,1.686000108718872,0.11274208128452301,-0.27358129620552063,1.6779999732971191,0.049727872014045715,-0.2763586640357971,1.6619999408721924,0.17852310836315155,-0.11988966912031174,1.7359999418258667,-0.10561159998178482,-0.08053230494260788,1.7365000247955322,0.340162992477417,-0.18457457423210144,1.6600000858306885,-0.15748396515846252,0.16584956645965576,1.815500020980835,0.3767261207103729,-0.3172861933708191,1.4765000343322754,-0.19433942437171936,0.3896089494228363,1.8585000038146973
0.08030585199594498,-0.24425409734249115,1.6820000410079956,0.10717631876468658,-0.27325522899627686,1.6759999990463257,0.04682261124253273,-0.2724307179450989,1.6545000076293945,0.17510291934013367,-0.11667212098836899,1.7300000190734863,-0.11053439229726791,-0.07722628116607666,1.7254999876022339,0.33584681153297424,-0.18903861939907074,1.6519999504089355,-0.15998387336730957,0.16539278626441956,1.810499906539917,0.33145585656166077,-0.30838900804519653,1.4459999799728394,-0.1940779983997345,0.3890848457813263,1.8559999465942383
0.07748819142580032,-0.24396367371082306,1.6800000667572021,0.10717631876468658,-0.27325522899627686,1.6759999990463257,0.046610359102487564,-0.27119576930999756,1.6469999551773071,0.17170214653015137,-0.11347402632236481,1.7239999771118164,-0.11011800169944763,-0.07693536579608917,1.718999981880188,0.3410671055316925,-0.1901487410068512,1.6384999752044678,-0.16273753345012665,0.16521009802818298,1.808500051498413,0.29088032245635986,-0.2912370562553406,1.4194999933242798,-0.19381657242774963,0.3885607421398163,1.8534998893737793
0.07992389798164368,-0.2430923730134964,1.6740000247955322,0.10704842954874039,-0.2729291617870331,1.6740000247955322,0.046610359102487564,-0.27119576930999756,1.6469999551773071,0.17170214653015137,-0.11347402632236481,1.7239999771118164,-0.10986176133155823,-0.07675634324550629,1.7149999141693115,0.34057533740997314,-0.1884079873561859,1.6234999895095825,-0.16479767858982086,0.1643422544002533,1.7990000247955322,0.2611464560031891,-0.2820333242416382,1.4079999923706055,-0.19355516135692596,0.38803666830062866,1.8509999513626099
0.07973291724920273,-0.24251149594783783,1.6699999570846558,0.10949861258268356,-0.27227699756622314,1.6700000762939453,0.04927906394004822,-0.27119576930999756,1.6469999551773071,0.1770319789648056,-0.11609887331724167,1.7214999198913574,-0.10960552841424942,-0.0765773206949234,1.7109999656677246,0.34535494446754456,-0.18933235108852386,1.6089999675750732,-0.16143275797367096,0.1667923629283905,1.7940000295639038,0.24666692316532135,-0.27430951595306396,1.403499960899353,-0.19355516135692596,0.39403513073921204,1.8509999513626099
0.08224143087863922,-0.24193061888217926,1.6659998893737793,0.11166705936193466,-0.27097266912460327,1.6619999408721924,0.05158504843711853,-0.2693021595478058,1.6354999542236328,0.17378711700439453,-0.11301328986883163,1.7170000076293945,-0.106583371758461,-0.07639829814434052,1.7070000171661377,0.3406328856945038,-0.1841721385717392,1.5870000123977661,-0.1583491414785385,0.16660642623901367,1.7920000553131104,0.23941725492477417,-0.2738209068775177,1.4010000228881836,-0.19029854238033295,0.39350295066833496,1.8485000133514404
0.08693023771047592,-0.23997019231319427,1.6524999141693115,0.11638400703668594,-0.26942378282546997,1.6524999141693115,0.05634607374668121,-0.26674994826316833,1.6200000047683716,0.17636355757713318,-0.11288164556026459,1.715000033378601,-0.10330048203468323,-0.081522136926651,1.6984999179840088,0.33794987201690674,-0.1852727085351944,1.5744999647140503,-0.15505512058734894,0.16618803143501282,1.7874999046325684,0.24832028150558472,-0.2849677801132202,1.399999976158142,-0.18405887484550476,0.38698849081993103,1.8459999561309814
0.09441716223955154,-0.2412528693675995,1.6430000066757202,0.12400275468826294,-0.27119576930999756,1.6469999551773071,0.06144389882683754,-0.26870977878570557,1.6160000562667847,0.1817092001438141,-0.11275000870227814,1.7130000591278076,-0.09204737097024918,-0.08405099809169769,1.694000005722046,0.3339075446128845,-0.18698889017105103,1.5674999952316284,-0.15117985010147095,0.15936344861984253,1.7760000228881836,0.26816076040267944,-0.2956751883029938,1.3970000743865967,-0.17489571869373322,0.3805934488773346,1.843999981880188
0.1018117144703865,-0.24515153467655182,1.6334999799728394,0.1320088654756546,-0.2738644480705261,1.6469999551773071,0.07182878255844116,-0.27360764145851135,1.6140000820159912,0.1895923614501953,-0.10971757769584656,1.7089999914169312,-0.08645545691251755,-0.08943496644496918,1.6920000314712524,0.33956629037857056,-0.19096586108207703,1.558500051498413,-0.1425466686487198,0.15648573637008667,1.7760000228881836,0.29694873094558716,-0.301816463470459,1.3940000534057617,-0.15978269279003143,0.38913458585739136,1.8420000076293945
0.1091139018535614,-0.24635721743106842,1.6239999532699585,0.14251041412353516,-0.27886277437210083,1.6449999809265137,0.07940296828746796,-0.27788785099983215,1.6085000038146973,0.19490234553813934,-0.11788690835237503,1.7070000171661377,-0.08361488580703735,-0.1002826988697052,1.690000057220459,0.33847686648368835,-0.18531879782676697,1.5534999370574951,-0.13679121434688568,0.14785261452198029,1.7760000228881836,0.3282177448272705,-0.31051692366600037,1.3925000429153442,-0.14704138040542603,0.3751482367515564,1.8320000171661377
0.1326332837343216,-0.2591947019100189,1.621999979019165,0.16609473526477814,-0.2888205647468567,1.6410000324249268,0.10250813513994217,-0.28732722997665405,1.6029999256134033,0.21702973544597626,-0.12341871112585068,1.7070000171661377,-0.06444624066352844,-0.11397450417280197,1.690000057220459,0.3578065037727356,-0.18490128219127655,1.5499999523162842,-0.12240257114171982,0.12195321917533875,1.7760000228881836,0.39955753087997437,-0.3211052119731903,1.3895000219345093,-0.12329363822937012,0.3543691039085388,1.8320000171661377
0.14523501694202423,-0.2660912871360779,1.6159999370574951,0.17895236611366272,-0.29342153668403625,1.6370000839233398,0.1126512736082077,-0.2944750487804413,1.5994999408721924,0.2247995138168335,-0.12588892877101898,1.7030000686645508,-0.05069427937269211,-0.1247800961136818,1.687999963760376,0.369049996137619,-0.17923998832702637,1.5444999933242798,-0.11605600267648697,0.11274582892656326,1.7669999599456787,0.43130242824554443,-0.30391666293144226,1.3830000162124634,-0.10464796423912048,0.33978453278541565,1.8174999952316284
