-0.15989434719085693,-0.3902353048324585,1.5780000686645508,-0.14520898461341858,-0.3984581232070923,1.531000018119812,0,0,0,-0.10035856068134308,-0.17484928667545319,1.527999997138977,0.07891803234815598,-0.30114075541496277,1.7109999656677246,-0.14130549132823944,0.019846519455313683,1.6600000858306885,0,0,0,-0.23600035905838013,0.15029817819595337,1.878499984741211,0,0,0
-0.1596916764974594,-0.3846333920955658,1.5759999752044678,-0.14740033447742462,-0.3927255868911743,1.527999997138977,0,0,0,-0.10330553352832794,-0.17316308617591858,1.534999966621399,0.07891803234815598,-0.30114075541496277,1.7109999656677246,-0.13592596352100372,0.02522602118551731,1.6600000858306885,0,0,0,-0.23295654356479645,0.15942956507205963,1.878499984741211,0,0,0
-0.16479898989200592,-0.3846333920955658,1.5759999752044678,-0.1471109241247177,-0.39195454120635986,1.524999976158142,0,0,0,-0.09852326661348343,-0.16851738095283508,1.5379999876022339,0.07614562660455704,-0.298368364572525,1.7109999656677246,-0.13641725480556488,0.03341561555862427,1.6660000085830688,0,0,0,-0.2262650430202484,0.1650765985250473,1.8734999895095825,0,0,0
-0.16719338297843933,-0.3817161023616791,1.5744999647140503,-0.14909151196479797,-0.385743647813797,1.5199999809265137,0,0,0,-0.09871543943881989,-0.16385222971439362,1.5410000085830688,0.07068333774805069,-0.2959415018558502,1.7130000591278076,-0.13133284449577332,0.036201804876327515,1.6700000762939453,0,0,0,-0.21555083990097046,0.1722898781299591,1.8860000371932983,0,0,0
-0.16958288848400116,-0.3737061023712158,1.5729999542236328,-0.1540173590183258,-0.3758920431137085,1.5199999809265137,0,0,0,-0.09372155368328094,-0.1563614308834076,1.5410000085830688,0.07060081511735916,-0.2955959737300873,1.7109999656677246,-0.12908899784088135,0.039047546684741974,1.6759999990463257,0,0,0,-0.21555083990097046,0.184513658285141,1.8860000371932983,0,0,0
-0.17445839941501617,-0.3681398630142212,1.5709999799728394,-0.15351071953773499,-0.374655544757843,1.5149999856948853,0,0,0,-0.08872765302658081,-0.1563614308834076,1.5410000085830688,0.06505600363016129,-0.30114075541496277,1.7109999656677246,-0.12908899784088135,0.044478897005319595,1.6759999990463257,0.06595870107412338,-0.11331550031900406,1.381500005722046,-0.2127765417098999,0.2000582367181778,1.8884999752044678,0,0,0
-0.17131097614765167,-0.3668510317802429,1.565500020980835,-0.15300408005714417,-0.37341904640197754,1.5099999904632568,0,0,0,-0.08373375982046127,-0.16135530173778534,1.5410000085830688,0.06221079081296921,-0.2980195879936218,1.7089999914169312,-0.12424787133932114,0.04469120875000954,1.684000015258789,0.06893767416477203,-0.11907143145799637,1.3964999914169312,-0.20665651559829712,0.2122982144355774,1.8884999752044678,0,0,0
-0.17345894873142242,-0.36603087186813354,1.562000036239624,-0.1549360603094101,-0.37218257784843445,1.5049999952316284,0,0,0,-0.07873986661434174,-0.16135530173778534,1.5410000085830688,0.05937206745147705,-0.297670841217041,1.7070000171661377,-0.11879055947065353,0.04469120875000954,1.684000015258789,0.07626835256814957,-0.11080808937549591,1.406499981880188,-0.20053648948669434,0.22453820705413818,1.8884999752044678,0,0,0
-0.1709279716014862,-0.3710927665233612,1.562000036239624,-0.15249745547771454,-0.3770597577095032,1.5049999952316284,0,0,0,-0.0737459734082222,-0.1663491576910019,1.5410000085830688,0.05937206745147705,-0.30043676495552063,1.7070000171661377,-0.10004515945911407,0.04485044255852699,1.690000057220459,0.08519303798675537,-0.11771143972873688,1.5255000591278076,-0.1926148682832718,0.23458407819271088,1.871000051498413,0,0,0
-0.16333505511283875,-0.3710927665233612,1.562000036239624,-0.14518161118030548,-0.3746211528778076,1.5049999952316284,0,0,0,-0.06375818699598312,-0.16385222971439362,1.5410000085830688,0.056606143712997437,-0.30043676495552063,1.7070000171661377,-0.09183002263307571,0.0421120822429657,1.690000057220459,0.10062458366155624,-0.13692665100097656,1.7030000686645508,-0.1804882287979126,0.2406473606824875,1.871000051498413,0,0,0
-0.1582731008529663,-0.37362372875213623,1.562000036239624,-0.13786576688289642,-0.37949836254119873,1.5049999952316284,0,0,0,-0.05626734346151352,-0.1663491576910019,1.5410000085830688,0.056672465056180954,-0.3007887601852417,1.7089999914169312,-0.0782305970788002,0.05312832444906235,1.6920000314712524,0.10208891332149506,-0.14859330654144287,1.7764999866485596,-0.1670118123292923,0.24473270773887634,1.8559999465942383,0,0,0
-0.14814920723438263,-0.37615469098091125,1.562000036239624,-0.12811130285263062,-0.3819369673728943,1.5049999952316284,0,0,0,-0.02380702830851078,-0.1663491576910019,1.5410000085830688,0.0511341355741024,-0.30632704496383667,1.7089999914169312,-0.05896947905421257,0.053065527230501175,1.690000057220459,0,0,0,-0.1485663801431656,0.24707265198230743,1.8509999513626099,0,0,0
-0.13802531361579895,-0.37615469098091125,1.562000036239624,-0.11875005066394806,-0.3832058608531952,1.5099999904632568,0,0,0,-0.003831451293081045,-0.1863245964050293,1.5410000085830688,0.056606143712997437,-0.3115003705024719,1.7070000171661377,-0.034324076026678085,0.06401897221803665,1.690000057220459,0,0,0,-0.13074719905853271,0.2594194710254669,1.8534998893737793,0,0,0
-0.1258118897676468,-0.3774791657924652,1.5674999952316284,-0.10441435128450394,-0.38692954182624817,1.5149999856948853,0,0,0,0.02113802172243595,-0.1938154101371765,1.5410000085830688,0.056606143712997437,-0.319798082113266,1.7070000171661377,-0.012417051009833813,0.04758880287408829,1.690000057220459,0,0,0,-0.1003338024020195,0.2554478049278259,1.8464999198913574,0,0,0
-0.10889417678117752,-0.3804893493652344,1.5799999237060547,-0.08731698989868164,-0.3848554491996765,1.5164999961853027,0,0,0,0.04361054301261902,-0.20380312204360962,1.5410000085830688,0.04272640123963356,-0.29455938935279846,1.7049999237060547,0.025950919836759567,0.03667871281504631,1.6920000314712524,0,0,0,-0.07024258375167847,0.24885596334934235,1.8420000076293945,0,0,0
-0.08900061249732971,-0.3881722092628479,1.590499997138977,-0.06794900447130203,-0.3914405107498169,1.5230000019073486,0,0,0,0.06358612328767776,-0.2063000649213791,1.5410000085830688,0.04538236930966377,-0.29111218452453613,1.7009999752044678,0.050879813730716705,0.034107595682144165,1.7005000114440918,0.021489854902029037,-0.04208807274699211,1.7764999866485596,-0.040231406688690186,0.2508152425289154,1.8345000743865967,0,0,0
-0.06861984729766846,-0.3895145058631897,1.5959999561309814,-0.04608434438705444,-0.39439621567726135,1.534500002861023,0,0,0,0.09158431738615036,-0.21001644432544708,1.5499999523162842,0.0534459613263607,-0.2927453815937042,1.6944999694824219,0.07843372970819473,0.036862973123788834,1.7005000114440918,0.03300400450825691,-0.059359192848205566,1.7764999866485596,-0.013478745706379414,0.26567772030830383,1.8345000743865967,-0.024216430261731148,0.02890009433031082,1.5674999952316284
-0.04540208354592323,-0.39000263810157776,1.5980000495910645,-0.023861100897192955,-0.39696642756462097,1.5444999933242798,0,0,0,0.11039754748344421,-0.22254706919193268,1.5674999952316284,0.06717430800199509,-0.2982367277145386,1.6944999694824219,0.11773170530796051,0.0398629792034626,1.7109999656677246,0.05315377190709114,-0.07663030922412872,1.7764999866485596,0.02813650295138359,0.25378772616386414,1.8345000743865967,-0.003937121015042067,0.0214977003633976,1.5835000276565552
-0.022119062021374702,-0.3903687000274658,1.5994999408721924,0.00116923195309937,-0.39838001132011414,1.5499999523162842,0,0,0,0.14244896173477173,-0.23016810417175293,1.5850000381469727,0.06991997361183167,-0.30098235607147217,1.6944999694824219,0.1454557478427887,0.03431819751858711,1.7109999656677246,0.06466791778802872,-0.07950883358716965,1.7764999866485596,0.05494900047779083,0.26299163699150085,1.8364999294281006,0.003794747404754162,0.029462425038218498,1.5980000495910645
0.0012092121178284287,-0.39122289419174194,1.6029999256134033,0.026437154039740562,-0.40069320797920227,1.559000015258789,0.0009704625699669123,-0.33690908551216125,1.2864999771118164,0.16686883568763733,-0.2397487461566925,1.597499966621399,0.08364832401275635,-0.3119649589061737,1.6944999694824219,0.17404015362262726,0.026130206882953644,1.7195000648498535,0.06688107550144196,-0.09582658857107162,1.7590000629425049,0.08470658212900162,0.2540644109249115,1.8364999294281006,0.011587992310523987,0.024337030947208405,1.6015000343322754
