0,0,0,0,0,0,0,0,0,0.17219430208206177,0.006224399898201227,1.1370000839233398,-0.08769681304693222,-0.023638298735022545,1.071000099182129,0.18013133108615875,0.18406996130943298,1.2709999084472656,-0.19682322442531586,0.17788124084472656,1.1510000228881836,0.1853710412979126,0.27473026514053345,1.127500057220459,-0.02555260621011257,0.17119739949703217,1.0850000381469727
0,0,0,0,0,0,0.04850482940673828,0.06287234276533127,0.8945000171661377,0.17803387343883514,0.0006986738881096244,1.1389999389648438,-0.08773774653673172,-0.02364933304488659,1.0715000629425049,0.1825491487979889,0.18236854672431946,1.2734999656677246,-0.20055323839187622,0.17788124084472656,1.1510000228881836,0.1853710412979126,0.27473026514053345,1.127500057220459,-0.020297082141041756,0.16783581674098969,1.0859999656677246
0.08335735648870468,0.07721469551324844,0.9275000095367432,0,0,0,0.05575181171298027,0.06142294779419899,0.8945000171661377,0.176497682929039,0.0006999007891863585,1.1410000324249268,-0.08628247678279877,-0.025468438863754272,1.0750000476837158,0.18290752172470093,0.17859145998954773,1.2760000228881836,-0.19495819509029388,0.17974625527858734,1.1510000228881836,0.1853710412979126,0.2710764408111572,1.127500057220459,-0.018537389114499092,0.16431646049022675,1.0859999656677246
0.09087169170379639,0.07420897483825684,0.9275000095367432,0.10618734359741211,0.05702458322048187,0.9169999957084656,0.06154939532279968,0.05997356399893761,0.8945000171661377,0.17850279808044434,0.002550933277234435,1.1419999599456787,-0.08469788730144501,-0.02726092003285885,1.0770000219345093,0.1875556856393814,0.18737418949604034,1.2795000076293945,-0.19799774885177612,0.18098010122776031,1.1470000743865967,0.18736398220062256,0.2768024802207947,1.128499984741211,-0.01680087298154831,0.1610191911458969,1.0875000953674316
0.09317132085561752,0.07484905421733856,0.9355000257492065,0.1062452420592308,0.05556902661919594,0.9175000190734863,0.06303400546312332,0.06000708416104317,0.8949999809265137,0.1767296940088272,0.0025520501658320427,1.1424999237060547,-0.08469788730144501,-0.02726092003285885,1.0770000219345093,0.18562740087509155,0.18337096273899078,1.2804999351501465,-0.1948567032814026,0.17795035243034363,1.1395000219345093,0.19102109968662262,0.28411665558815,1.128499984741211,-0.013258315622806549,0.15727771818637848,1.0859999656677246
0.08794602006673813,0.07403873652219772,0.9444999694824219,0.10046257078647614,0.051192618906497955,0.9190000295639038,0.054423823952674866,0.05720239505171776,0.8964999914169312,0.17510809004306793,0.0007017410243861377,1.1440000534057617,-0.07946256548166275,-0.02900601737201214,1.0770000219345093,0.183552548289299,0.1792212724685669,1.2804999351501465,-0.18873606622219086,0.1774037778377533,1.1360000371932983,0.1898631453514099,0.2814536392688751,1.1324999332427979,-0.013258315622806549,0.1555180549621582,1.0859999656677246
0.08827191591262817,0.07277702540159225,0.9479999542236328,0.09918886423110962,0.05130402743816376,0.9210000038146973,0,0,0,0.17897173762321472,-0.0011529256589710712,1.1449999809265137,-0.07949945330619812,-0.030765390023589134,1.0774999856948853,0.18584483861923218,0.18150849640369415,1.281999945640564,-0.1848917305469513,0.1754085123538971,1.1349999904632568,0.19353319704532623,0.2832886874675751,1.1324999332427979,-0.009738932363688946,0.15375836193561554,1.0859999656677246
0.08673583716154099,0.07124094665050507,0.9479999542236328,0.09945810586214066,0.0484505370259285,0.9235000014305115,0.052971187978982925,0.05429714545607567,0.8964999914169312,0.17897173762321472,-0.0011529256589710712,1.1449999809265137,-0.07953634113073349,-0.03077966533601284,1.0779999494552612,0.18999941647052765,0.1835857629776001,1.281999945640564,-0.18599046766757965,0.17288126051425934,1.1304999589920044,0.19536826014518738,0.28512370586395264,1.1324999332427979,-0.01149862352758646,0.1502390056848526,1.0859999656677246
0.08906429260969162,0.07286658883094788,0.9909999370574951,0.09838603436946869,0.04715753346681595,0.9275000095367432,0.05026137828826904,0.053050823509693146,0.8999999761581421,0.18098492920398712,-0.0011539325350895524,1.1459999084472656,-0.07775352895259857,-0.03251129761338234,1.0774999856948853,0.1920766830444336,0.18566301465034485,1.281999945640564,-0.18326273560523987,0.17386306822299957,1.125,0.19536826014518738,0.28512370586395264,1.1324999332427979,-0.004449591506272554,0.155160054564476,1.0835000276565552
0.09147404879331589,0.07621213048696518,1.0364999771118164,0.0984921082854271,0.044199418276548386,0.9284999966621399,0.05042891576886177,0.05322766304016113,0.902999997138977,0.1865556687116623,-0.004867733456194401,1.1459999084472656,-0.07775352895259857,-0.034257203340530396,1.0774999856948853,0.19468404352664948,0.18825286626815796,1.2855000495910645,-0.18087537586688995,0.1733221560716629,1.121500015258789,0.19641971588134766,0.28581851720809937,1.128000020980835,-0.0026877347845584154,0.15480205416679382,1.0810000896453857
0.09187118709087372,0.07316948473453522,1.0410000085830688,0.095534548163414,0.04422322288155556,0.9290000200271606,0.0490741953253746,0.050412751734256744,0.9049999713897705,0.1814587116241455,-0.0011569532798603177,1.1489999294281006,-0.07735664397478104,-0.03408234193921089,1.0720000267028809,0.1974557787179947,0.19518253207206726,1.2899999618530273,-0.17881865799427032,0.17490512132644653,1.1200000047683716,0.1971050649881363,0.2859887182712555,1.121500015258789,-0.0009352787747047842,0.15640880167484283,1.0800000429153442
0.08182906359434128,0.0732397735118866,1.0420000553131104,0.09204738587141037,0.04472305253148079,0.9394999742507935,0.041765209287405014,0.050440602004528046,0.9054999947547913,0.18550461530685425,-0.0011589672649279237,1.1510000228881836,-0.07491423934698105,-0.03548520430922508,1.062000036239624,0.20202705264091492,0.19556079804897308,1.2925000190734863,-0.1770038902759552,0.17490512132644653,1.1200000047683716,0.19648994505405426,0.2850961983203888,1.1180000305175781,0.006056176032871008,0.15619155764579773,1.0785000324249268
0,0,0,0,0,0,0,0,0,0.18006587028503418,-0.0030265965033322573,1.1519999504089355,-0.07325653731822968,-0.03469998762011528,1.0385000705718994,0.20257411897182465,0.19399040937423706,1.2960000038146973,-0.17503267526626587,0.178375244140625,1.11899995803833,0.19648994505405426,0.2796615958213806,1.1180000305175781,0.011230695992708206,0.15003922581672668,1.0720000267028809
0.07338707894086838,0.06479784101247787,1.0420000553131104,0.0876791775226593,0.04246421903371811,0.9934999942779541,0.04049825668334961,0.0447932668030262,0.9099999666213989,0.18209044635295868,-0.0048974668607115746,1.152999997138977,-0.07266617566347122,-0.032015781849622726,1.0069999694824219,0.20733244717121124,0.19451428949832916,1.2994999885559082,-0.17275510728359222,0.17789702117443085,1.1159999370574951,0.2017439752817154,0.2848412096500397,1.1170001029968262,0.018093934282660484,0.14761053025722504,1.0670000314712524
0.07543571293354034,0.06171578913927078,1.0469999313354492,0.09487178921699524,0.04246398061513901,1.0750000476837158,0.03479032218456268,0.039108969271183014,0.9149999618530273,0.18209044635295868,-0.0048974668607115746,1.152999997138977,-0.06958841532468796,-0.032962482422590256,0.9865000247955322,0.20967985689640045,0.19895492494106293,1.3009999990463257,-0.16792607307434082,0.17303115129470825,1.1080000400543213,0.20671004056930542,0.2914271056652069,1.1145000457763672,0.01288907416164875,0.14740301668643951,1.065500020980835
0.07882870733737946,0.05492984130978584,1.0469999313354492,0.1021524965763092,0.03324868530035019,1.1165000200271606,0.03932392597198486,0.03473692014813423,0.9169999957084656,0.18411824107170105,-0.001161988009698689,1.1540000438690186,-0.06551656872034073,-0.037260282784700394,0.9735000133514404,0.2203894406557083,0.19699819386005402,1.3020000457763672,-0.15787343680858612,0.17542624473571777,1.1004999876022339,0.213261678814888,0.2959124445915222,1.1109999418258667,0.026575572788715363,0.1467113047838211,1.0605000257492065
0.0764804407954216,0.053970590233802795,1.061500072479248,0.09702837467193604,0.031538140028715134,1.1200000047683716,0.03347151726484299,0.03185183182358742,0.9194999933242798,0.18256421387195587,-0.0030371053144335747,1.1559998989105225,-0.06970757246017456,-0.036973219364881516,0.965999960899353,0.2247813194990158,0.19714948534965515,1.3029999732971191,-0.1539565473794937,0.1696903556585312,1.0980000495910645,0.21486829221248627,0.29204893112182617,1.1099998950958252,0.028187226504087448,0.1495816856622696,1.05649995803833
0.06788047403097153,0.052250612527132034,1.061500072479248,0.09158401936292648,0.02972336858510971,1.1200000047683716,0.02908065915107727,0.028950540348887444,0.921999990940094,0.1808474063873291,-0.0030397328082472086,1.156999945640564,-0.0712728202342987,-0.036973219364881516,0.965999960899353,0.22882817685604095,0.19699819386005402,1.3020000457763672,-0.14433422684669495,0.1741509884595871,1.0924999713897705,0.21937108039855957,0.29444754123687744,1.1054999828338623,0.033196739852428436,0.1507207751274109,1.0525000095367432
0.06100049987435341,0.050530627369880676,1.061500072479248,0.08613967150449753,0.031538140028715134,1.1200000047683716,0.02314242534339428,0.027501262724399567,0.9235000014305115,0.1808474063873291,-0.006789180915802717,1.156999945640564,-0.07283807545900345,-0.04010370373725891,0.965999960899353,0.2267185002565384,0.19910785555839539,1.3020000457763672,-0.14021384716033936,0.17343367636203766,1.0880000591278076,0.21982765197753906,0.28855299949645996,1.0899999141693115,0.03634669631719589,0.14795351028442383,1.0450000762939453
0.06788047403097153,0.04193071275949478,1.061500072479248,0.09158401936292648,0.015205194242298603,1.1200000047683716,0.026248397305607796,0.02311180718243122,0.9275000095367432,0.18139450252056122,-0.001168532995507121,1.1605000495910645,-0.07283807545900345,-0.036973219364881516,0.965999960899353,0.2285645306110382,0.20309294760227203,1.3004999160766602,-0.14197680354118347,0.1699078381061554,1.0880000591278076,0.2216150313615799,0.287529855966568,1.0729999542236328,0.034371569752693176,0.1467500478029251,1.0364999771118164
