0.3932395577430725,-0.2526540756225586,2.490000009536743,0.4342091977596283,-0.2757855951786041,2.5169999599456787,0.3652753233909607,-0.27898073196411133,2.437999963760376,0.5044387578964233,-0.06902731209993362,2.562999963760376,0.2635684013366699,-0.16039134562015533,2.562999963760376,0.6623833775520325,0.16020801663398743,3.365499973297119,0.13428165018558502,-0.1621607542037964,2.4045000076293945,0.4797307848930359,0.2739948630332947,2.755000114440918,0.11962898075580597,-0.41280680894851685,3.6075000762939453
0.3677718937397003,-0.2678750455379486,2.4815001487731934,0.4123374819755554,-0.2910546362400055,2.507999897003174,0.3387008309364319,-0.29622069001197815,2.4175000190734863,0.4745334982872009,-0.09377983212471008,2.558499813079834,0.23408611118793488,-0.18498344719409943,2.558499813079834,0.6103011965751648,0.14346793293952942,3.2340002059936523,0.10903694480657578,-0.1900731325149536,2.363999843597412,0.4431320130825043,0.25117233395576477,2.749500036239624,0.08455666899681091,-0.4595695734024048,3.6075000762939453
0.3504837155342102,-0.2909999489784241,2.4730000495910645,0.38857969641685486,-0.31267040967941284,2.4860000610351562,0.31475889682769775,-0.3114955425262451,2.384500026702881,0.45300713181495667,-0.09775321185588837,2.553999900817871,0.21223211288452148,-0.21699735522270203,2.5450000762939453,0.5518918633460999,0.11282520741224289,3.1115000247955322,0.08126703649759293,-0.21436338126659393,2.3364999294281006,0.4095488488674164,0.23199398815631866,2.7335000038146973,0.05546778813004494,-0.49587568640708923,3.616499900817871
0.3332380950450897,-0.30990341305732727,2.4639999866485596,0.36917078495025635,-0.3298659026622772,2.4639999866485596,0.2972330152988434,-0.33236175775527954,2.368000030517578,0.42817702889442444,-0.13499815762043,2.553999900817871,0.19466029107570648,-0.21990473568439484,2.5310001373291016,0.5117875933647156,0.09003797173500061,3.0234999656677246,0.06579786539077759,-0.22837740182876587,2.3249998092651367,0.38591474294662476,0.21786634624004364,2.7230000495910645,0.04374784976243973,-0.542755126953125,3.616499900817871
0.3155941069126129,-0.328125536441803,2.4509999752044678,0.35654085874557495,-0.35317468643188477,2.4594998359680176,0.28906992077827454,-0.35478314757347107,2.364000082015991,0.4191604554653168,-0.15541549026966095,2.549499988555908,0.17257224023342133,-0.2626080811023712,2.507999897003174,0.4886232614517212,0.059610575437545776,2.9720001220703125,0.057774618268013,-0.23766900599002838,2.305500030517578,0.3726781904697418,0.19139337539672852,2.7230000495910645,0.03202791512012482,-0.5544750094413757,3.616499900817871
0.30608218908309937,-0.3501591980457306,2.438499927520752,0.3479326665401459,-0.3763960003852844,2.4549999237060547,0.27328479290008545,-0.3771267533302307,2.3600001335144043,0.4053313732147217,-0.18368205428123474,2.5405001640319824,0.15091760456562042,-0.28044524788856506,2.4860000610351562,0.46627867221832275,0.03020521253347397,2.9225001335144043,0.04981229826807976,-0.2612440586090088,2.2829999923706055,0.355029433965683,0.18256904184818268,2.7230000495910645,0.02025463804602623,-0.576396644115448,3.6070001125335693
0.2995290756225586,-0.370646595954895,2.4175000190734863,0.33762258291244507,-0.39749181270599365,2.437999963760376,0.2718952000141144,-0.3980363607406616,2.3480000495910645,0.39012017846107483,-0.20686331391334534,2.5219998359680176,0.15012840926647186,-0.3030211925506592,2.4730000495910645,0.45207229256629944,0.0017926907166838646,2.9225001335144043,0.0453152172267437,-0.2821705937385559,2.243499994277954,0.3472694158554077,0.15897564589977264,2.697000026702881,0.014410064555704594,-0.6056193113327026,3.6070001125335693
0.28527775406837463,-0.4023750424385071,2.3965001106262207,0.32688167691230774,-0.42539873719215393,2.4170000553131104,0.2562103867530823,-0.4214470386505127,2.309499979019165,0.3757631182670593,-0.2300977259874344,2.507999897003174,0.14558953046798706,-0.3338584005832672,2.4639999866485596,0.43707364797592163,-0.0356399267911911,2.886000156402588,0.04459816962480545,-0.29559412598609924,2.2079999446868896,0.3383222818374634,0.1439184993505478,2.6610000133514404,0.002714127069339156,-0.639087975025177,3.5980000495910645
0.2751375436782837,-0.42203250527381897,2.375999927520752,0.3174649775028229,-0.4466680884361267,2.4050002098083496,0.24468740820884705,-0.4403736889362335,2.2720000743865967,0.35886281728744507,-0.26213690638542175,2.503499984741211,0.13687849044799805,-0.3479827046394348,2.4509999752044678,0.4221652150154114,-0.06356517225503922,2.880000114440918,0.04802315682172775,-0.3089223802089691,2.2009999752044678,0.321718692779541,0.12098050117492676,2.63100004196167,0.008544118143618107,-0.6565778255462646,3.5980000495910645
0.26563677191734314,-0.44978243112564087,2.3600001335144043,0.3080615699291229,-0.4714830219745636,2.3924999237060547,0.2361755669116974,-0.4638865888118744,2.261000156402588,0.354168564081192,-0.2900102138519287,2.499000072479248,0.11911680549383163,-0.36213693022727966,2.4130001068115234,0.4026581943035126,-0.1053442507982254,2.874000072479248,0.04076036438345909,-0.32215994596481323,2.194000005722046,0.32654207944869995,0.0943322479724884,2.6015000343322754,0.0027001716662198305,-0.6706017851829529,3.5794999599456787
0.2575514614582062,-0.46810755133628845,2.3559999465942383,0.2992413341999054,-0.49684804677963257,2.384000062942505,0.22408922016620636,-0.48350417613983154,2.25,0.3378465473651886,-0.3064696192741394,2.4685001373291016,0.1022336408495903,-0.37323617935180664,2.384000062942505,0.39800137281417847,-0.1286284178495407,2.874000072479248,0.03348926454782486,-0.3453841209411621,2.183500051498413,0.3259144723415375,0.060493405908346176,2.5964999198913574,-0.020393935963511467,-0.7017558813095093,3.560999870300293
0.2494921237230301,-0.48636794090270996,2.3519999980926514,0.2905372679233551,-0.5144303441047668,2.375999927520752,0.2187288999557495,-0.5014479756355286,2.2325000762939453,0.32577139139175415,-0.32638517022132874,2.437999963760376,0.08988451212644577,-0.39308780431747437,2.364000082015991,0.3808906376361847,-0.1552892029285431,2.8505001068115234,0.02985522709786892,-0.35485681891441345,2.176500082015991,0.3169497549533844,0.03938906267285347,2.5920000076293945,-0.01512221060693264,-0.5246341228485107,2.640500068664551
0.23909345269203186,-0.5071555376052856,2.325000047683716,0.2800399959087372,-0.5360251069068909,2.3524999618530273,0.20624715089797974,-0.5190514326095581,2.2149999141693115,0.320699006319046,-0.3449302315711975,2.429500102996826,0.07734846323728561,-0.402967631816864,2.3324999809265137,0.3664378523826599,-0.1804337501525879,2.810500144958496,0.005160191562026739,-0.36484915018081665,2.1730000972747803,0.3187955617904663,0.022423874586820602,2.572999954223633,-0.012450113892555237,-0.33942148089408875,1.6944999694824219
0.23299822211265564,-0.5170585513114929,2.302000045776367,0.27015820145606995,-0.5467029213905334,2.3329999446868896,0.19718170166015625,-0.5283504128456116,2.194000005722046,0.3072998821735382,-0.362737238407135,2.4170000553131104,0.0653592124581337,-0.413962721824646,2.309499979019165,0.3527759313583374,-0.19409558176994324,2.810500144958496,0.004907287657260895,-0.3503161072731018,2.066500186920166,0.31462642550468445,0.014085645787417889,2.572999954223633,-0.009463909082114697,-0.31494295597076416,1.6524999141693115
0.22372563183307648,-0.5314033627510071,2.2835001945495605,0.26546451449394226,-0.5636645555496216,2.3249998092651367,0.18829569220542908,-0.5445444583892822,2.1735000610351562,0.2984759211540222,-0.37715011835098267,2.4089999198913574,0.05703536421060562,-0.41902172565460205,2.2760000228881836,0.32660987973213196,-0.19744528830051422,2.6710000038146973,-0.007681551389396191,-0.33224403858184814,1.870500087738037,0.3076218068599701,0.0015638887416571379,2.549499988555908,-0.01708911545574665,-0.3102206289768219,1.6139999628067017
0.21824301779270172,-0.5417783260345459,2.265000104904175,0.2582641839981079,-0.5711416602134705,2.2944998741149902,0.1842212975025177,-0.5569609999656677,2.1670000553131104,0.28867822885513306,-0.3900734782218933,2.3924999237060547,0.04530511796474457,-0.42748385667800903,2.243000030517578,0.30402642488479614,-0.20948807895183563,2.553999900817871,-0.013034229166805744,-0.3179778456687927,1.7739999294281006,0.3007528483867645,-0.010731526650488377,2.5264999866485596,-0.02206374704837799,-0.3195910155773163,1.5954999923706055
0.21154144406318665,-0.5522150993347168,2.2330000400543213,0.2516619563102722,-0.5867242217063904,2.2685000896453857,0.17904219031333923,-0.5692148804664612,2.1470000743865967,0.28140896558761597,-0.40074872970581055,2.364000082015991,0.03326687216758728,-0.4309530556201935,2.1690001487731934,0.29308632016181946,-0.2240057736635208,2.5309998989105225,-0.018687911331653595,-0.31350478529930115,1.7649999856948853,0.29801493883132935,-0.0065773301757872105,2.503499984741211,-0.021966947242617607,-0.3207627832889557,1.5885000228881836
0.21106459200382233,-0.5594516396522522,2.190500020980835,0.2461705505847931,-0.5918990969657898,2.2190001010894775,0.17683230340480804,-0.5793687105178833,2.120500087738037,0.27481910586357117,-0.411934494972229,2.3404998779296875,0.025197504088282585,-0.4374919533729553,2.0829999446868896,0.2971874177455902,-0.2240057736635208,2.5309998989105225,-0.024227946996688843,-0.308356910943985,1.752000093460083,0.29801493883132935,-0.010633831843733788,2.503499984741211,-0.024432716891169548,-0.3167867362499237,1.5815000534057617
0.2055731862783432,-0.5717965960502625,2.1700000762939453,0.24239355325698853,-0.5883850455284119,2.1535000801086426,0.17445562779903412,-0.5919202566146851,2.0920000076293945,0.2725881338119507,-0.4273984432220459,2.321499824523926,0.01486938539892435,-0.4449302554130554,2.054999828338623,0.2893807888031006,-0.22522282600402832,2.499000072479248,-0.015711428597569466,-0.2884851396083832,1.752000093460083,0.29801493883132935,-0.010633831843733788,2.503499984741211,-0.021697286516427994,-0.2964867651462555,1.569000005722046
0.20080000162124634,-0.589204728603363,2.1565001010894775,0.23529866337776184,-0.6001256704330444,2.121000051498413,0.1690215766429901,-0.6015927791595459,2.066999912261963,0.2640208601951599,-0.43084120750427246,2.2799999713897705,0.011424469761550426,-0.45367807149887085,2.0345001220703125,0.2843039631843567,-0.2324809581041336,2.490000009536743,-0.043822940438985825,-0.3318098187446594,1.7410000562667847,0.30050286650657654,-0.010578613728284836,2.490499973297119,-0.026602691039443016,-0.30460378527641296,1.558500051498413
