-0.3755987882614136,-0.3306816518306732,3.1100001335144043,0,0,0,-0.1761813461780548,-0.16740195453166962,1.3845000267028809,-0.24402910470962524,-0.16468782722949982,1.3264999389648438,-0.37768593430519104,-0.0907546654343605,1.284000039100647,-0.2532818019390106,-0.09046211838722229,1.5245000123977661,-0.3837164044380188,0.1391189843416214,1.4219999313354492,-0.35811981558799744,-0.030718691647052765,3.372499942779541,-0.19087901711463928,0.08841804414987564,1.5
-0.2655017077922821,-0.24385641515254974,2.259000062942505,0,0,0,-0.17599046230316162,-0.16946151852607727,1.3830000162124634,-0.23695409297943115,-0.1621095985174179,1.3229999542236328,-0.37560543417930603,-0.09283516556024551,1.284000039100647,-0.23900799453258514,-0.08819393068552017,1.527999997138977,-0.38493070006370544,0.13493643701076508,1.4264999628067017,-0.34091541171073914,-0.025194216519594193,3.364500045776367,-0.18419943749904633,0.08383557200431824,1.5049999952316284
-0.1595965027809143,-0.15749993920326233,1.4165000915527344,0,0,0,-0.17132258415222168,-0.17375469207763672,1.381500005722046,-0.2283792495727539,-0.16854068636894226,1.3229999542236328,-0.36728334426879883,-0.09907668828964233,1.284000039100647,-0.231807678937912,-0.08828050643205643,1.5295000076293945,-0.3791888654232025,0.12840601801872253,1.430999994277954,-0.30848318338394165,-0.024778619408607483,3.309000015258789,-0.17967967689037323,0.08155922591686249,1.5080000162124634
-0.14951303601264954,-0.1588362455368042,1.4079999923706055,0,0,0,-0.15772011876106262,-0.175802081823349,1.3799999952316284,-0.22194810211658478,-0.16639700531959534,1.3229999542236328,-0.35507655143737793,-0.10123597830533981,1.2850000858306885,-0.2224021852016449,-0.08848252147436142,1.5329999923706055,-0.3664253354072571,0.12880980968475342,1.4355000257492065,-0.28762638568878174,-0.04547097906470299,3.255000114440918,-0.17269212007522583,0.07927315682172775,1.5110000371932983
-0.1353902816772461,-0.16060271859169006,1.403499960899353,0,0,0,-0.14430369436740875,-0.18027421832084656,1.3799999952316284,-0.2090858370065689,-0.16639700531959534,1.3229999542236328,-0.3453364074230194,-0.09934675693511963,1.287500023841858,-0.2099822759628296,-0.08848252147436142,1.5329999923706055,-0.3485442101955414,0.13140985369682312,1.4385000467300415,-0.253750741481781,-0.039042141288518906,3.1614999771118164,-0.1506570726633072,0.0817214772105217,1.5110000371932983
-0.12401953339576721,-0.16060271859169006,1.403499960899353,0,0,0,-0.13288217782974243,-0.17771562933921814,1.377500057220459,-0.20051099359989166,-0.16854068636894226,1.3229999542236328,-0.3311183750629425,-0.1015511080622673,1.2890000343322754,-0.19463297724723816,-0.0981937050819397,1.5295000076293945,-0.3356056213378906,0.12480652332305908,1.443000078201294,-0.20764632523059845,-0.03391946107149124,3.1614999771118164,-0.13124386966228485,0.07692652195692062,1.5130000114440918
-0.0920829176902771,-0.1627027839422226,1.4019999504089355,0,0,0,-0.10122807323932648,-0.17922914028167725,1.371999979019165,-0.15561054646968842,-0.1708134114742279,1.3240000009536743,-0.29375091195106506,-0.10999079048633575,1.2899999618530273,-0.14043070375919342,-0.08599855750799179,1.5329999923706055,-0.3014705181121826,0.11346857994794846,1.4474999904632568,-0.09171295166015625,-0.021013496443629265,2.306999921798706,-0.09947188198566437,0.06473282724618912,1.5145000219345093
-0.06709399819374084,-0.16497449576854706,1.4019999504089355,0,0,0,-0.07655003666877747,-0.1809232234954834,1.3680000305175781,-0.13630256056785583,-0.17295873165130615,1.3240000009536743,-0.27506935596466064,-0.11299331486225128,1.3004999160766602,-0.123203344643116,-0.09605958312749863,1.534999966621399,-0.2762419581413269,0.11370375007390976,1.4505000114440918,-0.04349849000573158,-0.018906695768237114,1.531000018119812,-0.0724777951836586,0.07209479808807373,1.5145000219345093
-0.051191963255405426,-0.16497449576854706,1.4019999504089355,0,0,0,-0.05881701782345772,-0.17870661616325378,1.3680000305175781,-0.12160585820674896,-0.1798689365386963,1.3275001049041748,-0.25634050369262695,-0.11616261303424835,1.3125,-0.1010153517127037,-0.09375526010990143,1.5379999876022339,-0.25561678409576416,0.10922861099243164,1.4535000324249268,-0.01621030829846859,-0.018906695768237114,1.531000018119812,-0.045483700931072235,0.06964080780744553,1.5145000219345093
-0.02393132634460926,-0.16497449576854706,1.4019999504089355,0,0,0,-0.03437117859721184,-0.17838002741336823,1.3654999732971191,-0.08755101263523102,-0.16981461644172668,1.3329999446868896,-0.2248675376176834,-0.12064535170793533,1.315000057220459,-0.07408096641302109,-0.08684003353118896,1.5479999780654907,-0.23726415634155273,0.10237402468919754,1.4565000534057617,0.001154899480752647,-0.02138742431998253,1.531000018119812,-0.02827761135995388,0.0671202689409256,1.5130000114440918
0.0033293087035417557,-0.1627027839422226,1.4019999504089355,0,0,0,-0.010032829828560352,-0.1805925816297531,1.3654999732971191,-0.06610028445720673,-0.17669108510017395,1.3359999656677246,-0.2051853984594345,-0.12805192172527313,1.3255000114440918,-0.05232154205441475,-0.09840631484985352,1.5724999904632568,-0.21217428147792816,0.09805627167224884,1.462499976158142,0.02844308130443096,-0.023868151009082794,1.531000018119812,-0.0013102563098073006,0.07202339917421341,1.5130000114440918
0.026046505197882652,-0.16724619269371033,1.4019999504089355,0,0,0,0.01651809550821781,-0.17838002741336823,1.3654999732971191,-0.0466172881424427,-0.17669108510017395,1.3359999656677246,-0.18334068357944489,-0.1293078064918518,1.3385000228881836,-0.024486789479851723,-0.0966203436255455,1.5850000381469727,-0.1844910979270935,0.09845855087041855,1.468500018119812,0.055731259286403656,-0.018906695768237114,1.531000018119812,0.023259202018380165,0.06973277777433395,1.5164999961853027
0.05103541538119316,-0.16497449576854706,1.4019999504089355,0,0,0,0.03875706344842911,-0.1811215877532959,1.369499921798706,-0.014145636931061745,-0.1723615676164627,1.3359999656677246,-0.16443318128585815,-0.13414466381072998,1.3434998989105225,0.006374066229909658,-0.0920899361371994,1.5954999923706055,-0.16817766427993774,0.09389105439186096,1.471500039100647,0.07557721436023712,-0.02138742431998253,1.531000018119812,0.04277569055557251,0.06705372780561447,1.5115000009536743
0.08082637190818787,-0.17006200551986694,1.406499981880188,0,0,0,0.06538576632738113,-0.1855596899986267,1.369499921798706,0.01400694064795971,-0.1746569722890854,1.3370000123977661,-0.1363864243030548,-0.13657525181770325,1.3459999561309814,0.02974354848265648,-0.0820307806134224,1.6009999513626099,-0.14910300076007843,0.08673810213804245,1.471500039100647,0.10534613579511642,-0.013945238664746284,1.531000018119812,0.06726716458797455,0.06705372780561447,1.5115000009536743
0.1063472330570221,-0.1707874834537506,1.412500023841858,0,0,0,0.09238400310277939,-0.1840769499540329,1.375,0.029193542897701263,-0.17695561051368713,1.3380000591278076,-0.11466173827648163,-0.14322449266910553,1.347000002861023,0.053091056644916534,-0.07943662256002426,1.6009999513626099,-0.13254763185977936,0.08205302059650421,1.4730000495910645,0.13263432681560516,-0.00898378249257803,1.531000018119812,0.09175863116979599,0.06950286030769348,1.5115000009536743
0.1269458383321762,-0.1707874834537506,1.412500023841858,0,0,0,0.11276282370090485,-0.18684688210487366,1.378999948501587,0.0640011876821518,-0.1729421466588974,1.3405001163482666,-0.09072043001651764,-0.1498834490776062,1.3480000495910645,0.09211850166320801,-0.0743410736322403,1.6029999256134033,-0.10629323124885559,0.07966627180576324,1.4730000495910645,0.16240325570106506,-0.00898378249257803,1.531000018119812,0.11598091572523117,0.06445500254631042,1.5080000162124634
0.152121901512146,-0.17307619750499725,1.412500023841858,0,0,0,0.13759078085422516,-0.19390107691287994,1.381500005722046,0.08404842764139175,-0.1827143132686615,1.3485000133514404,-0.06696612387895584,-0.15707434713840485,1.3535000085830688,0.11549517512321472,-0.0691462904214859,1.6029999256134033,-0.08481235802173615,0.07489277422428131,1.4730000495910645,0.17728769779205322,-0.006503054406493902,1.531000018119812,0.1402759999036789,0.06194985657930374,1.506500005722046
0.17235367000102997,-0.17956016957759857,1.409500002861023,0.16685059666633606,-0.18355360627174377,1.2639999389648438,0.15773731470108032,-0.1983780711889267,1.381500005722046,0.10652697831392288,-0.17940227687358856,1.3564999103546143,-0.049767933785915375,-0.16038532555103302,1.3629999160766602,0.1338438242673874,-0.07183320075273514,1.6050000190734863,-0.07049177587032318,0.07250602543354034,1.4730000495910645,0.19961440563201904,-0.006503054406493902,1.531000018119812,0.14989079535007477,0.05944957211613655,1.5049999952316284
0.19290851056575775,-0.18412789702415466,1.409500002861023,0.18785043060779572,-0.19022317230701447,1.2674999237060547,0.17321854829788208,-0.2026347815990448,1.3799999952316284,0.12883847951889038,-0.1886797845363617,1.3599998950958252,-0.03228813037276268,-0.17243409156799316,1.371000051498413,0.1605972796678543,-0.07478164881467819,1.6124999523162842,-0.0513976588845253,0.06057228147983551,1.4730000495910645,0.22442184388637543,-0.00898378249257803,1.531000018119812,0.17671555280685425,0.05944957211613655,1.5049999952316284
0.20889560878276825,-0.1864117532968521,1.409500002861023,0.20072586834430695,-0.1907484382390976,1.2709999084472656,0.1911071240901947,-0.20710690319538116,1.3799999952316284,0.14894476532936096,-0.19123432040214539,1.3624999523162842,-0.010113650932908058,-0.17981699109077454,1.3765000104904175,0.19195090234279633,-0.07478164881467819,1.6124999523162842,-0.03217196464538574,0.05557149648666382,1.4670000076293945,0.24626503884792328,-0.004014444071799517,1.527999997138977,0.18566465377807617,0.05190861225128174,1.4984999895095825
