-0.1894763857126236,-0.22261793911457062,1.4520000219345093,-0.18099552392959595,-0.24978145956993103,1.4595000743865967,0,0,0,0.0543983094394207,-0.13842159509658813,1.5640000104904175,-0.15762503445148468,-0.17607764899730682,1.6069999933242798,0.13613663613796234,0.07534948736429214,1.6984999179840088,-0.15436160564422607,-0.012187127023935318,1.627500057220459,-0.007221602369099855,0.23757503926753998,1.7584999799728394,-0.18861716985702515,0.14965710043907166,1.6984999179840088
-0.15694621205329895,-0.22660419344902039,1.4779999256134033,-0.14940696954727173,-0.2475701868534088,1.4744999408721924,0,0,0,0.08765025436878204,-0.14399456977844238,1.5694999694824219,-0.12926317751407623,-0.18168023228645325,1.6104999780654907,0.17000903189182281,0.07019475847482681,1.7070000171661377,-0.12313103675842285,-0.017520317807793617,1.6330000162124634,0.018585124984383583,0.2396690994501114,1.7739999294281006,-0.15714864432811737,0.1344769299030304,1.715499997138977
-0.13497722148895264,-0.22754669189453125,1.5,-0.12139169871807098,-0.24651126563549042,1.4824999570846558,0,0,0,0.11614033579826355,-0.1420823484659195,1.5764999389648438,-0.09828294813632965,-0.18230067193508148,1.6159999370574951,0.19535905122756958,0.06481447070837021,1.7109999656677246,-0.10208775848150253,-0.028138743713498116,1.6349999904632568,0.058894265443086624,0.23706161975860596,1.7760000228881836,-0.1395769566297531,0.1306835561990738,1.7390000820159912
-0.11163125187158585,-0.23197034001350403,1.5130000114440918,-0.09842100739479065,-0.25159981846809387,1.4984999895095825,0,0,0,0.13974834978580475,-0.14527902007102966,1.5835000276565552,-0.07578010857105255,-0.19286248087882996,1.6389999389648438,0.23282034695148468,0.06521221995353699,1.7214999198913574,-0.08700931817293167,-0.036428581923246384,1.6505000591278076,0.09184938669204712,0.23170828819274902,1.8015000820159912,-0.12628182768821716,0.11733228713274002,1.75
-0.08780640363693237,-0.2362811416387558,1.524999976158142,-0.0773858055472374,-0.2567402422428131,1.5145000219345093,0,0,0,0.16834354400634766,-0.1533145308494568,1.5870000123977661,-0.05516636744141579,-0.20315776765346527,1.6579999923706055,0.2604721784591675,0.048954516649246216,1.7384999990463257,-0.0667075589299202,-0.04519228637218475,1.6779999732971191,0.12884995341300964,0.22345203161239624,1.8294999599456787,-0.10926824808120728,0.1059899628162384,1.75
-0.07127214223146439,-0.24133537709712982,1.5414999723434448,-0.055664870887994766,-0.2609056532382965,1.5245000123977661,0,0,0,0.19215050339698792,-0.15900662541389465,1.5924999713897705,-0.03636068105697632,-0.20853078365325928,1.6579999923706055,0.29080018401145935,0.046482570469379425,1.7515000104904175,-0.051129747182130814,-0.056886594742536545,1.7025001049041748,0.15953370928764343,0.21895001828670502,1.8415000438690186,-0.09758976846933365,0.10586586594581604,1.7960000038146973
-0.0490613728761673,-0.2476891428232193,1.5499999523162842,-0.03602093085646629,-0.26671797037124634,1.5295000076293945,0,0,0,0.2128533124923706,-0.16884192824363708,1.6124999523162842,-0.020241517573595047,-0.21659033000469208,1.6579999923706055,0.3126175105571747,0.029639486223459244,1.7625000476837158,-0.04058978334069252,-0.0631735622882843,1.7235000133514404,0.18435072898864746,0.19908489286899567,1.8509999513626099,-0.08836595714092255,0.10585066676139832,1.8464999198913574
-0.03658614680171013,-0.2532828152179718,1.5534999370574951,-0.021151050925254822,-0.2716745436191559,1.5295000076293945,0,0,0,0.23585769534111023,-0.1809053122997284,1.6269999742507935,-0.0148012051358819,-0.23700544238090515,1.6505000591278076,0.32532787322998047,0.015421316027641296,1.7695000171661377,-0.0296410471200943,-0.07490488886833191,1.7365000247955322,0.2053454965353012,0.18708795309066772,1.8509999513626099,-0.08325202763080597,0.09487434476613998,1.8659999370574951
-0.021482940763235092,-0.2558000087738037,1.5534999370574951,-0.0038028585258871317,-0.2716745436191559,1.5295000076293945,0,0,0,0.24376659095287323,-0.18354159593582153,1.6269999742507935,-0.01204233430325985,-0.23535406589508057,1.6389999389648438,0.33477866649627686,0.00396265834569931,1.7739999294281006,-0.029828811064362526,-0.07821091264486313,1.747499942779541,0.22364266216754913,0.17833077907562256,1.8534998893737793,-0.0748770534992218,0.08966032415628433,1.883500099182129
-0.006379731930792332,-0.2558000087738037,1.5534999370574951,0.011067020706832409,-0.2716745436191559,1.5295000076293945,0,0,0,0.26086077094078064,-0.1897425651550293,1.6349999904632568,-0.006730853579938412,-0.23535406589508057,1.6389999389648438,0.34052765369415283,-0.004660748410969973,1.7739999294281006,-0.030050713568925858,-0.07879273593425751,1.7604999542236328,0.23930299282073975,0.17580047249794006,1.8585000038146973,-0.07559262961149216,0.09667929261922836,1.9014999866485596
0.008715054020285606,-0.25052353739738464,1.5520000457763672,0.030792534351348877,-0.27078643441200256,1.5245000123977661,0.003284189850091934,-0.25013458728790283,1.3830000162124634,0.27369919419288635,-0.19130924344062805,1.6484999656677246,-0.006730853579938412,-0.23800978064537048,1.6389999389648438,0.34052765369415283,-0.004660748410969973,1.7739999294281006,-0.0360301211476326,-0.07939694076776505,1.7739999294281006,0.24532581865787506,0.1727890819311142,1.8585000038146973,-0.07039807736873627,0.09177865087985992,1.9279999732971191
0.018774136900901794,-0.2429792582988739,1.5520000457763672,0.04304454103112221,-0.2627711892127991,1.5210000276565552,0.010025077499449253,-0.24609680473804474,1.3854999542236328,0.2803109884262085,-0.18412981927394867,1.656000018119812,-0.004055222030729055,-0.22627702355384827,1.63100004196167,0.335156112909317,-0.004666002932935953,1.7760000228881836,-0.03931032493710518,-0.07732047885656357,1.7925000190734863,0.2520248293876648,0.17325393855571747,1.8634999990463257,-0.07352209836244583,0.09802665561437607,1.9279999732971191
0.04386524483561516,-0.21503946185112,1.5499999523162842,0.07238030433654785,-0.23243029415607452,1.5160000324249268,0.02826772816479206,-0.2236393392086029,1.3995000123977661,0.26990342140197754,-0.16286011040210724,1.6579999923706055,-0.017269112169742584,-0.19720664620399475,1.63100004196167,0.3249208331108093,0.0068718139082193375,1.7829999923706055,-0.06310431659221649,-0.042846206575632095,1.808500051498413,0.2560708224773407,0.1951727271080017,1.871000051498413,-0.07352209836244583,0.13239064812660217,1.9279999732971191
0.05111796781420708,-0.18638505041599274,1.5414999723434448,0.08665920794010162,-0.20676913857460022,1.5080000162124634,0.03575986996293068,-0.20722390711307526,1.4270000457763672,0.26753923296928406,-0.14691804349422455,1.659999966621399,-0.019911890849471092,-0.16813626885414124,1.63100004196167,0.31326156854629517,0.03316827490925789,1.7990000247955322,-0.07590161263942719,-0.0018471983494237065,1.8344999551773071,0.2537153661251068,0.2169725000858307,1.8760000467300415,-0.07977014034986496,0.16675464808940887,1.9279999732971191
0.0656113475561142,-0.15028707683086395,1.5299999713897705,0.09604942053556442,-0.17430783808231354,1.5019999742507935,0.04317528381943703,-0.17915154993534088,1.4429999589920044,0.26009517908096313,-0.13109467923641205,1.6640000343322754,-0.030483003705739975,-0.13642312586307526,1.63100004196167,0.29766228795051575,0.04804835468530655,1.810499906539917,-0.09810623526573181,0.031295936554670334,1.8610000610351562,0.24284394085407257,0.2456325739622116,1.8860000371932983,-0.08914218842983246,0.21361467242240906,1.9279999732971191
0.07271451503038406,-0.11505076289176941,1.5230000019073486,0.10821818560361862,-0.14023549854755402,1.5019999742507935,0.05018974095582962,-0.14641760289669037,1.4429999589920044,0.2442108392715454,-0.1042575091123581,1.6660000085830688,-0.03576856106519699,-0.10206722468137741,1.63100004196167,0.28632259368896484,0.06867833435535431,1.812999963760376,-0.12288669496774673,0.07693871855735779,1.871000051498413,0.2427757978439331,0.2579752802848816,1.909500002861023,-0.10476229339838028,0.25110265612602234,1.9279999732971191
0.07951289415359497,-0.07744505256414413,1.5115000009536743,0.1155194491147995,-0.10129567980766296,1.5019999742507935,0.059789933264255524,-0.10946064442396164,1.4490000009536743,0.24691031873226166,-0.08266172558069229,1.6660000085830688,-0.038587965071201324,-0.07067760080099106,1.6384999752044678,0.2760106325149536,0.0956156998872757,1.8224999904632568,-0.14014776051044464,0.11504454165697098,1.8995000123977661,0.2395613044500351,0.2800152003765106,1.933500051498413,-0.11628527194261551,0.30788224935531616,1.9119999408721924
0.08188070356845856,-0.04066767171025276,1.5099999904632568,0.12038695812225342,-0.06722334027290344,1.5019999742507935,0.06245943531394005,-0.07698701322078705,1.4565000534057617,0.23369306325912476,-0.04762567952275276,1.6679999828338623,-0.03083810769021511,-0.04711173102259636,1.649999976158142,0.27066943049430847,0.1148264929652214,1.8464999198913574,-0.15040361881256104,0.14372184872627258,1.9124999046325684,0.23141244053840637,0.31303510069847107,1.944000005722046,-0.12797099351882935,0.34624525904655457,1.9014999866485596
0.09166757017374039,-0.01130725722759962,1.5099999904632568,0.12550464272499084,-0.038094412535429,1.5049999952316284,0.06724867224693298,-0.04635452479124069,1.4579999446868896,0.23209820687770844,-0.02341301180422306,1.6759999990463257,-0.03355228900909424,-0.028431318700313568,1.6519999504089355,0.2584100663661957,0.15232159197330475,1.8659999370574951,-0.16390584409236908,0.17277832329273224,1.9254999160766602,0.22855603694915771,0.32605355978012085,1.9465000629425049,-0.1337451934814453,0.39132604002952576,1.8960000276565552
0.09166757017374039,0.013159755617380142,1.5099999904632568,0.128453329205513,-0.013763067312538624,1.5110000371932983,0.06982598453760147,-0.02280024252831936,1.462499976158142,0.22774876654148102,-0.01261021289974451,1.684000015258789,-0.030912868678569794,-0.007025507744401693,1.6540000438690186,0.24427016079425812,0.15900520980358124,1.873500108718872,-0.173265740275383,0.197737917304039,1.9254999160766602,0.21971312165260315,0.3491150736808777,1.9520000219345093,-0.13067302107810974,0.41283106803894043,1.8960000276565552
