0.07627834379673004,-0.17228475213050842,1.256500005722046,0.10291401296854019,-0.2010214775800705,1.2839999198913574,0.06421554088592529,-0.20330823957920074,1.2595000267028809,0.3151153028011322,-0.08215467631816864,1.3845000267028809,0.08659149706363678,-0.15344983339309692,1.465499997138977,0.3396110534667969,0.1701425313949585,1.430999994277954,0.06922531872987747,0.01859714463353157,1.5555000305175781,0.15276724100112915,0.275786429643631,1.462499976158142,0.031873151659965515,0.18762049078941345,1.5780000686645508
0.0749218761920929,-0.1759161502122879,1.2679998874664307,0.09909908473491669,-0.2038138061761856,1.2885000705718994,0.06475088745355606,-0.20500314235687256,1.2699999809265137,0.3205253779888153,-0.08239202946424484,1.3884999752044678,0.10602068901062012,-0.15169374644756317,1.471500039100647,0.337292343378067,0.1701425313949585,1.430999994277954,0.08714764565229416,0.02118545211851597,1.5605000257492065,0.1567811816930771,0.28589382767677307,1.4779999256134033,0.04787280410528183,0.18764370679855347,1.600000023841858
0.07352815568447113,-0.1816580444574356,1.2795000076293945,0.09746300429105759,-0.20895792543888092,1.2944999933242798,0.06528622657060623,-0.21084770560264587,1.2804999351501465,0.3146798014640808,-0.09165463596582413,1.3925000429153442,0.10840502381324768,-0.16123104095458984,1.471500039100647,0.33195754885673523,0.16284433007240295,1.4279999732971191,0.10264675319194794,0.016180071979761124,1.565500020980835,0.16849924623966217,0.28956907987594604,1.496999979019165,0.06210928410291672,0.19157248735427856,1.6334999799728394
0.06970705091953278,-0.1887587159872055,1.2855000495910645,0.09176906198263168,-0.21666386723518372,1.3029999732971191,0.06355693191289902,-0.2161726951599121,1.287500023841858,0.3259614408016205,-0.09165463596582413,1.3925000429153442,0.12509535253047943,-0.1659996658563614,1.471500039100647,0.33356913924217224,0.16019324958324432,1.4249999523162842,0.12293991446495056,0.01364344172179699,1.565500020980835,0.179154172539711,0.2935551404953003,1.5049999952316284,0.0736311748623848,0.18331196904182434,1.6545000076293945
0.07035775482654572,-0.19472551345825195,1.2975000143051147,0.0882183238863945,-0.2247091680765152,1.312999963760376,0.061661720275878906,-0.22312228381633759,1.2915000915527344,0.31919243931770325,-0.09616726636886597,1.3925000429153442,0.13463269174098969,-0.1731526255607605,1.471500039100647,0.33126014471054077,0.14864838123321533,1.4249999523162842,0.13100850582122803,0.01114583294838667,1.5709999799728394,0.1942714899778366,0.29804137349128723,1.527999997138977,0.08253762125968933,0.17983248829841614,1.6719999313354492
0.06893923133611679,-0.20517030358314514,1.3105000257492065,0.08434699475765228,-0.232147678732872,1.319000005722046,0,0,0,0.3282177448272705,-0.09616726636886597,1.3925000429153442,0.14178569614887238,-0.17792125046253204,1.471500039100647,0.3296436667442322,0.15590283274650574,1.4279999732971191,0.13562314212322235,-0.009186225943267345,1.565500020980835,0.20022393763065338,0.30330780148506165,1.5550000667572021,0.08345086872577667,0.17908310890197754,1.690500020980835
0.06991243362426758,-0.21452690660953522,1.3289999961853027,0.08013324439525604,-0.23874017596244812,1.3200000524520874,0,0,0,0.321102499961853,-0.10282530635595322,1.3910000324249268,0.14417001605033875,-0.1803055852651596,1.471500039100647,0.3280175030231476,0.14695557951927185,1.430999994277954,0.13802741467952728,-0.014245822094380856,1.5640000104904175,0.20918585360050201,0.30281922221183777,1.565500020980835,0.08387047052383423,0.16897177696228027,1.6990000009536743
0.07078041881322861,-0.22155064344406128,1.3454999923706055,0.08022430539131165,-0.24115276336669922,1.3215000629425049,0,0,0,0.3165947198867798,-0.10507919639348984,1.3910000324249268,0.15609169006347656,-0.18268990516662598,1.471500039100647,0.32604020833969116,0.14710962772369385,1.4325000047683716,0.14309583604335785,-0.024382619187235832,1.5640000104904175,0.20992077887058258,0.3038831055164337,1.5709999799728394,0.09048110246658325,0.15433847904205322,1.7200000286102295
0.06880418211221695,-0.22439591586589813,1.3494999408721924,0.07617160677909851,-0.2440304458141327,1.3255000114440918,0,0,0,0.309164822101593,-0.1115996316075325,1.3880000114440918,0.15847602486610413,-0.19222718477249146,1.471500039100647,0.319076806306839,0.14246737957000732,1.4325000047683716,0.14595595002174377,-0.03205679729580879,1.5674999952316284,0.21018801629543304,0.3042699694633484,1.5729999542236328,0.09158581495285034,0.15058083832263947,1.7410000562667847
0.06693840771913528,-0.22987107932567596,1.3559999465942383,0.07444268465042114,-0.24973100423812866,1.3329999446868896,0,0,0,0.3021998405456543,-0.1137666329741478,1.3870000839233398,0.16307827830314636,-0.19917689263820648,1.4700000286102295,0.3124401867389679,0.14029298722743988,1.434000015258789,0.15323269367218018,-0.03705361485481262,1.5640000104904175,0.20783723890781403,0.2969064712524414,1.5744999647140503,0.09203295409679413,0.14564648270606995,1.749500036239624
0.06550512462854385,-0.23702961206436157,1.371999979019165,0.06829433888196945,-0.25528961420059204,1.3394999504089355,0,0,0,0.2949250340461731,-0.11356157064437866,1.3845000267028809,0.16546018421649933,-0.1967950016260147,1.4700000286102295,0.29912325739860535,0.14291492104530334,1.437000036239624,0.15576690435409546,-0.03705361485481262,1.5640000104904175,0.1955147385597229,0.2873389720916748,1.5780000686645508,0.09946168214082718,0.13095399737358093,1.781000018119812
0.06418143957853317,-0.24265317618846893,1.3914999961853027,0.06433539092540741,-0.25899770855903625,1.347499966621399,0,0,0,0.2775072157382965,-0.11509393900632858,1.375999927520752,0.17005029320716858,-0.19659419357776642,1.468500018119812,0.2860456109046936,0.1386910378932953,1.441499948501587,0.15774445235729218,-0.02934744954109192,1.558500051498413,0.180572971701622,0.2828511893749237,1.5815000534057617,0.10671050101518631,0.1269395649433136,1.805999994277954
0.060079414397478104,-0.24884997308254242,1.4010000228881836,0.06059162691235542,-0.26610076427459717,1.3615000247955322,0,0,0,0.25980642437934875,-0.10975036025047302,1.3650000095367432,0.17039768397808075,-0.196995809674263,1.471500039100647,0.27053746581077576,0.13443799316883087,1.4459999799728394,0.1570359319448471,-0.01664591021835804,1.5514999628067017,0.16022421419620514,0.2779894471168518,1.5829999446868896,0.10378416627645493,0.12401323765516281,1.805999994277954
0.058036260306835175,-0.2521058917045593,1.406499981880188,0.05655079707503319,-0.27008044719696045,1.3704999685287476,0,0,0,0.24166885018348694,-0.12058785557746887,1.3624999523162842,0.1709187924861908,-0.2023814618587494,1.4760000705718994,0.25492724776268005,0.12780550122261047,1.4505000114440918,0.16081038117408752,-0.021506164222955704,1.5394999980926514,0.14533743262290955,0.26608583331108093,1.5885000228881836,0.11256318539381027,0.11230795830488205,1.805999994277954
0.04926803708076477,-0.2584887444972992,1.4165000915527344,0.04332134872674942,-0.27734822034835815,1.3734999895095825,0,0,0,0.22179940342903137,-0.12941865622997284,1.3624999523162842,0.17366266250610352,-0.21237869560718536,1.4789999723434448,0.21732233464717865,0.12075462192296982,1.4505000114440918,0.17176343500614166,-0.013899696059525013,1.5260000228881836,0.12274903059005737,0.259583979845047,1.5959999561309814,0.11548952013254166,0.10938164591789246,1.805999994277954
0.04028527811169624,-0.26668575406074524,1.4235000610351562,0.03487025946378708,-0.28549233078956604,1.3914999961853027,0,0,0,0.21076081693172455,-0.12941865622997284,1.3624999523162842,0.17167146503925323,-0.22729413211345673,1.4824999570846558,0.19087883830070496,0.11476200073957443,1.4639999866485596,0.1685696840286255,-0.01630258560180664,1.5195000171661377,0.09462728351354599,0.24750374257564545,1.6015000343322754,0.11548952013254166,0.10060268640518188,1.805999994277954
0.02647380158305168,-0.27389368414878845,1.4249999523162842,0.02161809615790844,-0.29832080006599426,1.409500002861023,0,0,0,0.1886836588382721,-0.12721095979213715,1.3624999523162842,0.17647579312324524,-0.22729413211345673,1.4824999570846558,0.16429857909679413,0.11849432438611984,1.4809999465942383,0.1680150032043457,-0.006432969588786364,1.5145000219345093,0.06897768378257751,0.24337294697761536,1.6085000038146973,0.10881729423999786,0.09985066950321198,1.7925000190734863
0.015101723372936249,-0.27706506848335266,1.441499948501587,0.007996286265552044,-0.3013897240161896,1.4240000247955322,0,0,0,0.15381042659282684,-0.1342269778251648,1.366499900817871,0.2084043323993683,-0.2377016842365265,1.4874999523162842,0.13355150818824768,0.09722406417131424,1.4859999418258667,0,0,0,0.04573305323719978,0.21832314133644104,1.6159999370574951,0,0,0
0.003491974901407957,-0.2897871732711792,1.4704999923706055,-0.00590746384114027,-0.3091203570365906,1.4385000467300415,0,0,0,0.10594411194324493,-0.13530749082565308,1.377500057220459,0.2084043323993683,-0.2377016842365265,1.4874999523162842,0.1076417937874794,0.0783812627196312,1.49399995803833,0,0,0,0.019711634144186974,0.20430505275726318,1.6295000314712524,0,0,0
-0.008501768112182617,-0.29014068841934204,1.4844999313354492,-0.01529444009065628,-0.3127502501010895,1.4444999694824219,0,0,0,0.0915001854300499,-0.1415978968143463,1.3954999446868896,0.19983229041099548,-0.23655687272548676,1.4954999685287476,0.06697788834571838,0.08383557200431824,1.5049999952316284,0,0,0,-0.01207172404974699,0.19268663227558136,1.6430000066757202,0,0,0
