-0.37400904297828674,-0.1583874225616455,1.930999994277954,-0.36009055376052856,-0.18113863468170166,1.906999945640564,0,0,0,-0.09863104671239853,-0.12563692033290863,2.060999870300293,-0.32386520504951477,-0.12621602416038513,2.070499897003174,-0.034770406782627106,0.1464766263961792,2.0369999408721924,-0.4000578224658966,0.09480239450931549,2.13700008392334,-0.19202759861946106,0.3194255530834198,2.134000062942505,-0.4669881761074066,0.2898949086666107,2.0954999923706055
-0.3973868787288666,-0.14838354289531708,1.9229999780654907,-0.3831962049007416,-0.16499370336532593,1.8989999294281006,0,0,0,-0.11465718597173691,-0.11162517219781876,2.0490000247955322,-0.3442460596561432,-0.10846368223428726,2.052000045776367,-0.03146976977586746,0.15637847781181335,2.0369999408721924,-0.4368145167827606,0.11867886036634445,2.130500078201294,-0.19202759861946106,0.3194255530834198,2.134000062942505,-0.5145241618156433,0.31705814599990845,2.0954999923706055
-0.4174543619155884,-0.11983980983495712,1.9149999618530273,-0.40663132071495056,-0.1399710476398468,1.8935000896453857,0,0,0,-0.11711359024047852,-0.08773770928382874,2.0339999198913574,-0.35493215918540955,-0.08456651121377945,2.0369999408721924,-0.03807104751467705,0.16297970712184906,2.0369999408721924,-0.4706721901893616,0.14608979225158691,2.127500057220459,-0.19894322752952576,0.32288336753845215,2.134000062942505,-0.5552692413330078,0.327244371175766,2.0954999923706055
-0.436767041683197,-0.09758127480745316,1.9045000076293945,-0.42754289507865906,-0.11833789944648743,1.8910000324249268,0,0,0,-0.1363161951303482,-0.08080710470676422,2.0255000591278076,-0.36988547444343567,-0.07435309886932373,2.0285000801086426,-0.044672317802906036,0.16628031432628632,2.0369999408721924,-0.49157583713531494,0.14413277804851532,2.0989999771118164,-0.20585884153842926,0.32288336753845215,2.134000062942505,-0.5960143804550171,0.31705814599990845,2.0954999923706055
-0.44781380891799927,-0.06960637122392654,1.8989999294281006,-0.4472106397151947,-0.09345339983701706,1.883500099182129,0,0,0,-0.17220541834831238,-0.07415150105953217,2.0230000019073486,-0.373768150806427,-0.06403156369924545,2.0139999389648438,-0.05142461881041527,0.16345976293087006,2.0429999828338623,-0.5085813403129578,0.15093493461608887,2.0989999771118164,-0.20585884153842926,0.3194255530834198,2.134000062942505,-0.6333641409873962,0.3204535245895386,2.0954999923706055
-0.4691959619522095,-0.05996203050017357,1.8860000371932983,-0.4624326229095459,-0.08373826742172241,1.871000051498413,0,0,0,-0.20026125013828278,-0.07036557793617249,2.008500099182129,-0.39749258756637573,-0.0506744310259819,2.002000093460083,-0.07160080969333649,0.16085493564605713,2.052000045776367,-0.5249555706977844,0.13628380000591278,2.0829999446868896,-0.2162322700023651,0.32288336753845215,2.134000062942505,-0.6556085348129272,0.3043454587459564,2.1015000343322754
-0.48688551783561707,-0.0537787601351738,1.883500099182129,-0.482361763715744,-0.0774674117565155,1.8660000562667847,0,0,0,-0.21142077445983887,-0.066526398062706,1.9909999370574951,-0.4061056077480316,-0.06671018153429031,1.996500015258789,-0.08822552114725113,0.16750477254390717,2.052000045776367,-0.5385799407958984,0.12540125846862793,2.070499897003174,-0.22314788401126862,0.3194255530834198,2.134000062942505,-0.6867191195487976,0.3041624128818512,2.124000072479248
-0.49776819348335266,-0.047548409551382065,1.878499984741211,-0.49681299924850464,-0.07434412837028503,1.8634999990463257,0,0,0,-0.22944441437721252,-0.06614214926958084,1.9795000553131104,-0.4296056032180786,-0.06312545388936996,1.9854999780654907,-0.09501410275697708,0.16441987454891205,2.054999828338623,-0.5602998733520508,0.10828576236963272,2.063999891281128,-0.2365904599428177,0.3189016580581665,2.130500078201294,-0.7218558192253113,0.28580719232559204,2.1675000190734863
-0.5099434852600098,-0.05363599583506584,1.878499984741211,-0.5142392516136169,-0.07424438744783401,1.8609999418258667,0,0,0,-0.24561122059822083,-0.06532350927591324,1.9549999237060547,-0.43351444602012634,-0.07555397599935532,1.9739999771118164,-0.10833331197500229,0.16441987454891205,2.054999828338623,-0.5770217776298523,0.09156393259763718,2.063999891281128,-0.2557332515716553,0.3203868567943573,2.117500066757202,-0.7460768818855286,0.27325907349586487,2.2079999446868896
-0.5373377799987793,-0.05363599583506584,1.878499984741211,-0.5339091420173645,-0.07404491305351257,1.8559999465942383,0,0,0,-0.2687358558177948,-0.05536342412233353,1.9390000104904175,-0.4386858642101288,-0.07215384393930435,1.9684998989105225,-0.1249823272228241,0.15776032209396362,2.054999828338623,-0.5803661942481995,0.07484211027622223,2.063999891281128,-0.264833003282547,0.3155337870121002,2.1080000400543213,-0.7689779996871948,0.2522059977054596,2.243499994277954
-0.557157576084137,-0.05652892589569092,1.873500108718872,-0.5542130470275879,-0.07995174080133438,1.8534998893737793,0,0,0,-0.28400498628616333,-0.061551690101623535,1.9359999895095825,-0.4578237235546112,-0.07215384393930435,1.9684998989105225,-0.1416313350200653,0.16109009087085724,2.054999828338623,-0.5956135988235474,0.07172290980815887,2.070499897003174,-0.28191137313842773,0.31894946098327637,2.1080000400543213,-0.7976122498512268,0.24306783080101013,2.2944998741149902
-0.5753718614578247,-0.06260031461715698,1.873500108718872,-0.5692296028137207,-0.08896160125732422,1.8534998893737793,0,0,0,-0.3011062741279602,-0.0643211081624031,1.9249999523162842,-0.46926751732826233,-0.07513295859098434,1.9630000591278076,-0.16090239584445953,0.15706941485404968,2.0460000038146973,-0.6056783199310303,0.061658214777708054,2.070499897003174,-0.3087967336177826,0.3184955418109894,2.1050000190734863,-0.8384341597557068,0.22677402198314667,2.3569998741149902
-0.5829191207885742,-0.0715160071849823,1.868499994277954,-0.5766797065734863,-0.09770717471837997,1.8485000133514404,0,0,0,-0.3083671033382416,-0.05769057944417,1.9119999408721924,-0.48047512769699097,-0.08070559799671173,1.944000005722046,-0.18852342665195465,0.16132527589797974,2.058000087738037,-0.6123881340026855,0.05494842305779457,2.070499897003174,-0.3224400281906128,0.32190629839897156,2.1050000190734863,-0.8657572269439697,0.21544574201107025,2.4010000228881836
-0.5829191207885742,-0.08968155831098557,1.868499994277954,-0.5752757787704468,-0.11240877211093903,1.843999981880188,0,0,0,-0.31065067648887634,-0.06989961117506027,1.906999945640564,-0.4765205979347229,-0.09253735095262527,1.9279999732971191,-0.20303909480571747,0.16562002897262573,2.069999933242798,-0.6194604635238647,0.04515470564365387,2.0829999446868896,-0.3429049551486969,0.32190629839897156,2.1050000190734863,-0.8809965252876282,0.19374342262744904,2.4214999675750732
-0.5918449759483337,-0.11028129607439041,1.8585000038146973,-0.5806211829185486,-0.1301947683095932,1.8420000076293945,0,0,0,-0.30975475907325745,-0.06969801336526871,1.9014999866485596,-0.48838257789611816,-0.09865725040435791,1.9254999160766602,-0.2185354083776474,0.17132921516895294,2.058000087738037,-0.6262108087539673,0.02490379475057125,2.0829999446868896,-0.3775504529476166,0.32236507534980774,2.1080000400543213,-0.8940561413764954,0.1798871010541916,2.446499824523926
-0.5736844539642334,-0.11867346614599228,1.8485000133514404,-0.5679106116294861,-0.1389598697423935,1.8394999504089355,0,0,0,-0.3035925626754761,-0.06969801336526871,1.9014999866485596,-0.4821426570415497,-0.10801710188388824,1.9254999160766602,-0.22753994166851044,0.18054014444351196,2.0490000247955322,-0.6358726024627686,0.014689654111862183,2.070499897003174,-0.3924194872379303,0.3130805194377899,2.114500045776367,-0.9124290347099304,0.17718136310577393,2.4639999866485596
-0.5663120746612549,-0.1422877013683319,1.843999981880188,-0.5582091212272644,-0.15663030743598938,1.8370000123977661,0,0,0,-0.2974304258823395,-0.07586013525724411,1.9014999866485596,-0.4752848148345947,-0.1172245517373085,1.9229999780654907,-0.22887252271175385,0.18159745633602142,2.060999870300293,-0.6450933814048767,0.004667404107749462,2.0894999504089355,-0.4217154085636139,0.30072081089019775,2.124000072479248,-0.9214425683021545,0.15808023512363434,2.4774999618530273
-0.5500268936157227,-0.1508822739124298,1.8394999504089355,-0.5396143794059753,-0.1683071404695511,1.8345000743865967,0,0,0,-0.2851060926914215,-0.07586013525724411,1.9014999866485596,-0.46966278553009033,-0.12361685186624527,1.9254999160766602,-0.23429642617702484,0.1798580437898636,2.0794999599456787,-0.6508049368858337,-0.008953912183642387,2.1080000400543213,-0.44988277554512024,0.28735974431037903,2.127000093460083,-0.920575737953186,0.13848188519477844,2.4860000610351562
-0.5247517824172974,-0.1564171463251114,1.8345000743865967,-0.5173926949501038,-0.1767416000366211,1.8294999599456787,0,0,0,-0.2735707759857178,-0.07607955485582352,1.906999945640564,-0.4478229880332947,-0.1392165869474411,1.9254999160766602,-0.22755743563175201,0.18659700453281403,2.0794999599456787,-0.6228582262992859,-0.026149529963731766,2.117500066757202,-0.47056159377098083,0.270127534866333,2.127000093460083,-0.914886474609375,0.1110612004995346,2.503499984741211
-0.4920541048049927,-0.16236215829849243,1.8345000743865967,-0.4829292297363281,-0.181971475481987,1.8224999904632568,0,0,0,-0.24576084315776825,-0.07607955485582352,1.906999945640564,-0.4296603202819824,-0.15189334750175476,1.9279999732971191,-0.21279257535934448,0.18547534942626953,2.066999912261963,-0.6178869605064392,-0.03655455261468887,2.124000072479248,-0.4671151340007782,0.2528952956199646,2.127000093460083,-0.9059620499610901,0.09110503643751144,2.5124998092651367
