0.030481688678264618,-0.11777784675359726,1.1424999237060547,0.06349821388721466,-0.15297181904315948,1.1710000038146973,0.004610261879861355,-0.14888118207454681,1.1540000438690186,0.19730272889137268,0.013322332873940468,1.2890000343322754,-0.07260582596063614,-0.029875071719288826,1.2610000371932983,0.2315092384815216,0.24654006958007812,1.3420000076293945,-0.1854812651872635,0.06447219103574753,1.064500093460083,0.22610904276371002,0.46998879313468933,1.2985000610351562,-0.2604239583015442,0.10611607879400253,0.8805000185966492
0.015671763569116592,-0.11777784675359726,1.1424999237060547,0.04836011305451393,-0.15310245752334595,1.1720000505447388,-0.012186847627162933,-0.14849413931369781,1.1510000228881836,0.18059374392032623,0.01123372558504343,1.2890000343322754,-0.08690858632326126,-0.029875071719288826,1.2610000371932983,0.2141132354736328,0.24436557292938232,1.3420000076293945,-0.1922903060913086,0.06444189697504044,1.0640000104904175,0.20927694439888,0.463676780462265,1.2985000610351562,-0.280864417552948,0.11144188791513443,0.8774999976158142
0.002713077934458852,-0.11777784675359726,1.1424999237060547,0.03316778689622879,-0.15310245752334595,1.1720000505447388,-0.025241944938898087,-0.14662912487983704,1.1510000228881836,0.17015065252780914,0.009145117364823818,1.2890000343322754,-0.10325459390878677,-0.027831831946969032,1.2610000371932983,0.19941046833992004,0.2450028955936432,1.3454999923706055,-0.2095307558774948,0.06616593152284622,1.0640000104904175,0.1966528594493866,0.463676780462265,1.2985000610351562,-0.2958289384841919,0.11402508616447449,0.875499963760376
-0.00838334672152996,-0.11947202682495117,1.1410000324249268,0.02177354134619236,-0.1550014764070511,1.1720000505447388,-0.0363687239587307,-0.14823611080646515,1.1490000486373901,0.1534416824579239,0.01123372558504343,1.2890000343322754,-0.11542249470949173,-0.02372652292251587,1.2599999904632568,0.1868833601474762,0.24354460835456848,1.3494999408721924,-0.21763840317726135,0.07117041945457458,1.061500072479248,0.18838173151016235,0.4577169716358185,1.2994999885559082,-0.3011590242385864,0.11531183868646622,0.874500036239624
-0.017611948773264885,-0.119367316365242,1.1399999856948853,0.01226785872131586,-0.1548692137002945,1.1710000038146973,-0.0456378310918808,-0.14810709655284882,1.1480000019073486,0.14717581868171692,0.015410942025482655,1.2890000343322754,-0.12553094327449799,-0.023707689717411995,1.2589999437332153,0.17259393632411957,0.2449883669614792,1.3574999570846558,-0.22623838484287262,0.07117041945457458,1.061500072479248,0.18395623564720154,0.4539620280265808,1.312999963760376,-0.30647405982017517,0.11552748829126358,0.8654999732971191
-0.02675369381904602,-0.11710777133703232,1.1359999179840088,0.0027736325282603502,-0.1544724553823471,1.1679999828338623,-0.056798748672008514,-0.14810709655284882,1.1480000019073486,0.14090995490550995,0.017499549314379692,1.2890000343322754,-0.1355692744255066,-0.02164187654852867,1.2574999332427979,0.1667899191379547,0.24395130574703217,1.3639999628067017,-0.2354440540075302,0.0725470557808876,1.05649995803833,0.18027855455875397,0.45655709505081177,1.3329999446868896,-0.3138391375541687,0.11689671128988266,0.8550000190734863
-0.03411652520298958,-0.11894847452640533,1.1359999179840088,-0.004788392223417759,-0.15420792996883392,1.1659998893737793,-0.06418339908123016,-0.14611954987049103,1.1469999551773071,0.13255546987056732,0.015410942025482655,1.2890000343322754,-0.1408933401107788,-0.019495181739330292,1.250499963760376,0.16254818439483643,0.23758189380168915,1.3654999732971191,-0.24171829223632812,0.07408322393894196,1.0540000200271606,0.17866478860378265,0.45480597019195557,1.3535000085830688,-0.3180733323097229,0.11779790371656418,0.8515000343322754
-0.037664853036403656,-0.11669542640447617,1.1319999694824219,-0.008533966727554798,-0.15361279249191284,1.1614999771118164,-0.06778207421302795,-0.14586476981639862,1.1449999809265137,0.13046684861183167,0.021676765754818916,1.2890000343322754,-0.14620809257030487,-0.021409539505839348,1.24399995803833,0.15829671919345856,0.23119789361953735,1.3669999837875366,-0.24660760164260864,0.07571914047002792,1.0529999732971191,0.1787533462047577,0.44513604044914246,1.371000051498413,-0.3167659044265747,0.11868774890899658,0.8480000495910645
-0.04131505638360977,-0.11481048166751862,1.131500005722046,-0.012271551415324211,-0.15328215062618256,1.1589999198913574,-0.0713677778840065,-0.1456099897623062,1.1430000066757202,0.12002374231815338,0.015410942025482655,1.2890000343322754,-0.14810466766357422,-0.01736418530344963,1.2430000305175781,0.15858621895313263,0.22940164804458618,1.369499921798706,-0.24466882646083832,0.07564724236726761,1.0520000457763672,0.1812305897474289,0.4445481598377228,1.3899999856948853,-0.3226820230484009,0.12107782810926437,0.8454999923706055
-0.04484274610877037,-0.11445534974336624,1.128000020980835,-0.014112901873886585,-0.15101230144500732,1.1559998989105225,-0.07675568014383316,-0.1434435397386551,1.1405000686645508,0.11761490255594254,0.015369096770882607,1.2855000495910645,-0.15213283896446228,-0.013336041010916233,1.2430000305175781,0.15933890640735626,0.2327200323343277,1.375999927520752,-0.2513677179813385,0.07901884615421295,1.0515000820159912,0.18546797335147858,0.45263728499412537,1.4224998950958252,-0.3254220187664032,0.12244781106710434,0.8454999923706055
-0.046670496463775635,-0.11262761801481247,1.128000020980835,-0.019698111340403557,-0.1507510542869568,1.1540000438690186,-0.07829353213310242,-0.14103683829307556,1.1359999179840088,0.11521738022565842,0.015327250584959984,1.281999945640564,-0.1560353934764862,-0.013325313106179237,1.2420001029968262,0.16026531159877777,0.22958800196647644,1.3840000629425049,-0.2546541392803192,0.08238720148801804,1.0509999990463257,0.18872754275798798,0.45355600118637085,1.4474999904632568,-0.3273857831954956,0.12352491915225983,0.843500018119812
-0.04662911966443062,-0.11070165038108826,1.1269999742507935,-0.019681040197610855,-0.15062041580677032,1.152999997138977,-0.07808677107095718,-0.14066438376903534,1.1329998970031738,0.11729466170072556,0.015327250584959984,1.281999945640564,-0.15521878004074097,-0.011253653094172478,1.2355000972747803,0.16072849929332733,0.22575348615646362,1.3880000114440918,-0.2546541392803192,0.08238720148801804,1.0509999990463257,0.19206297397613525,0.44883325695991516,1.4549999237060547,-0.329336553812027,0.1245955377817154,0.8415000438690186
-0.046505000442266464,-0.11040697991847992,1.124000072479248,-0.017812786623835564,-0.14875216782093048,1.152999997138977,-0.07614997774362564,-0.1386447548866272,1.131500005722046,0.1213071197271347,0.019458986818790436,1.2804999351501465,-0.15626628696918488,-0.009195569902658463,1.2279999256134033,0.16397559642791748,0.2316615879535675,1.3964999914169312,-0.25599122047424316,0.08567068725824356,1.0494999885559082,0.1926569938659668,0.4573160409927368,1.4594999551773071,-0.33263465762138367,0.12565967440605164,0.8395000100135803
-0.044683732092380524,-0.10676447302103043,1.124000072479248,-0.01590304635465145,-0.14650173485279083,1.149999976158142,-0.07604902237653732,-0.13662998378276825,1.1299999952316284,0.11909260600805283,0.015291384421288967,1.2790000438690186,-0.15029694139957428,-0.009195569902658463,1.2279999256134033,0.16808351874351501,0.23194491863250732,1.4119999408721924,-0.253442645072937,0.08538498729467392,1.0460000038146973,0.19622446596622467,0.4601360559463501,1.4684998989105225,-0.3242807686328888,0.1264147311449051,0.8355000019073486
-0.0392199382185936,-0.10676447302103043,1.124000072479248,-0.010268027894198895,-0.14586476981639862,1.1449999809265137,-0.07049362361431122,-0.13650906085968018,1.128999948501587,0.12323744595050812,0.017363788560032845,1.2790000438690186,-0.14432761073112488,-0.009195569902658463,1.2279999256134033,0.1744324266910553,0.24126102030277252,1.4265000820159912,-0.24835801124572754,0.08538498729467392,1.0460000038146973,0.20221519470214844,0.4773203432559967,1.4774999618530273,-0.31810227036476135,0.12611213326454163,0.8335000276565552
-0.037398673593997955,-0.10494322329759598,1.124000072479248,-0.008398041129112244,-0.14190591871738434,1.1430000066757202,-0.06677570194005966,-0.13456042110919952,1.128000020980835,0.1273822784423828,0.019436193630099297,1.2790000438690186,-0.14034804701805115,-0.011185337789356709,1.2279999256134033,0.17748723924160004,0.24923916161060333,1.4325000047683716,-0.2449682503938675,0.08369012176990509,1.0460000038146973,0.2053016573190689,0.49334850907325745,1.4824999570846558,-0.3140506148338318,0.12476158142089844,0.8335000276565552
-0.03557741269469261,-0.10312195867300034,1.124000072479248,-0.004691885318607092,-0.14184382557868958,1.1424999237060547,-0.06300828605890274,-0.13432183861732483,1.125999927520752,0.1355658769607544,0.025633348152041435,1.277999997138977,-0.14233781397342682,-0.007205802947282791,1.2279999256134033,0.1801849603652954,0.2520870864391327,1.4355000257492065,-0.24157848954200745,0.08538498729467392,1.0460000038146973,0.20599408447742462,0.502243161201477,1.4874999523162842,-0.31675171852111816,0.12341102957725525,0.8335000276565552
-0.030113616958260536,-0.10312195867300034,1.124000072479248,-0.0009889706270769238,-0.141781747341156,1.1419999599456787,-0.060993604362010956,-0.13208550214767456,1.122499942779541,0.13359953463077545,0.02150859870016575,1.2790000438690186,-0.13670164346694946,-0.011212663725018501,1.2309999465942383,0.18251095712184906,0.25441309809684753,1.4355000257492065,-0.23976895213127136,0.0836501196026802,1.0455000400543213,0.20358382165431976,0.5094738602638245,1.4874999523162842,-0.3127000629901886,0.12206048518419266,0.8335000276565552
-0.026365108788013458,-0.102709099650383,1.1195000410079956,0.002711890498176217,-0.1399313360452652,1.1419999599456787,-0.057228196412324905,-0.13179132342338562,1.1200000047683716,0.13763666152954102,0.021491780877113342,1.277999997138977,-0.1347069889307022,-0.011212663725018501,1.2309999465942383,0.18716296553611755,0.25906506180763245,1.4355000257492065,-0.23638081550598145,0.08195606619119644,1.0455000400543213,0.20358382165431976,0.5094738602638245,1.4874999523162842,-0.3103708326816559,0.1222069188952446,0.8344999551773071
-0.022757472470402718,-0.10280085355043411,1.120500087738037,0.0045623211190104485,-0.1399313360452652,1.1419999599456787,-0.05359863117337227,-0.13179132342338562,1.1200000047683716,0.1394888311624527,0.02145814709365368,1.2760000228881836,-0.13082391023635864,-0.01122177205979824,1.2319999933242798,0.18716296553611755,0.25906506180763245,1.4355000257492065,-0.23243553936481476,0.08176008611917496,1.0429999828338623,0.2011735588312149,0.5046533942222595,1.4874999523162842,-0.30766651034355164,0.12085475027561188,0.8344999551773071
