-0.32982030510902405,0.03662332147359848,1.0099999904632568,-0.3019793629646301,0.00558936782181263,1.0209999084472656,-0.33956465125083923,0.009689439088106155,0.9375,-0.1885405331850052,0.02112887054681778,1.1459999084472656,-0.43399518728256226,0.0006354927318170667,1.0360000133514404,-0.13208070397377014,0.26867687702178955,1.2070000171661377,-0.5424115657806396,0.20702427625656128,1.0885000228881836,-0.24262629449367523,0.3497976064682007,1.0360000133514404,-0.412630558013916,0.34694206714630127,0.9850000143051147
-0.3200010359287262,0.04153292626142502,1.0099999904632568,-0.2920531630516052,0.012206804007291794,1.0209999084472656,-0.3280539810657501,0.01420863252133131,0.9350000023841858,-0.17739905416965485,0.024842673912644386,1.1459999084472656,-0.4253964126110077,-0.002720521530136466,1.0355000495910645,-0.1281692087650299,0.2745440900325775,1.2070000171661377,-0.5282250642776489,0.2025262415409088,1.0740000009536743,-0.2321052998304367,0.35917484760284424,1.034000039100647,-0.41191366314888,0.3338950574398041,0.9795000553131104
-0.31018176674842834,0.04971560463309288,1.0099999904632568,-0.2818506360054016,0.020458539947867393,1.0199999809265137,-0.3182815909385681,0.020225320011377335,0.9330000281333923,-0.16796782612800598,0.03038683719933033,1.1449999809265137,-0.41700708866119385,0.003990893717855215,1.0355000495910645,-0.12214995175600052,0.27810952067375183,1.2055000066757202,-0.5166214108467102,0.20312531292438507,1.0679999589920044,-0.22037726640701294,0.36587655544281006,1.034000039100647,-0.4048660695552826,0.34306758642196655,0.9739999771118164
-0.29545286297798157,0.05626174435019493,1.0099999904632568,-0.26697587966918945,0.028722234070301056,1.0199999809265137,-0.303001344203949,0.0262583177536726,0.9325000047683716,-0.15683607757091522,0.03780795633792877,1.1449999809265137,-0.41683343052864075,0.0023498968221247196,1.0520000457763672,-0.11020100861787796,0.28338056802749634,1.2030000686645508,-0.5092748999595642,0.21777845919132233,1.063499927520752,-0.21032467484474182,0.37425366044044495,1.034000039100647,-0.3772791922092438,0.3614133596420288,0.9639999866485596
-0.28208091855049133,0.05947587266564369,1.0090000629425049,-0.25044840574264526,0.0320277139544487,1.0199999809265137,-0.28982171416282654,0.032180916517972946,0.9290000200271606,-0.14723742008209229,0.0414278618991375,1.1424999237060547,-0.3992173671722412,0.0023465461563318968,1.0505000352859497,-0.09834160655736923,0.2906934916973114,1.2009999752044678,-0.4949478507041931,0.21090954542160034,1.0550000667572021,-0.2036229372024536,0.38095536828041077,1.034000039100647,0,0,0
-0.26696908473968506,0.06754986941814423,1.0074999332427979,-0.24182851612567902,0.04023215174674988,1.0184999704360962,-0.2731419801712036,0.03797589987516403,0.9235000014305115,-0.13029053807258606,0.04687874764204025,1.1399999856948853,-0.3856000304222107,0.004048705101013184,1.0505000352859497,-0.0882425531744957,0.2952970564365387,1.196000099182129,-0.4840952754020691,0.20990994572639465,1.0499999523162842,-0.1935703307390213,0.38598161935806274,1.034000039100647,0,0,0
-0.2552880346775055,0.0674828290939331,1.006500005722046,-0.22862595319747925,0.04353277012705803,1.0184999704360962,-0.2589084804058075,0.03764692693948746,0.9155000448226929,-0.11889370530843735,0.044913068413734436,1.1370000839233398,-0.373684823513031,0.009155181236565113,1.0505000352859497,-0.07417752593755722,0.2971717119216919,1.187999963760376,-0.4698123335838318,0.20961010456085205,1.0485000610351562,-0.18605531752109528,0.38596996665000916,1.0295000076293945,0,0,0
-0.23850439488887787,0.07060398161411285,1.004499912261963,-0.21377308666706085,0.045183077454566956,1.0184999704360962,-0.2439483255147934,0.04034757986664772,0.909500002861023,-0.10007276386022568,0.05207541212439537,1.1324999332427979,-0.35666313767433167,0.00745302252471447,1.0505000352859497,-0.05872832611203194,0.29692158102989197,1.187000036239624,-0.45464426279067993,0.2081107348203659,1.0410000085830688,-0.15708421170711517,0.3794853985309601,1.0255000591278076,-0.3322643041610718,0.353505402803421,0.9470000267028809
-0.22038082778453827,0.07053369283676147,1.003499984741211,-0.1920357048511505,0.04676441103219986,1.0169999599456787,-0.2272368222475052,0.04319975897669792,0.9075000286102295,-0.0814698189496994,0.05191447585821152,1.128999948501587,-0.32867738604545593,-0.002644331194460392,1.006500005722046,-0.03949486091732979,0.2949982285499573,1.187000036239624,-0.436488538980484,0.20758061110973358,1.0299999713897705,-0.13880594074726105,0.3828086853027344,1.0255000591278076,0,0,0
-0.207062765955925,0.07367541640996933,1.002000093460083,-0.18152152001857758,0.04824567586183548,1.0134999752044678,-0.21341310441493988,0.044547148048877716,0.9049999713897705,-0.0627564862370491,0.051569607108831406,1.121500015258789,-0.31236863136291504,0.008771717548370361,1.006500005722046,-0.02793123386800289,0.30435827374458313,1.1859999895095825,-0.4196266233921051,0.20168878138065338,1.0255000591278076,-0.12105654180049896,0.38448843359947205,1.0299999713897705,-0.3063083589076996,0.3516656756401062,0.937999963760376
-0.19063647091388702,0.07684578746557236,1.0010000467300415,-0.1628926694393158,0.051352135837078094,1.0099999904632568,-0.19666270911693573,0.0455305352807045,0.8955000042915344,-0.04594644159078598,0.05286317318677902,1.1104999780654907,-0.28650006651878357,0.0053320713341236115,0.9739999771118164,-0.006792251951992512,0.3005148768424988,1.1859999895095825,-0.40407970547676086,0.20305295288562775,1.0239999294281006,-0.10360707342624664,0.38168880343437195,1.0225000381469727,0,0,0
-0.1725359559059143,0.07835015654563904,0.999500036239624,-0.1428995281457901,0.05285751074552536,1.0074999332427979,-0.17694857716560364,0.04781057685613632,0.8840000033378601,-0.027851853519678116,0.047294069081544876,1.1064999103546143,-0.25616130232810974,0.0035939239896833897,0.9325000047683716,0.010512135922908783,0.30076825618743896,1.187000036239624,-0.389146625995636,0.20305295288562775,1.0239999294281006,-0.0837254747748375,0.3833456039428711,1.0225000381469727,-0.2801865041255951,0.34941622614860535,0.9319999814033508
-0.15602779388427734,0.07980965077877045,0.9975000023841858,-0.12900188565254211,0.05413844436407089,1.000999927520752,-0.16275803744792938,0.04885301738977432,0.8769999742507935,-0.006328362971544266,0.05260135605931282,1.1050000190734863,-0.23148711025714874,-0.00525472080335021,0.8955000042915344,0.025920722633600235,0.30487149953842163,1.187999963760376,-0.3755057752132416,0.19788186252117157,1.0230000019073486,-0.07047107815742493,0.3833456039428711,1.0225000381469727,0,0,0
-0.13986489176750183,0.08465849608182907,0.9975000023841858,-0.11077164113521576,0.060414280742406845,0.9975000023841858,-0.14487485587596893,0.054226212203502655,0.871999979019165,0.009768226183950901,0.054293375462293625,1.1029999256134033,-0.2143225222826004,-0.0052253808826208115,0.8904999494552612,0.03939548879861832,0.30102163553237915,1.187999963760376,-0.3655601143836975,0.19953946769237518,1.0230000019073486,-0.050812117755413055,0.3783763349056244,1.0269999504089355,-0.24743521213531494,0.344359815120697,0.9225000143051147
-0.11238792538642883,0.0895073413848877,0.9975000023841858,-0.08167839795351028,0.06849568337202072,0.9975000023841858,-0.12205752730369568,0.05695393308997154,0.8704999685287476,0.038364022970199585,0.05250614508986473,1.1029999256134033,-0.19270479679107666,-0.008051985874772072,0.8840000033378601,0.06832744926214218,0.29549527168273926,1.1890000104904175,-0.3456687927246094,0.2011970728635788,1.0230000019073486,-0.020970182493329048,0.3820757269859314,1.0325000286102295,-0.21903467178344727,0.3473493456840515,0.9225000143051147
-0.10102322697639465,0.08784700185060501,0.996999979019165,-0.07183632254600525,0.07158443331718445,0.9954999685287476,-0.10776642709970474,0.05685579404234886,0.8689999580383301,0.05610893666744232,0.050603967159986496,1.1004999876022339,-0.18697525560855865,-0.003754866309463978,0.8840000033378601,0.07789481431245804,0.3029465675354004,1.187999963760376,-0.33903834223747253,0.20948506891727448,1.0230000019073486,-0.01779486984014511,0.38746538758277893,1.0425000190734863,0,0,0
-0.08957988023757935,0.0909409150481224,0.9954999685287476,-0.06045374646782875,0.073087178170681,0.9940000176429749,-0.09768453985452652,0.05812976881861687,0.8669999837875366,0.06145849451422691,0.04703762009739876,1.1004999876022339,-0.17899970710277557,0.0033915850799530745,0.8799999952316284,0.08751964569091797,0.30102163553237915,1.187999963760376,-0.3281276226043701,0.21217621862888336,1.0199999809265137,-0.002592010423541069,0.3840869963169098,1.0425000190734863,0,0,0
-0.07479852437973022,0.09544329345226288,0.9919999837875366,-0.04595816507935524,0.08114022761583328,0.9940000176429749,-0.08774936199188232,0.06507875770330429,0.8659999966621399,0.07377283275127411,0.043372511863708496,1.0980000495910645,-0.17265142500400543,0.003407001495361328,0.8840000033378601,0.09798534959554672,0.292015939950943,1.1749999523162842,-0.32041338086128235,0.2098011076450348,1.0164999961853027,0.009232436306774616,0.38070863485336304,1.0425000190734863,-0.18246537446975708,0.3460314869880676,0.9190000295639038
-0.05833993852138519,0.09641474485397339,0.9854999780654907,-0.03141510486602783,0.0778014287352562,0.9925000071525574,-0.07507704198360443,0.06363878399133682,0.8654999732971191,0.08437073230743408,0.038000501692295074,1.097000002861023,-0.16405713558197021,0.007704121991991997,0.8840000033378601,0.1140427514910698,0.2873961329460144,1.1640000343322754,-0.31649529933929443,0.21760745346546173,1.0145000219345093,0.021117478609085083,0.3818041980266571,1.0455000400543213,0,0,0
-0.04976809024810791,0.09528966248035431,0.9739999771118164,-0.021755002439022064,0.08258433640003204,0.9919999837875366,-0.06635452061891556,0.06474059075117111,0.8615000247955322,0.09317328780889511,0.03796585649251938,1.0959999561309814,-0.1568952351808548,0.009136495180428028,0.8840000033378601,0.1233140304684639,0.28325849771499634,1.162500023841858,-0.30736446380615234,0.21860291063785553,1.0115000009536743,0.03805815428495407,0.3784160614013672,1.0455000400543213,-0.15863986313343048,0.3460314869880676,0.9190000295639038
