0.6228283643722534,-0.5815529227256775,2.880000114440918,0.5990169644355774,-0.6173900365829468,2.7290000915527344,0.30648452043533325,-0.3394065797328949,1.5444999933242798,0.31832921504974365,-0.241664856672287,1.7625000476837158,0.10891853272914886,-0.1418844312429428,1.5464999675750732,0,0,0,0.09879288822412491,0.1175210103392601,1.6719999313354492,0,0,0,0.14518511295318604,0.34805071353912354,1.7410000562667847
0.6041620373725891,-0.5722197890281677,2.880000114440918,0.597941517829895,-0.626150906085968,2.8285000324249268,0.29301974177360535,-0.3308243155479431,1.5394999980926514,0.30577394366264343,-0.23792831599712372,1.75600004196167,0.10846074670553207,-0.13629746437072754,1.5399999618530273,0,0,0,0.09270431846380234,0.13012631237506866,1.659999966621399,0,0,0,0.13934269547462463,0.3700864911079407,1.7384999990463257
0.5948288440704346,-0.5722197890281677,2.880000114440918,0.5960680842399597,-0.6388798356056213,2.886000156402588,0.2802838981151581,-0.32760095596313477,1.5245000123977661,0.3012465536594391,-0.23720861971378326,1.7300000190734863,0.10041743516921997,-0.12810055911540985,1.531499981880188,0,0,0,0.08939094841480255,0.1399092972278595,1.6484999656677246,0,0,0,0.13336266577243805,0.3831768035888672,1.7339999675750732
0.5669133067131042,-0.5539555549621582,2.810999870300293,0.5704427361488342,-0.6215678453445435,2.8285000324249268,0.27146029472351074,-0.31811007857322693,1.503000020980835,0.28751903772354126,-0.23237304389476776,1.715000033378601,0.09501803666353226,-0.12257467210292816,1.5245000123977661,0,0,0,0.08590444177389145,0.14917781949043274,1.6330000162124634,0,0,0,0.12759599089622498,0.38834771513938904,1.7319999933242798
0.5380942225456238,-0.5343514084815979,2.7339999675750732,0.5612764358520508,-0.6215678453445435,2.8285000324249268,0.2632195055484772,-0.31408873200416565,1.4839999675750732,0.2733055055141449,-0.23487767577171326,1.7130000591278076,0.0895753726363182,-0.12189124524593353,1.5160000324249268,0,0,0,0.07994598150253296,0.15319281816482544,1.619499921798706,0,0,0,0.121525339782238,0.39248204231262207,1.7254999876022339
0.542590856552124,-0.5478372573852539,2.802999973297119,0.4296398460865021,-0.48773902654647827,2.2195000648498535,0.25333184003829956,-0.30842870473861694,1.468500018119812,0.2640504240989685,-0.23405498266220093,1.7070000171661377,0.08404819667339325,-0.11612959951162338,1.5049999952316284,0,0,0,0.07435176521539688,0.15248337388038635,1.6119999885559082,0,0,0,0.10899882763624191,0.38770538568496704,1.7044999599456787
0.5133317708969116,-0.5227499008178711,2.697000026702881,0.2897840738296509,-0.3321050703525543,1.5225000381469727,0.24730335175991058,-0.30448615550994873,1.4609999656677246,0.25937119126319885,-0.22959540784358978,1.6944999694824219,0.07817146182060242,-0.10984788835048676,1.4860000610351562,0,0,0,0.07377520948648453,0.15389268100261688,1.5994999408721924,0,0,0,0.10756000876426697,0.3907637596130371,1.6820000410079956
0.5244235992431641,-0.5387536883354187,2.802999973297119,0.2721821069717407,-0.3153521716594696,1.4674999713897705,0.24292424321174622,-0.3019852340221405,1.4490000009536743,0.24839237332344055,-0.21894173324108124,1.6759999990463257,0.06982599198818207,-0.10100153088569641,1.4625000953674316,0,0,0,0.06283345073461533,0.16277050971984863,1.5850000381469727,0,0,0,0.10704842954874039,0.39975491166114807,1.6740000247955322
0.4958515465259552,-0.5052697658538818,2.697000026702881,0.2641967535018921,-0.3018127679824829,1.437000036239624,0.2341182678937912,-0.2875456213951111,1.4240000247955322,0.242525115609169,-0.2134522646665573,1.6545000076293945,0.06676437705755234,-0.09058387577533722,1.4474999904632568,0,0,0,0.057624153792858124,0.17282505333423615,1.5829999446868896,0,0,0,0.10897406190633774,0.4130472242832184,1.6619999408721924
0.38406890630722046,-0.38120928406715393,2.0889999866485596,0.2558373212814331,-0.2906215488910675,1.4164999723434448,0.22644133865833282,-0.2768792510032654,1.4049999713897705,0.234153151512146,-0.20015573501586914,1.6334999799728394,0.06149456277489662,-0.08509194850921631,1.434000015258789,0,0,0,0.05244441702961922,0.18291151523590088,1.5815000534057617,0,0,0,0.1127430722117424,0.42048147320747375,1.6384999752044678
0.3739577829837799,-0.3711235225200653,2.070499897003174,0.25430214405059814,-0.28431475162506104,1.4079999923706055,0.22595782577991486,-0.26947295665740967,1.4019999504089355,0.22987650334835052,-0.19349025189876556,1.621999979019165,0.056431178003549576,-0.07985580712556839,1.4235000610351562,0,0,0,0.05209622532129288,0.1893337517976761,1.571000099182129,0,0,0,0.11458807438611984,0.4228028357028961,1.6269999742507935
0.25728222727775574,-0.24840779602527618,1.4244999885559082,0.2527669370174408,-0.2757954001426697,1.3995000123977661,0.22782257199287415,-0.264457106590271,1.3994998931884766,0.22640766203403473,-0.18753759562969208,1.6159999370574951,0.05161784961819649,-0.07724963128566742,1.4179999828338623,0.27586430311203003,0.026731273159384727,1.968999981880188,0.05391136556863785,0.19182589650154114,1.5499999523162842,0.39215168356895447,0.2674417793750763,2.6459999084472656,0.1171162873506546,0.42768070101737976,1.625499963760376
0.252586305141449,-0.24160780012607574,1.3984999656677246,0.25123172998428345,-0.2741203308105469,1.3910000324249268,0.22668305039405823,-0.2608780264854431,1.3924999237060547,0.22486653923988342,-0.188861683011055,1.6050000190734863,0.05370637774467468,-0.07695000618696213,1.412500023841858,0.28543564677238464,-0.0019826292991638184,1.968999981880188,0.06340043991804123,0.19513443112373352,1.5364999771118164,0.46024489402770996,0.2748201787471771,2.7189998626708984,0.12459488213062286,0.43148353695869446,1.6200000047683716
0.2545444965362549,-0.24143250286579132,1.3845000267028809,0.25303006172180176,-0.271377831697464,1.3884999752044678,0.2281995415687561,-0.2600350081920624,1.3880000114440918,0.22388580441474915,-0.18544870615005493,1.5980000495910645,0.05359230935573578,-0.06993499398231506,1.409500002861023,0.3013879358768463,-0.008363497443497181,1.968999981880188,0.07056959718465805,0.19430893659591675,1.5299999713897705,0.5160795450210571,0.2812384068965912,2.7825000286102295,0.13246974349021912,0.42885860800743103,1.6200000047683716
0.25502583384513855,-0.24200382828712463,1.375,0.2570660412311554,-0.2753807604312897,1.3860000371932983,0.23252998292446136,-0.2620950937271118,1.3870000839233398,0.22360558807849884,-0.1955607831478119,1.5959999561309814,0.060079414397478104,-0.0763235092163086,1.4010000228881836,0.2986229360103607,-0.008199965581297874,1.9305000305175781,0.07247579097747803,0.19278495013713837,1.5180000066757202,0.5588952302932739,0.28467491269111633,2.816499948501587,0.13754962384700775,0.4309508502483368,1.6180000305175781
0.2617097496986389,-0.2397758662700653,1.375,0.2615576386451721,-0.2753807604312897,1.3860000371932983,0.24134549498558044,-0.26190611720085144,1.3860000371932983,0.22541218996047974,-0.18973258137702942,1.590499997138977,0.06874021887779236,-0.06909150630235672,1.3925000429153442,0.281900018453598,-0.0018159839091822505,1.8035000562667847,0.07932877540588379,0.19640186429023743,1.5080000162124634,0.6056575775146484,0.30350375175476074,2.865000009536743,0.14230766892433167,0.4320986866950989,1.6124999523162842
0.270621657371521,-0.24200382828712463,1.375,0.2724913954734802,-0.27283939719200134,1.3845000267028809,0.24808287620544434,-0.2641518712043762,1.3860000371932983,0.23233744502067566,-0.181371808052063,1.5850000381469727,0.07521095126867294,-0.062076419591903687,1.3870000839233398,0.2965114414691925,-0.007660522125661373,1.8035000562667847,0.08125710487365723,0.20002073049545288,1.4984999895095825,0.6726359724998474,0.31759312748908997,2.998000144958496,0.15014606714248657,0.4320986866950989,1.6124999523162842
0.2786186933517456,-0.23677046597003937,1.3704999685287476,0.2781122326850891,-0.2695210576057434,1.378999948501587,0.2570660412311554,-0.26190611720085144,1.3860000371932983,0.23694953322410583,-0.18097130954265594,1.5815000534057617,0.08386672288179398,-0.06183025985956192,1.381500005722046,0.27992528676986694,0.0037660892121493816,1.686000108718872,0.08573974668979645,0.203988179564476,1.4919999837875366,0.7457672953605652,0.33517831563949585,3.1640000343322754,0.15537168085575104,0.4347114861011505,1.6124999523162842
0.29290133714675903,-0.23754790425300598,1.375,0.29375341534614563,-0.26728665828704834,1.378999948501587,0.2724913954734802,-0.2593792974948883,1.3845000267028809,0.24579305946826935,-0.17229752242565155,1.5724999904632568,0.09201446175575256,-0.06573127210140228,1.369499921798706,0.2864120602607727,0.009175104089081287,1.6759999990463257,0.0978275015950203,0.194318026304245,1.4919999837875366,0.8288061022758484,0.3530813455581665,3.3330001831054688,0.16807007789611816,0.4311607778072357,1.6089999675750732
0.320915549993515,-0.23402437567710876,1.380500078201294,0.31998568773269653,-0.2645716965198517,1.3765000104904175,0.301655113697052,-0.25713592767715454,1.3845000267028809,0.262790709733963,-0.15397058427333832,1.5674999952316284,0.11112739890813828,-0.05641918629407883,1.3589999675750732,0.30776992440223694,0.022726334631443024,1.6740000247955322,0.12429546564817429,0.19895288348197937,1.4904999732971191,0.879942774772644,0.3828337788581848,3.4054999351501465,0.18110573291778564,0.44158926606178284,1.6089999675750732
