0.20848262310028076,-0.23814380168914795,1.3914999961853027,0.24215149879455566,-0.2723560631275177,1.4170000553131104,0.17775507271289825,-0.2675774097442627,1.380500078201294,0.31293705105781555,-0.13557004928588867,1.590000033378601,0.05291011556982994,-0.11686604470014572,1.4535000324249268,0.37650129199028015,0.09343844652175903,1.781000018119812,0.016282208263874054,0.13168366253376007,1.3459999561309814,0.4676140546798706,0.3714648187160492,2.0399999618530273,0.045968856662511826,0.2965478003025055,1.2089999914169312
0.21217608451843262,-0.2420397251844406,1.4010000228881836,0.24513757228851318,-0.2731248736381531,1.4210000038146973,0.1803179234266281,-0.2703028619289398,1.3830000162124634,0.31888994574546814,-0.13591112196445465,1.5940001010894775,0.05583561584353447,-0.12045153975486755,1.4684998989105225,0.37938714027404785,0.09055263549089432,1.781000018119812,0.014352661557495594,0.12737210094928741,1.3700000047683716,0.4775305390357971,0.3714648187160492,2.0399999618530273,0.05042532831430435,0.30581745505332947,1.2719999551773071
0.21612988412380219,-0.2439400851726532,1.4119999408721924,0.24892018735408783,-0.27475860714912415,1.4294999837875366,0.18308685719966888,-0.27108466625213623,1.3870000839233398,0.3148067593574524,-0.13638006150722504,1.5994999408721924,0.05631089583039284,-0.11907712370157242,1.4809999465942383,0.3827022314071655,0.09065432101488113,1.7829999923706055,0.014635525643825531,0.12761874496936798,1.3970000743865967,0.48225027322769165,0.36592698097229004,2.0460000038146973,0.057742275297641754,0.31936538219451904,1.3464999198913574
0.2174309641122818,-0.24771027266979218,1.4205000400543213,0.25074857473373413,-0.2767767906188965,1.440000057220459,0.18401087820529938,-0.27245280146598816,1.3940000534057617,0.3154956102371216,-0.13927587866783142,1.6029999256134033,0.061440449208021164,-0.12213302403688431,1.4889999628067017,0.3807717263698578,0.0879867672920227,1.7874999046325684,0.015106961131095886,0.1247200220823288,1.441999912261963,0.4789350628852844,0.3493509590625763,2.0460000038146973,0.06243852525949478,0.32594621181488037,1.402999997138977
0.2176605761051178,-0.24797184765338898,1.4220000505447388,0.2520545423030853,-0.2805637717247009,1.4474999904632568,0.18493488430976868,-0.2760910093784332,1.4010000228881836,0.31918445229530334,-0.14236004650592804,1.6085000038146973,0.0591466911137104,-0.12721416354179382,1.4919999837875366,0.37787535786628723,0.079297736287117,1.7874999046325684,0.013186663389205933,0.12395975738763809,1.4889999628067017,0.46898940205574036,0.3394053876399994,2.0460000038146973,0.06794054061174393,0.325501412153244,1.4730000495910645
0.21857896447181702,-0.25133198499679565,1.4279999732971191,0.25309932231903076,-0.2817267179489136,1.4535000324249268,0.18814033269882202,-0.2774704694747925,1.4079999923706055,0.3229547441005707,-0.14404164254665375,1.627500057220459,0.057033319026231766,-0.1303267776966095,1.5,0.3749789893627167,0.079297736287117,1.7874999046325684,0.008507284335792065,0.11630506068468094,1.5149999856948853,0.4544442892074585,0.3294406831264496,2.0254998207092285,0.07338292896747589,0.32968223094940186,1.5369999408721924
0.2176281362771988,-0.25291600823402405,1.437000036239624,0.2517792284488678,-0.2828896641731262,1.4594999551773071,0.18874163925647736,-0.2806459963321686,1.412500023841858,0.32336828112602234,-0.14541347324848175,1.6430000066757202,0.05494862049818039,-0.13359807431697845,1.5095000267028809,0.3720826506614685,0.08219408243894577,1.7874999046325684,0.006124376785010099,0.11271896213293076,1.5329999923706055,0.43360093235969543,0.3261064291000366,2.004999876022339,0.07569853216409683,0.3195330798625946,1.5855000019073486
0.21876397728919983,-0.2565765678882599,1.4444999694824219,0.25120869278907776,-0.2873067557811737,1.4700000286102295,0.18816892802715302,-0.28322893381118774,1.4255000352859497,0.3252379894256592,-0.1489318609237671,1.6524999141693115,0.052554886788129807,-0.1361791491508484,1.5110000371932983,0.3682568669319153,0.07909811288118362,1.7829999923706055,0.00116923195309937,0.11396893858909607,1.5499999523162842,0.41558772325515747,0.3247239589691162,1.996500015258789,0.08315645158290863,0.3207746148109436,1.63100004196167
0.21541665494441986,-0.26053035259246826,1.4535000324249268,0.25274667143821716,-0.291462242603302,1.4789999723434448,0.18522323668003082,-0.28814271092414856,1.4385000467300415,0.32750141620635986,-0.15266452729701996,1.6640000343322754,0.050172872841358185,-0.13635939359664917,1.5130000114440918,0.3653677999973297,0.08487621694803238,1.7829999923706055,-0.0013617832446470857,0.11562332510948181,1.5724999904632568,0.39721202850341797,0.319717675447464,1.9854999780654907,0.08422712981700897,0.30884402990341187,1.6519999504089355
0.2137211263179779,-0.26133692264556885,1.4579999446868896,0.24828901886940002,-0.2918563485145569,1.4809999465942383,0.18308308720588684,-0.29077646136283875,1.440000057220459,0.32789504528045654,-0.15014855563640594,1.6660000085830688,0.04291719198226929,-0.13667483627796173,1.5164999961853027,0.36247873306274414,0.09065432101488113,1.7829999923706055,-0.006500879302620888,0.10100545734167099,1.5829999446868896,0.36932292580604553,0.32426294684410095,1.9739999771118164,0.08732478320598602,0.29689091444015503,1.6600000858306885
0.20684632658958435,-0.26160579919815063,1.4594999551773071,0.2443116307258606,-0.29284173250198364,1.4860000610351562,0.17841649055480957,-0.29077646136283875,1.440000057220459,0.32249605655670166,-0.15014855563640594,1.6660000085830688,0.03573295474052429,-0.14233623445034027,1.5245000123977661,0.3563004732131958,0.09343844652175903,1.781000018119812,-0.02467990107834339,0.07086888700723648,1.597499966621399,0.3079959452152252,0.31079304218292236,1.8919999599456787,0.08504289388656616,0.26318639516830444,1.6679999828338623
0.20490173995494843,-0.2621435225009918,1.462499976158142,0.24022121727466583,-0.2961435914039612,1.4904999732971191,0.1737499088048935,-0.29077646136283875,1.440000057220459,0.3170970678329468,-0.15014855563640594,1.6660000085830688,0.02844308130443096,-0.1429431140422821,1.531000018119812,0.34715503454208374,0.0904255285859108,1.7785000801086426,-0.030268069356679916,0.06922073662281036,1.619499921798706,0.2867182791233063,0.29223090410232544,1.7790000438690186,0.08534880727529526,0.25328338146209717,1.6740000247955322
0.20036755502223969,-0.2624123990535736,1.4639999866485596,0.2358647584915161,-0.2967396676540375,1.493499994277954,0.1692594438791275,-0.2910793423652649,1.441499948501587,0.3116980791091919,-0.1474490761756897,1.6660000085830688,0.02351226843893528,-0.14809776842594147,1.5329999923706055,0.3429182171821594,0.09006961435079575,1.7714999914169312,-0.03841133788228035,0.06442674994468689,1.63100004196167,0.28051328659057617,0.2915469706058502,1.7404999732971191,0.0748550221323967,0.24359220266342163,1.681999921798706
0.193449005484581,-0.2626812756061554,1.465499997138977,0.23125682771205902,-0.2946152985095978,1.4950000047683716,0.16258995234966278,-0.2916851341724396,1.4444999694824219,0.3059313893318176,-0.14996831119060516,1.6640000343322754,0.021055718883872032,-0.15326541662216187,1.534999966621399,0.33966386318206787,0.08996792882680893,1.7695000171661377,-0.04400499165058136,0.059558216482400894,1.6424999237060547,0.2738463282585144,0.28483888506889343,1.7339999675750732,0.06940418481826782,0.24086681008338928,1.681999921798706
0.1892792135477066,-0.26348787546157837,1.4700000286102295,0.2225305140018463,-0.2958962619304657,1.5015000104904175,0.15823674201965332,-0.29229092597961426,1.4474999904632568,0.300177663564682,-0.1497880518436432,1.6619999408721924,0.013620610348880291,-0.1535649597644806,1.5379999876022339,0.33966386318206787,0.08710075914859772,1.7695000171661377,-0.052353233098983765,0.05729519575834274,1.6540000438690186,0.2613203525543213,0.27785083651542664,1.7254999876022339,0.05857209116220474,0.2329673171043396,1.684000015258789
0.17755067348480225,-0.26375672221183777,1.4714999198913574,0.21393254399299622,-0.2974727749824524,1.5095000267028809,0.14650951325893402,-0.29229092597961426,1.4474999904632568,0.291747123003006,-0.1496077924966812,1.659999966621399,0.003664139425382018,-0.15406419336795807,1.5429999828338623,0.33679667115211487,0.08423357456922531,1.7695000171661377,-0.057992465794086456,0.0548793189227581,1.6619999408721924,0.2529326379299164,0.27225905656814575,1.7254999876022339,0.05311478301882744,0.2275100201368332,1.684000015258789
0.16652949154376984,-0.2651906907558441,1.4795000553131104,0.20190344750881195,-0.295320063829422,1.5110000371932983,0.13492195308208466,-0.2925938069820404,1.4490000009536743,0.282396137714386,-0.1489318609237671,1.6524999141693115,-0.006379731930792332,-0.15762975811958313,1.5534999370574951,0.32819506525993347,0.08996792882680893,1.7695000171661377,-0.06391236186027527,0.049910251051187515,1.6759999990463257,0.24454495310783386,0.26666730642318726,1.7254999876022339,0.025828219950199127,0.22205275297164917,1.684000015258789
0.15490861237049103,-0.26341506838798523,1.4830000400543213,0.18966177105903625,-0.295320063829422,1.5110000371932983,0.12318257987499237,-0.28789806365966797,1.4490000009536743,0.2654440402984619,-0.1511048525571823,1.6469999551773071,-0.01657559536397457,-0.16392064094543457,1.565500020980835,0.3175317347049713,0.08444778621196747,1.7739999294281006,-0.07257538288831711,0.04479736089706421,1.687999963760376,0.23336133360862732,0.26666730642318726,1.7254999876022339,0.00945628248155117,0.22205275297164917,1.684000015258789
0.13808782398700714,-0.26101213693618774,1.4830000400543213,0.1727517545223236,-0.2932594120502472,1.5130000114440918,0.10685795545578003,-0.2881961166858673,1.4505000114440918,0.25353172421455383,-0.15037088096141815,1.6389999389648438,-0.02936161682009697,-0.1619509905576706,1.5709999799728394,0.30925655364990234,0.0816652923822403,1.7760000228881836,-0.08097221702337265,0.05038672313094139,1.6920000314712524,0.22217772901058197,0.2694632112979889,1.7254999876022339,-0.001454878132790327,0.21880315244197845,1.6800000667572021
0.1213897094130516,-0.26127612590789795,1.4844999313354492,0.1559506356716156,-0.2963950037956238,1.5164999961853027,0.09049930423498154,-0.28849413990974426,1.4520000219345093,0.23878717422485352,-0.14945343136787415,1.628999948501587,-0.04214298352599144,-0.15705959498882294,1.5729999542236328,0.2956150472164154,0.08475720137357712,1.7804999351501465,-0.09526786208152771,0.04794079065322876,1.7024999856948853,0.20922383666038513,0.2736002504825592,1.7339999675750732,-0.02317696064710617,0.2209978699684143,1.6759999990463257
