0.1963028758764267,-0.08016899973154068,1.2179999351501465,0.2318386435508728,-0.11773433536291122,1.2610000371932983,0.1640494465827942,-0.11128731071949005,1.2130000591278076,0.3597237169742584,0.03095579333603382,1.4279999732971191,0.06000722199678421,0.0282027218490839,1.3009999990463257,0.44619739055633545,0.27846559882164,1.5429999828338623,-0.021945415064692497,0.237944558262825,1.4205000400543213,0.3209295868873596,0.455374538898468,1.4839999675750732,0.10612005740404129,0.38911500573158264,1.3240000009536743
0.20222358405590057,-0.07622186839580536,1.2179999351501465,0.23953582346439362,-0.11342255026102066,1.258500099182129,0.171911358833313,-0.10735639184713364,1.2130000591278076,0.37394627928733826,0.042301617562770844,1.4205000400543213,0.068492092192173,0.03244374692440033,1.3020000457763672,0.46119850873947144,0.2984669804573059,1.5429999828338623,-0.003543035825714469,0.24100731313228607,1.4249999523162842,0.32365351915359497,0.48112955689430237,1.4744999408721924,0.1062002182006836,0.39370277523994446,1.3250000476837158
0.207973450422287,-0.0702434629201889,1.2170000076293945,0.24720057845115662,-0.10709182173013687,1.25600004196167,0.1778077781200409,-0.09949453920125961,1.2130000591278076,0.3827412724494934,0.05114573612809181,1.4105000495910645,0.07940475642681122,0.0325932539999485,1.3079999685287476,0.46369868516921997,0.3109678626060486,1.5429999828338623,0.015038864687085152,0.2520870864391327,1.435499906539917,0.3298114836215973,0.5058619379997253,1.4700000286102295,0.10202167183160782,0.400596559047699,1.3264999389648438
0.21174325048923492,-0.06427478045225143,1.2160000801086426,0.2512708604335785,-0.10098641365766525,1.25600004196167,0.18355275690555573,-0.09548482298851013,1.2120000123977661,0.39406508207321167,0.05992434173822403,1.4019999504089355,0.08664815872907639,0.03292965516448021,1.3215000629425049,0.4647502303123474,0.31826433539390564,1.5299999713897705,0.033822666853666306,0.2534041702747345,1.4429999589920044,0.3441029191017151,0.5225352048873901,1.4700000286102295,0.09783340990543365,0.40965673327445984,1.3279999494552612
0.21532917022705078,-0.06023489311337471,1.2139999866485596,0.2551378607749939,-0.09480545669794083,1.2549999952316284,0.18944431841373444,-0.09155714511871338,1.2120000123977661,0.4020017385482788,0.06654904782772064,1.3980000019073486,0.09838593751192093,0.033278509974479675,1.3355000019073486,0.4571562707424164,0.33257272839546204,1.5049999952316284,0.05029408633708954,0.25158798694610596,1.4459999799728394,0.36040809750556946,0.5362787842750549,1.468500018119812,0.09388192743062973,0.4176788330078125,1.3329999446868896
0.21693827211856842,-0.058171819895505905,1.2120000123977661,0.2565566301345825,-0.09255016595125198,1.2519999742507935,0.18975692987442017,-0.08974113315343857,1.2139999866485596,0.4014433026313782,0.07466346770524979,1.380500078201294,0.10828413814306259,0.027097538113594055,1.3509999513626099,0.44177019596099854,0.34097540378570557,1.4779999256134033,0.06488621979951859,0.25603827834129333,1.4579999446868896,0.3675464987754822,0.5529349446296692,1.468500018119812,0.09077148884534836,0.4233189523220062,1.3510000705718994
0.21479704976081848,-0.05812381953001022,1.2109999656677246,0.253613144159317,-0.0901961550116539,1.247499942779541,0.188099205493927,-0.08988898992538452,1.2160000801086426,0.40194758772850037,0.07614832371473312,1.3669999837875366,0.11349622905254364,0.02509284019470215,1.3609999418258667,0.4263423979282379,0.352898508310318,1.4579999446868896,0.07790843397378922,0.2600772976875305,1.4809999465942383,0,0,0,0.08989377319812775,0.4273642301559448,1.371000051498413
0.20908285677433014,-0.06013565883040428,1.2120000123977661,0.24907024204730988,-0.09001540392637253,1.2450000047683716,0.18461287021636963,-0.09208593517541885,1.218999981880188,0.4015065133571625,0.08491501212120056,1.3654999732971191,0.1205974668264389,0.01633751019835472,1.366499900817871,0.41517695784568787,0.35850444436073303,1.4520000219345093,0.08348973095417023,0.25769105553627014,1.4950000047683716,0,0,0,0.07996437698602676,0.4269903302192688,1.3914999961853027
0.2033589482307434,-0.0621507428586483,1.2130000591278076,0.2410009503364563,-0.09203271567821503,1.2450000047683716,0.18095888197422028,-0.09421544522047043,1.2209999561309814,0.3940012454986572,0.08693615347146988,1.3624999523162842,0.12393508106470108,0.007549205329269171,1.378999948501587,0.4138902425765991,0.357393354177475,1.4474999904632568,0.07882902771234512,0.25343820452690125,1.4984999895095825,0.3992937207221985,0.5540645718574524,1.471500039100647,0.07193976640701294,0.4192562997341156,1.4110000133514404
0.1935315728187561,-0.06804713606834412,1.2130000591278076,0.23274454474449158,-0.09800586849451065,1.24399995803833,0.17318686842918396,-0.09825270622968674,1.222000002861023,0.3862408697605133,0.08447971194982529,1.3585000038146973,0.12519331276416779,0.0031116027384996414,1.3930000066757202,0.4107721447944641,0.341128945350647,1.4284999370574951,0.07665587216615677,0.22992214560508728,1.503499984741211,0.40447425842285156,0.5498558282852173,1.4730000495910645,0.06357336789369583,0.4059390425682068,1.4285000562667847
0.18400709331035614,-0.07209673523902893,1.215000033378601,0.22266601026058197,-0.10405295342206955,1.24399995803833,0.16362060606479645,-0.10440598428249359,1.2244999408721924,0.372346967458725,0.07773274183273315,1.3559999465942383,0.12430409342050552,-0.008264962583780289,1.4084999561309814,0.4053086042404175,0.32974013686180115,1.409500002861023,0.06697788834571838,0.2155199646949768,1.5049999952316284,0.40447425842285156,0.5450823903083801,1.4730000495910645,0.05301932245492935,0.3997357487678528,1.4565000534057617
0.17219479382038116,-0.07800284773111343,1.215000033378601,0.2127583771944046,-0.10817123204469681,1.2450000047683716,0.1542649269104004,-0.11275523155927658,1.2289999723434448,0.3545078933238983,0.0710887685418129,1.3550000190734863,0.11937534809112549,-0.013038934208452702,1.43149995803833,0.3949083089828491,0.31958115100860596,1.4049999713897705,0.05747057497501373,0.21155250072479248,1.5115000009536743,0.40167802572250366,0.5492959022521973,1.471500039100647,0.04195498675107956,0.39486071467399597,1.4825000762939453
0.1626184582710266,-0.08601901680231094,1.2170000076293945,0.20065443217754364,-0.11422315984964371,1.2450000047683716,0.14266391098499298,-0.11901921778917313,1.2319999933242798,0.34070470929145813,0.060000110417604446,1.3524999618530273,0.11390887945890427,-0.02261316403746605,1.4505000114440918,0.3903551399707794,0.31502801179885864,1.4049999713897705,0.05257227644324303,0.19440858066082,1.5115000009536743,0.3941228687763214,0.5511178970336914,1.4700000286102295,0.028080807998776436,0.3854408860206604,1.5115000009536743
0.1497318595647812,-0.09250141680240631,1.2244999408721924,0.1865331381559372,-0.1222924217581749,1.2450000047683716,0.13105762004852295,-0.12536309659481049,1.2354999780654907,0.3271923363208771,0.05336635932326317,1.3509999513626099,0.10289684683084488,-0.029878774657845497,1.4609999656677246,0.3827064633369446,0.3120836317539215,1.4019999504089355,0.045224837958812714,0.18461205065250397,1.5115000009536743,0.3822133541107178,0.5487359762191772,1.4700000286102295,0.011164702475070953,0.380972683429718,1.5429999828338623
0.13844627141952515,-0.09889592975378036,1.2300000190734863,0.17255035042762756,-0.1264285147190094,1.246000051498413,0.11991320550441742,-0.1303093135356903,1.244499921798706,0.3069216310977936,0.042342521250247955,1.3485000133514404,0.09886767715215683,-0.03963078185915947,1.4714999198913574,0.36841800808906555,0.2956535518169403,1.3994998931884766,0.045868128538131714,0.172334223985672,1.5329999923706055,0.36792194843292236,0.5439721941947937,1.4700000286102295,-0.00639410549774766,0.35920074582099915,1.556999921798706
0.12290048599243164,-0.10521599650382996,1.2339999675750732,0.15911699831485748,-0.13509796559810638,1.2515000104904175,0.10440652072429657,-0.13920925557613373,1.2519999742507935,0.28070124983787537,0.029232414439320564,1.3485000133514404,0.08340596407651901,-0.04506322368979454,1.493499994277954,0.35191458463668823,0.2838073968887329,1.3969999551773071,0.03633065149188042,0.1616877168416977,1.5499999523162842,0.3545593023300171,0.5298910737037659,1.4639999866485596,-0.019246531650424004,0.34581825137138367,1.5764999389648438
0.11018364131450653,-0.11454427242279053,1.2484999895095825,0.14449264109134674,-0.14481137692928314,1.2655000686645508,0.0887053981423378,-0.1482064127922058,1.2595000267028809,0.26322099566459656,0.022677360102534294,1.3485000133514404,0.07458992302417755,-0.0602811798453331,1.5110000371932983,0.3334472179412842,0.2789803147315979,1.3954999446868896,0.018834620714187622,0.14980363845825195,1.5570000410079956,0.32911282777786255,0.5093179941177368,1.4459999799728394,-0.04336199909448624,0.33929625153541565,1.618499994277954
0.09304488450288773,-0.1240605041384697,1.2630000114440918,0.12501592934131622,-0.1542830616235733,1.2760000228881836,0.07092438638210297,-0.1556154191493988,1.2699999809265137,0.2391856461763382,0.009567254222929478,1.3485000133514404,0.05764167383313179,-0.07276277244091034,1.5160000324249268,0.31276002526283264,0.2515755593776703,1.3940000534057617,0.013864152133464813,0.1354016661643982,1.565500020980835,0.3041441738605499,0.4738473892211914,1.4170000553131104,-0.055316098034381866,0.32966363430023193,1.662500023841858
0.05244513601064682,-0.1433812826871872,1.2709999084472656,0.08610188961029053,-0.17155972123146057,1.281499981880188,0.03203853592276573,-0.17737287282943726,1.278499960899353,0.1845598667860031,-0.02320801094174385,1.3485000133514404,0.018423331901431084,-0.09037310630083084,1.5230000019073486,0.2639937698841095,0.20086945593357086,1.3870000839233398,-0.01661265268921852,0.10011216998100281,1.569000005722046,0.26332759857177734,0.39763471484184265,1.3834999799728394,-0.09196586161851883,0.2944762706756592,1.6924999952316284
0.036167602986097336,-0.15659567713737488,1.277999997138977,0.065821573138237,-0.1832907646894455,1.2910000085830688,0.01140659675002098,-0.18703880906105042,1.2879999876022339,0.16349384188652039,-0.03649317845702171,1.3550000190734863,-0.0013306072214618325,-0.1061120256781578,1.5364999771118164,0.2401265650987625,0.17513203620910645,1.378999948501587,-0.026781920343637466,0.0823160707950592,1.569000005722046,0.24518123269081116,0.35936763882637024,1.3575000762939453,-0.10406071692705154,0.2727435827255249,1.7109999656677246
