-0.46752938628196716,-0.38333436846733093,1.3704999685287476,-0.44011202454566956,-0.3884013295173645,1.3344999551773071,0,0,0,-0.4070309102535248,-0.20919981598854065,1.4904999732971191,-0.34675776958465576,-0.3306785821914673,1.6779999732971191,-0.5049168467521667,-0.02138742431998253,1.531000018119812,0,0,0,-0.4996401071548462,-0.11444642394781113,1.5149999856948853,0,0,0
-0.4555310010910034,-0.3844532072544098,1.374500036239624,-0.4321955144405365,-0.3931976556777954,1.3434998989105225,0,0,0,-0.3812199831008911,-0.22313109040260315,1.503000020980835,-0.3331630825996399,-0.3306785821914673,1.6779999732971191,-0.48570457100868225,-0.031351238489151,1.5329999923706055,0,0,0,-0.48211732506752014,-0.1378464698791504,1.5295000076293945,0,0,0
-0.45841357111930847,-0.39396026730537415,1.4249999523162842,-0.43722832202911377,-0.40335965156555176,1.4014999866485596,0,0,0,-0.3690468966960907,-0.2221640795469284,1.5130000114440918,-0.31994932889938354,-0.3392392098903656,1.6800000667572021,-0.46969592571258545,-0.02422671765089035,1.553999900817871,0,0,0,-0.4633486866950989,-0.1406458616256714,1.5329999923706055,0,0,0
-0.46588385105133057,-0.4038231074810028,1.4779999256134033,-0.44022661447525024,-0.416828989982605,1.4565000534057617,0,0,0,-0.34232163429260254,-0.22639714181423187,1.524999976158142,-0.31994932889938354,-0.3365170359611511,1.6800000667572021,-0.4529309868812561,-0.03730237856507301,1.5744999647140503,0,0,0,-0.4500334560871124,-0.14193029701709747,1.5469999313354492,0,0,0
-0.4626333713531494,-0.40699613094329834,1.4984999895095825,-0.4347793459892273,-0.41831061244010925,1.4700000286102295,0,0,0,-0.32715579867362976,-0.2378305345773697,1.534999966621399,-0.3145049810409546,-0.3419613540172577,1.6800000667572021,-0.4390133321285248,-0.027183575555682182,1.5794999599456787,0,0,0,-0.44384655356407166,-0.12546919286251068,1.5605000257492065,0,0,0
-0.45284903049468994,-0.4113417863845825,1.5145000219345093,-0.42066583037376404,-0.4184751808643341,1.4789999723434448,0,0,0,-0.3160523474216461,-0.24383310973644257,1.5414999723434448,-0.3145049810409546,-0.3419613540172577,1.6800000667572021,-0.4139435291290283,-0.03234311193227768,1.5815000534057617,0,0,0,-0.42963674664497375,-0.12321639060974121,1.5640000104904175,0,0,0
-0.4420335590839386,-0.40531352162361145,1.5195000171661377,-0.4114466607570648,-0.41165393590927124,1.4889999628067017,0,0,0,-0.3041543662548065,-0.2342972457408905,1.5444999933242798,-0.2995917797088623,-0.3463248610496521,1.687999963760376,-0.40407612919807434,-0.01954885572195053,1.5829999446868896,0,0,0,-0.41496139764785767,-0.12337395548820496,1.565999984741211,0,0,0
-0.4389791786670685,-0.40210211277008057,1.5260000228881836,-0.40692320466041565,-0.411989688873291,1.4989999532699585,0,0,0,-0.29016828536987305,-0.23262006044387817,1.5499999523162842,-0.2995917797088623,-0.34085461497306824,1.687999963760376,-0.379262775182724,-0.024733390659093857,1.5864999294281006,0,0,0,-0.39757969975471497,-0.1260320097208023,1.5674999952316284,0,0,0
-0.42801374197006226,-0.39349666237831116,1.531000018119812,-0.39963653683662415,-0.4047030508518219,1.4989999532699585,0,0,0,-0.2776105999946594,-0.22759704291820526,1.5499999523162842,-0.29138636589050293,-0.3381194770336151,1.687999963760376,-0.3724875748157501,-0.02479575201869011,1.590499997138977,0,0,0,-0.3925722539424896,-0.1217624694108963,1.5780000686645508,0,0,0
-0.4131292998790741,-0.3885352313518524,1.531000018119812,-0.3882675766944885,-0.40064552426338196,1.5019999742507935,0,0,0,-0.26288020610809326,-0.21783168613910675,1.5520000457763672,-0.2848998010158539,-0.3341922461986542,1.6820000410079956,-0.35960179567337036,-0.011910061351954937,1.590499997138977,0,0,0,-0.3858579397201538,-0.11514018476009369,1.5924999713897705,0,0,0
-0.39824482798576355,-0.3761315643787384,1.531000018119812,-0.3695341646671295,-0.3916913568973541,1.5049999952316284,0,0,0,-0.2528211176395416,-0.21783168613910675,1.5520000457763672,-0.2848998010158539,-0.3314668536186218,1.6820000410079956,-0.33655881881713867,-0.006811004597693682,1.6035000085830688,0,0,0,-0.3703755736351013,-0.08417563885450363,1.5924999713897705,0,0,0
-0.3883218765258789,-0.37365084886550903,1.531000018119812,-0.3597797155380249,-0.386814147233963,1.5049999952316284,0,0,0,-0.24330951273441315,-0.21580252051353455,1.5555000305175781,-0.271272748708725,-0.3287414610385895,1.6820000410079956,-0.343673437833786,0.008827479556202888,1.6124999523162842,-0.3413848876953125,-0.22383688390254974,1.6519999504089355,-0.36773744225502014,-0.08735527843236923,1.6035000085830688,-0.3472244441509247,-0.1516239047050476,1.5694999694824219
-0.3833604156970978,-0.3686893880367279,1.531000018119812,-0.3549024760723114,-0.38437557220458984,1.5049999952316284,0,0,0,-0.23270295560359955,-0.20525792241096497,1.5520000457763672,-0.2658219039440155,-0.3314668536186218,1.6820000410079956,-0.33322224020957947,0.003601908916607499,1.6124999523162842,-0.3364380896091461,-0.21070772409439087,1.6540000438690186,-0.37374794483184814,-0.09275370091199875,1.6070001125335693,-0.3341865539550781,-0.15519842505455017,1.5800000429153442
-0.3727056682109833,-0.3654910624027252,1.527999997138977,-0.34758663177490234,-0.3819369673728943,1.5049999952316284,0,0,0,-0.22818686068058014,-0.20320039987564087,1.5555000305175781,-0.2521948218345642,-0.3341922461986542,1.6820000410079956,-0.3279966115951538,-0.0016236616065725684,1.6124999523162842,-0.32303786277770996,-0.2053476721048355,1.6540000438690186,-0.37584108114242554,-0.09851007908582687,1.6160000562667847,0,0,0
-0.3616149425506592,-0.3618273437023163,1.5230000019073486,-0.3353935778141022,-0.3770597577095032,1.5049999952316284,-0.3068859577178955,-0.3301032781600952,1.2925000190734863,-0.2226438820362091,-0.20777268707752228,1.5520000457763672,-0.23311692476272583,-0.33964306116104126,1.6820000410079956,-0.3160068094730377,0.000992497312836349,1.6180000305175781,-0.31499773263931274,-0.2294679433107376,1.6540000438690186,-0.3872711956501007,-0.06462971866130829,1.6200000047683716,0,0,0
-0.35421159863471985,-0.35689181089401245,1.5230000019073486,-0.32742375135421753,-0.37387439608573914,1.5019999742507935,-0.3019985556602478,-0.3295316994190216,1.2985000610351562,-0.21984542906284332,-0.20248189568519592,1.5499999523162842,-0.2271246761083603,-0.32795965671539307,1.6779999732971191,-0.31338509917259216,-0.009494291618466377,1.6180000305175781,-0.3073287606239319,-0.2324286550283432,1.656000018119812,-0.36313873529434204,-0.0993330180644989,1.629499912261963,0,0,0
-0.34119927883148193,-0.34880009293556213,1.5199999809265137,-0.3156793713569641,-0.36667299270629883,1.4924999475479126,-0.29648351669311523,-0.32620054483413696,1.3020000457763672,-0.2072877734899521,-0.20248189568519592,1.5499999523162842,-0.22062990069389343,-0.32369017601013184,1.6700000762939453,-0.3107633888721466,-0.017359383404254913,1.6180000305175781,-0.3195984363555908,-0.22276659309864044,1.6640000343322754,-0.3604983687400818,-0.03332475200295448,1.629499912261963,0,0,0
-0.3298216760158539,-0.33983907103538513,1.5130000114440918,-0.301960289478302,-0.35989680886268616,1.4844999313354492,0,0,0,-0.19930212199687958,-0.2020246833562851,1.5464999675750732,-0.20930348336696625,-0.314816415309906,1.6660000085830688,-0.30186861753463745,-0.01991315931081772,1.6124999523162842,-0.3034209609031677,-0.21467788517475128,1.6640000343322754,-0.3569795787334442,-0.04114449769258499,1.625499963760376,0,0,0
-0.317143976688385,-0.3344931900501251,1.5110000371932983,-0.2886638343334198,-0.3487415909767151,1.4780000448226929,-0.28005388379096985,-0.31217408180236816,1.3140000104904175,-0.18616896867752075,-0.19387829303741455,1.5414999723434448,-0.18456387519836426,-0.3059815764427185,1.6619999408721924,-0.30046457052230835,-0.006817375775426626,1.6050000190734863,-0.2899397015571594,-0.22276659309864044,1.6640000343322754,-0.3622473478317261,-0.006904451176524162,1.625499963760376,0,0,0
-0.3039942681789398,-0.32617396116256714,1.506500005722046,-0.27308833599090576,-0.33767062425613403,1.471500039100647,-0.2835230529308319,-0.3215072453022003,1.371999979019165,-0.1789991408586502,-0.19155150651931763,1.5230000019073486,-0.1702752560377121,-0.28842857480049133,1.6540000438690186,-0.28486430644989014,-0.009332923218607903,1.590499997138977,0,0,0,-0.3324989676475525,-0.05636953189969063,1.6089999675750732,0,0,0
