0.14426736533641815,-0.01725023426115513,1.1064999103546143,0.17686158418655396,-0.05247468873858452,1.131500005722046,0.10318925976753235,-0.0456286296248436,1.0195000171661377,0.23716241121292114,0.008620106615126133,1.215000033378601,-0.035031769424676895,-0.05718187615275383,1.2330000400543213,0.36386698484420776,0.21692901849746704,1.2239999771118164,-0.11084224283695221,0.188960000872612,1.2100000381469727,0.4200274348258972,0.4058401882648468,1.0824999809265137,-0.006021966692060232,0.326066792011261,1.0514999628067017
0.15467454493045807,-0.013633566908538342,1.1039999723434448,0.18487781286239624,-0.048505932092666626,1.124500036239624,0.11407747864723206,-0.04043347015976906,1.0134999752044678,0.24568456411361694,0.01836484670639038,1.2085000276565552,-0.02683190256357193,-0.05475882813334465,1.2235000133514404,0.3634468615055084,0.22368758916854858,1.1965000629425049,-0.08874785155057907,0.19524933397769928,1.1770000457763672,0,0,0,0.010785449296236038,0.34093040227890015,1.0295000076293945
0.1659092754125595,-0.00997845083475113,1.0954999923706055,0.195259690284729,-0.04072284698486328,1.1110000610351562,0.12325824052095413,-0.03694746270775795,1.0080000162124634,0.2573527693748474,0.024048814550042152,1.1990000009536743,-0.018670210614800453,-0.04821297526359558,1.2085000276565552,0.36755573749542236,0.2230004221200943,1.1725000143051147,-0.0722731426358223,0.2051432579755783,1.1575000286102295,0,0,0,0.025046946480870247,0.35366886854171753,0.999500036239624
0.17398108541965485,-0.0028361205477267504,1.0794999599456787,0.20346425473690033,-0.033099669963121414,1.097000002861023,0.13220006227493286,-0.030218157917261124,1.0015000104904175,0.2650620639324188,0.02965288609266281,1.190000057220459,-0.010734348557889462,-0.039996035397052765,1.1970000267028809,0.3737773597240448,0.23446765542030334,1.1449999809265137,-0.05853115767240524,0.2085847705602646,1.1454999446868896,0,0,0,0.03419024124741554,0.3542015552520752,0.9829999804496765
0.1810341775417328,0.0023889869917184114,1.0694999694824219,0.21119040250778198,-0.029383068904280663,1.0910000801086426,0.1385626196861267,-0.02503347210586071,0.9890000224113464,0.2697950005531311,0.0312360767275095,1.1770000457763672,-0.0029338824097067118,-0.04516397789120674,1.1800000667572021,0.3728754222393036,0.23842212557792664,1.1200000047683716,-0.048777706921100616,0.2084200531244278,1.1345000267028809,0,0,0,0.03859202563762665,0.35708802938461304,0.9735000133514404
0.18881212174892426,0.011002035811543465,1.064500093460083,0.21861760318279266,-0.020412340760231018,1.0839999914169312,0.1448708474636078,-0.015239137224853039,0.9775000214576721,0.27801206707954407,0.03841882571578026,1.1634999513626099,0.002758197020739317,-0.036927834153175354,1.1614999771118164,0.3726676106452942,0.24263446033000946,1.0980000495910645,-0.03353090211749077,0.2051132619380951,1.1165000200271606,0,0,0,0.04407140612602234,0.3566783666610718,0.9555000066757202
0.1985063999891281,0.01612337864935398,1.0609999895095825,0.22910210490226746,-0.013281614519655704,1.0755000114440918,0.15444234013557434,-0.013522552326321602,0.968000054359436,0.2829761803150177,0.0418086014688015,1.152999997138977,0.013911248184740543,-0.032835450023412704,1.149999976158142,0.37880808115005493,0.24915657937526703,1.0799999237060547,-0.025752786546945572,0.20797523856163025,1.093500018119812,0,0,0,0.044975098222494125,0.35316532850265503,0.9420000314712524
0.2010725438594818,0.022707415744662285,1.0474998950958252,0.23486554622650146,-0.00627867178991437,1.0699999332427979,0.15733931958675385,-0.0056155975908041,0.9570000171661377,0.29016244411468506,0.050772737711668015,1.1445000171661377,0.019357286393642426,-0.03074314445257187,1.1414999961853027,0.3774130344390869,0.24715888500213623,1.05649995803833,-0.02190444804728031,0.2086174041032791,1.0785000324249268,0,0,0,0,0,0
0.2047860473394394,0.030732328072190285,1.0320000648498535,0.23999278247356415,0.0006514413980767131,1.062000036239624,0.16038325428962708,-0.0009540585451759398,0.9474999904632568,0.29537028074264526,0.050395652651786804,1.1359999179840088,0.02466614358127117,-0.026783322915434837,1.130500078201294,0.3768392503261566,0.24799585342407227,1.031499981880188,-0.02162010781466961,0.2093590497970581,1.064500093460083,0,0,0,0,0,0
0.21221758425235748,0.04558233916759491,1.027500033378601,0.2504957914352417,0.01603979803621769,1.0555000305175781,0.1668180227279663,0.014292212203145027,0.940500020980835,0.3056774437427521,0.0645766481757164,1.1265000104904175,0.033391278237104416,-0.01739833876490593,1.1159999370574951,0.3746534287929535,0.2328600436449051,1.0164999961853027,-0.02303793467581272,0.21511639654636383,1.0505000352859497,0,0,0,0,0,0
0.2115979641675949,0.050429344177246094,1.0245000123977661,0.2478427141904831,0.02620168961584568,1.0515000820159912,0.16717851161956787,0.017220215871930122,0.9340000152587891,0.30589568614959717,0.06386008858680725,1.1140000820159912,0.03489994257688522,-0.019043130800127983,1.1064999103546143,0.3756159543991089,0.23266936838626862,1.0015000104904175,-0.022884419187903404,0.21706458926200867,1.0434999465942383,0,0,0,0,0,0
0.20870843529701233,0.056735239923000336,1.0185000896453857,0.24631063640117645,0.0294262133538723,1.0450000762939453,0.16529908776283264,0.023012133315205574,0.9235000014305115,0.3064495921134949,0.07037840783596039,1.1029999256134033,0.03649388626217842,-0.01537352055311203,1.1004999876022339,0.37801483273506165,0.2279348224401474,0.9950000047683716,-0.024539921432733536,0.221817746758461,1.0420000553131104,0,0,0,0,0,0
0.20583833754062653,0.06132277101278305,1.0125000476837158,0.24536781013011932,0.03268710896372795,1.0410000085830688,0.16078738868236542,0.026995012536644936,0.906499981880188,0.3080565929412842,0.07525941729545593,1.0959999561309814,0.03629491850733757,-0.01528970431536436,1.0945000648498535,0.3897341191768646,0.2465360015630722,0.9919999837875366,-0.026203148066997528,0.22329162061214447,1.0410000085830688,0,0,0,0,0,0
0.20318931341171265,0.06591738760471344,1.0074999332427979,0.2429787814617157,0.03932052478194237,1.0379999876022339,0.1553248018026352,0.03089922107756138,0.8919999599456787,0.30651071667671204,0.0731147825717926,1.0905001163482666,0.03612910956144333,-0.013454503379762173,1.0894999504089355,0.38875192403793335,0.2443113923072815,0.9894999861717224,-0.031203411519527435,0.2228626310825348,1.0390000343322754,0,0,0,0,0,0
0.1988329440355301,0.06718111783266068,1.0019999742507935,0.23857614398002625,0.04249928519129753,1.0334999561309814,0.15175054967403412,0.0336383692920208,0.8880000114440918,0.3074858486652374,0.07952091097831726,1.0815000534057617,0.03246374428272247,-0.0063666910864412785,1.0850000381469727,0.39456620812416077,0.25514721870422363,0.9879999756813049,-0.03780975937843323,0.22211189568042755,1.0355000495910645,0,0,0,0,0,0
0.19519539177417755,0.07028768956661224,1.0,0.23443029820919037,0.044024303555488586,1.0299999713897705,0.147783100605011,0.036248788237571716,0.8815000057220459,0.2947746813297272,0.07545384019613266,1.0735000371932983,0.03231414034962654,-0.00633735116571188,1.0799999237060547,0.3961670696735382,0.2583490014076233,0.9879999756813049,-0.0427812896668911,0.22179014980793,1.034000039100647,0,0,0,0,0,0
0.19033436477184296,0.07352834939956665,1.0,0.2310923933982849,0.049031127244234085,1.0299999713897705,0.1404581069946289,0.038661807775497437,0.8715000152587891,0.2958236336708069,0.08395499736070633,1.071000099182129,0.02168303355574608,-0.006299210246652365,1.0735000371932983,0.3913643956184387,0.2583490014076233,0.9879999756813049,-0.046065229922533035,0.22816036641597748,1.0325000286102295,0,0,0,0,0,0
0.17710557579994202,0.07341805845499039,0.9984999895095825,0.21774077415466309,0.05236900970339775,1.0299999713897705,0.1313038170337677,0.03986700624227524,0.8669999837875366,0.28341102600097656,0.07520782947540283,1.0700000524520874,0.019850708544254303,-0.006269870791584253,1.06850004196167,0.38875192403793335,0.25393128395080566,0.9894999861717224,-0.054430246353149414,0.22983336448669434,1.0325000286102295,0,0,0,0,0,0
0.17147554457187653,0.07630839943885803,0.9939999580383301,0.21232083439826965,0.052267324179410934,1.027999997138977,0.12427963316440582,0.0426766611635685,0.8669999837875366,0.2799434959888458,0.0769415870308876,1.0700000524520874,0.00772050442174077,0.0006545084761455655,1.0670000314712524,0.3845239579677582,0.2527104914188385,0.9909999966621399,-0.06279526650905609,0.2315063625574112,1.0325000286102295,0,0,0,0,0,0
0.16503304243087769,0.07630839943885803,0.9939999580383301,0.20468682050704956,0.05244527757167816,1.031499981880188,0.11571699380874634,0.04403064399957657,0.8659999966621399,0.2727532684803009,0.0768696740269661,1.069000005722046,-0.002652925904840231,0.009298980236053467,1.0670000314712524,0.37328362464904785,0.24468174576759338,0.9909999966621399,-0.06948727369308472,0.23652532696723938,1.0325000286102295,0,0,0,0,0,0
