-0.1157204657793045,-0.11590098589658737,1.2860000133514404,-0.09924674034118652,-0.13827629387378693,1.2620000839233398,-0.1151077151298523,-0.12262988090515137,1.1360000371932983,0.11738616228103638,-0.06157957389950752,1.2829999923706055,-0.055979352444410324,-0.1236720085144043,1.3020000457763672,0.13765469193458557,0.17615745961666107,1.4049999713897705,-0.09761868417263031,-0.02261316403746605,1.4505000114440918,-0.07348742336034775,0.14541463553905487,1.3940000534057617,-0.16315822303295135,0.07065242528915405,1.5364999771118164
-0.1157204657793045,-0.11590098589658737,1.2860000133514404,-0.09932538121938705,-0.1383858621120453,1.2630000114440918,-0.12017407268285751,-0.13187074661254883,1.1859999895095825,0.11756915599107742,-0.05751131847500801,1.2850000858306885,-0.05411791428923607,-0.1242419183254242,1.3079999685287476,0.1378016471862793,0.17634554207324982,1.406499981880188,-0.09986560791730881,-0.015546197071671486,1.4490000009536743,-0.07348742336034775,0.14767338335514069,1.3940000534057617,-0.1654861569404602,0.07555787265300751,1.534999966621399
-0.1157204657793045,-0.11590098589658737,1.2860000133514404,-0.1013718768954277,-0.14043234288692474,1.2630000114440918,-0.12382185459136963,-0.13389351963996887,1.222000002861023,0.11766064167022705,-0.06172356382012367,1.2860000133514404,-0.054200660437345505,-0.12443188577890396,1.309999942779541,0.13824254274368286,0.17690974473953247,1.4110000133514404,-0.10221348702907562,-0.01789405755698681,1.4490000009536743,-0.07800494134426117,0.14767338335514069,1.3940000534057617,-0.16315822303295135,0.07314206659793854,1.5364999771118164
-0.1157204657793045,-0.11590098589658737,1.2860000133514404,-0.1013718768954277,-0.14043234288692474,1.2630000114440918,-0.12427783012390137,-0.1343865841627121,1.2265000343322754,0.11766064167022705,-0.06380730867385864,1.2860000133514404,-0.05643079802393913,-0.12254267930984497,1.3125,0.1363898366689682,0.1751803606748581,1.4155000448226929,-0.10456135869026184,-0.013198334723711014,1.4490000009536743,-0.07800494134426117,0.14767338335514069,1.3940000534057617,-0.16564787924289703,0.07812134176492691,1.5364999771118164
-0.11594543606042862,-0.11612629890441895,1.2885000705718994,-0.1013718768954277,-0.14043234288692474,1.2630000114440918,-0.12473379075527191,-0.13487964868545532,1.2309999465942383,0.11766064167022705,-0.059639815241098404,1.2860000133514404,-0.05643079802393913,-0.12466935813426971,1.3125,0.1363898366689682,0.17288677394390106,1.4155000448226929,-0.10210768133401871,-0.017875533550977707,1.4474999904632568,-0.08035005629062653,0.14783227443695068,1.3954999446868896,-0.16564787924289703,0.07812134176492691,1.5364999771118164
-0.11630537360906601,-0.1164867952466011,1.2925000190734863,-0.1013718768954277,-0.14043234288692474,1.2630000114440918,-0.12493645399808884,-0.13509878516197205,1.2330000400543213,0.11766064167022705,-0.059639815241098404,1.2860000133514404,-0.05664577707648277,-0.12514430284500122,1.317500114440918,0.1358117163181305,0.17215394973754883,1.409500002861023,-0.10210768133401871,-0.015530102886259556,1.4474999904632568,-0.07817281037569046,0.14799118041992188,1.3969999551773071,-0.1654861569404602,0.0780450776219368,1.534999966621399
-0.11630537360906601,-0.11858107149600983,1.2925000190734863,-0.09940401464700699,-0.14054352045059204,1.2639999389648438,-0.12529109418392181,-0.1354822814464569,1.2365000247955322,0.11974439769983292,-0.059639815241098404,1.2860000133514404,-0.06103096157312393,-0.12324292212724686,1.3200000524520874,0.1358117163181305,0.17215394973754883,1.409500002861023,-0.10668789595365524,-0.013171008788049221,1.4459999799728394,-0.08052279055118561,0.14815008640289307,1.3984999656677246,-0.1679733842611313,0.08053229004144669,1.534999966621399
-0.11839966475963593,-0.1164867952466011,1.2925000190734863,-0.10145212709903717,-0.13849543035030365,1.2639999389648438,-0.1256457418203354,-0.13586577773094177,1.2400000095367432,0.11557687819004059,-0.06172356382012367,1.2860000133514404,-0.06530866771936417,-0.12110407650470734,1.3200000524520874,0.13537810742855072,0.1693277508020401,1.4049999713897705,-0.10679856687784195,-0.010839241556823254,1.4474999904632568,-0.07825674116611481,0.14815008640289307,1.3984999656677246,-0.17046061158180237,0.08301949501037598,1.534999966621399
-0.11839966475963593,-0.1164867952466011,1.2925000190734863,-0.10358212143182755,-0.138604998588562,1.2649999856948853,-0.12966418266296387,-0.13586577773094177,1.2400000095367432,0.11557687819004059,-0.059639815241098404,1.2860000133514404,-0.06744752079248428,-0.12538175284862518,1.3200000524520874,0.1358117163181305,0.16758623719215393,1.409500002861023,-0.10690923780202866,-0.010850474238395691,1.4490000009536743,-0.07825674116611481,0.15041612088680267,1.3984999656677246,-0.17294783890247345,0.08301949501037598,1.534999966621399
-0.12049396336078644,-0.1164867952466011,1.2925000190734863,-0.10358212143182755,-0.138604998588562,1.2649999856948853,-0.12929819524288177,-0.1354822814464569,1.2365000247955322,0.11362551152706146,-0.05970938131213188,1.287500023841858,-0.0695863664150238,-0.12538175284862518,1.3200000524520874,0.13624531030654907,0.16812127828598022,1.4140000343322754,-0.10925711691379547,-0.010850474238395691,1.4490000009536743,-0.07817281037569046,0.15025478601455688,1.3969999551773071,-0.17272250354290009,0.08539529889822006,1.5329999923706055
-0.12220887094736099,-0.11612629890441895,1.2885000705718994,-0.10563185811042786,-0.1365552693605423,1.2649999856948853,-0.13130176067352295,-0.1354822814464569,1.2365000247955322,0.11166926473379135,-0.06186755746603012,1.2890000343322754,-0.06945458054542542,-0.12514430284500122,1.317500114440918,0.1363898366689682,0.17288677394390106,1.4155000448226929,-0.11383490264415741,-0.008493810892105103,1.4474999904632568,-0.07808887213468552,0.15235461294651031,1.3954999446868896,-0.1723281592130661,0.08767863363027573,1.5295000076293945
-0.12613926827907562,-0.1138172373175621,1.2860000133514404,-0.10973132401704788,-0.1365552693605423,1.2649999856948853,-0.13330531120300293,-0.13347873091697693,1.2365000247955322,0.10945311933755875,-0.05970938131213188,1.287500023841858,-0.07358428835868835,-0.12064535170793533,1.315000057220459,0.13409623503684998,0.17747394740581512,1.4155000448226929,-0.11840296536684036,-0.0037990091368556023,1.4459999799728394,-0.08026369661092758,0.15444961190223694,1.3940000534057617,-0.1742350310087204,0.08986220508813858,1.5245000123977661
-0.12812332808971405,-0.1116466149687767,1.2850000858306885,-0.11169268935918808,-0.13439922034740448,1.2639999389648438,-0.1365906000137329,-0.1307840645313263,1.2300000190734863,0.10749202221632004,-0.06395616382360458,1.2890000343322754,-0.08167021721601486,-0.12000313401222229,1.308000087738037,0.13409623503684998,0.17976751923561096,1.4155000448226929,-0.13011804223060608,0.000886990805156529,1.4459999799728394,-0.07792100310325623,0.1587960422039032,1.3925000429153442,-0.17876408994197845,0.09704946726560593,1.5210000276565552
-0.13218465447425842,-0.10947921872138977,1.284000039100647,-0.11551409214735031,-0.1299937516450882,1.2609999179840088,-0.1382455974817276,-0.12847693264484406,1.2269999980926514,0.10540340095758438,-0.05977894365787506,1.2890000343322754,-0.08528507500886917,-0.11071554571390152,1.2985000610351562,0.13152329623699188,0.1816752403974533,1.412500023841858,-0.13480406999588013,0.0032299908343702555,1.4459999799728394,-0.08000459522008896,0.1629568338394165,1.3895000219345093,-0.18369317054748535,0.10197852551937103,1.5210000276565552
-0.13400375843048096,-0.10511315613985062,1.2815001010894775,-0.11907894909381866,-0.12535811960697174,1.2554999589920044,-0.14193212985992432,-0.12424695491790771,1.2244999408721924,0.10122615844011307,-0.05351312458515167,1.2890000343322754,-0.08914849162101746,-0.10609742254018784,1.2934999465942383,0.12923456728458405,0.1862526834011078,1.412500023841858,-0.14168597757816315,0.019610626623034477,1.4444999694824219,-0.08210807293653488,0.16491104662418365,1.3870000839233398,-0.18290814757347107,0.10399670898914337,1.5145000219345093
-0.13750983774662018,-0.10048753768205643,1.2755000591278076,-0.12270622700452805,-0.12288177758455276,1.250999927520752,-0.14734099805355072,-0.11983675509691238,1.2200000286102295,0.09704890847206116,-0.04933590441942215,1.2890000343322754,-0.0972682386636734,-0.10162988305091858,1.2899999618530273,0.1269458383321762,0.19083011150360107,1.412500023841858,-0.1415388435125351,0.028942817822098732,1.4429999589920044,-0.08869015425443649,0.16910049319267273,1.3845000267028809,-0.18663805723190308,0.10578297078609467,1.5049999952316284
-0.14075493812561035,-0.09574972838163376,1.2674999237060547,-0.124384306371212,-0.11849524825811386,1.247499942779541,-0.15079860389232635,-0.11747352033853531,1.2160000801086426,0.09484978765249252,-0.04719231650233269,1.287500023841858,-0.10505601763725281,-0.09692063927650452,1.2829999923706055,0.126541405916214,0.19250358641147614,1.4079999923706055,-0.14575918018817902,0.031183408573269844,1.438499927520752,-0.09514456987380981,0.17308568954467773,1.380500078201294,-0.1906881481409073,0.11018223315477371,1.4984999895095825
-0.14411962032318115,-0.08504250645637512,1.2609999179840088,-0.13008245825767517,-0.11010003089904785,1.24399995803833,0,0,0,0.09466562420129776,-0.04085430130362511,1.2850000858306885,-0.10870306938886642,-0.09439820796251297,1.2769999504089355,0.12425997108221054,0.19478502869606018,1.4079999923706055,-0.14747236669063568,0.01944771409034729,1.4325000047683716,-0.09476550668478012,0.1768520027399063,1.375,-0.20174573361873627,0.11925441771745682,1.4904999732971191
-0.14755970239639282,-0.07653427869081497,1.2554999589920044,-0.12919364869594574,-0.10334198921918869,1.2355000972747803,-0.1584189534187317,-0.10351071506738663,1.2139999866485596,0.09258347749710083,-0.042936429381370544,1.2850000858306885,-0.10456471890211105,-0.09439820796251297,1.2769999504089355,0.11910199373960495,0.19608670473098755,1.4010000228881836,-0.15642863512039185,0.01477445662021637,1.4294999837875366,-0.09889671206474304,0.18515586853027344,1.3704999685287476,-0.20244865119457245,0.12783369421958923,1.4779999256134033
-0.15054143965244293,-0.0719461664557457,1.246500015258789,-0.13377685844898224,-0.09631204605102539,1.2225000858306885,-0.15987905859947205,-0.09612201899290085,1.1955000162124634,0.09243937581777573,-0.028317399322986603,1.2829999923706055,-0.11191360652446747,-0.09156988561153412,1.2664999961853027,0.11366230994462967,0.1990516632795334,1.3899999856948853,-0.15857835114002228,0.010131285525858402,1.4279999732971191,-0.10303647071123123,0.1912579983472824,1.366499900817871,-0.20073647797107697,0.126752570271492,1.465499997138977
