0.10025576502084732,-0.30128392577171326,1.4235000610351562,0.11897744983434677,-0.3503873348236084,1.4549999237060547,0.0585726797580719,-0.3280380070209503,1.4194999933242798,0.1934984028339386,-0.24658477306365967,1.625499963760376,-0.03454900532960892,-0.17262309789657593,1.4670000076293945,0.23067358136177063,-0.030074896290898323,1.747499942779541,-0.005178526975214481,0.010989702306687832,1.2609999179840088,0.3696589767932892,0.18202070891857147,2.0285000801086426,0.08671862632036209,0.0607931986451149,1.0605000257492065
0.09039005637168884,-0.294586718082428,1.4135000705718994,0.10886945575475693,-0.34353405237197876,1.446000099182129,0.04878108948469162,-0.3195643723011017,1.4024999141693115,0.17866501212120056,-0.24430930614471436,1.6104999780654907,-0.04836207255721092,-0.16396908462047577,1.4535000324249268,0.20825856924057007,-0.029704878106713295,1.7260000705718994,-0.00309673766605556,0.012872742488980293,1.2454999685287476,0.35299646854400635,0.15419058501720428,2.008500099182129,0.08828510344028473,0.06626290082931519,1.0385000705718994
0.08486838638782501,-0.2913563549518585,1.3980000019073486,0.10141784697771072,-0.33977529406547546,1.440000057220459,0.043889086693525314,-0.3148033022880554,1.3914999961853027,0.16448600590229034,-0.24264061450958252,1.5994999408721924,-0.055141571909189224,-0.16546601057052612,1.4459999799728394,0.20213675498962402,-0.029627429321408272,1.7214999198913574,-0.0030557129066437483,0.014693597331643105,1.2289999723434448,0.3506997227668762,0.16113948822021484,2.0139999389648438,0.08788865059614182,0.06966303288936615,1.0145000219345093
0.07956212013959885,-0.284056156873703,1.3845000267028809,0.09867169708013535,-0.3360360264778137,1.434000015258789,0.039139121770858765,-0.31288033723831177,1.3830000162124634,0.16133761405944824,-0.23922349512577057,1.5940001010894775,-0.06184815242886543,-0.15994608402252197,1.438499927520752,0.19859464466571808,-0.02673669345676899,1.7149999141693115,-0.0010530547006055713,0.018478821963071823,1.2160000801086426,0.3506997227668762,0.1644028276205063,2.0139999389648438,0.09099029004573822,0.0747353658080101,0.9945000410079956
0.07918858528137207,-0.282722532749176,1.378000020980835,0.09767396748065948,-0.332638144493103,1.4194999933242798,0.03675144910812378,-0.30940407514572144,1.377500057220459,0.15578004717826843,-0.23089417815208435,1.590000033378601,-0.06377747654914856,-0.14968033134937286,1.4294999837875366,0.19490234553813934,-0.02384606935083866,1.7070000171661377,-0.004977300297468901,0.01841803453862667,1.2120000123977661,0.4653015434741974,0.22040529549121857,2.6475000381469727,0.08948064595460892,0.08141883462667465,0.9779999852180481
0.07892998307943344,-0.27734822034835815,1.3734999895095825,0.09671063721179962,-0.3248026967048645,1.4054999351501465,0.03860141709446907,-0.30195149779319763,1.3639999628067017,0.1556330770254135,-0.2255285680294037,1.5885000228881836,-0.0625951737165451,-0.1446322351694107,1.402999997138977,0.19146107137203217,-0.021006066352128983,1.7009999752044678,0.0009127553203143179,0.02426944673061371,1.2100000381469727,0.47078147530555725,0.21834641695022583,2.7290000915527344,0.09118165075778961,0.08480716496706009,0.9624999761581421
0.08280434459447861,-0.271009624004364,1.3639999628067017,0.09828374534845352,-0.3202306032180786,1.3954999446868896,0.040542278438806534,-0.29556804895401,1.3550000190734863,0.1577090173959732,-0.22225289046764374,1.5835000276565552,-0.0592469647526741,-0.13982222974300385,1.378000020980835,0.19027921557426453,-0.01539805717766285,1.690500020980835,0.0048120105639100075,0.030014200136065483,1.2044999599456787,0.5018333196640015,0.25160232186317444,2.9089999198913574,0.0945158526301384,0.0897684395313263,0.9490000009536743
0.08690489828586578,-0.26781418919563293,1.3589999675750732,0.10461556166410446,-0.3120993971824646,1.3895000219345093,0.04471785947680473,-0.29196521639823914,1.3485000133514404,0.161915123462677,-0.21588727831840515,1.5745000839233398,-0.05228153243660927,-0.12800458073616028,1.371000051498413,0.19726388156414032,-0.004413786809891462,1.6800000667572021,0.010520990937948227,0.03345295414328575,1.187999963760376,0.6677050590515137,0.3751418888568878,3.8344998359680176,0.09453532844781876,0.09288972616195679,0.9340000152587891
0.09261652082204819,-0.26307132840156555,1.3459999561309814,0.11092913150787354,-0.30637896060943604,1.3840000629425049,0.05298227444291115,-0.28720149397850037,1.3365000486373901,0.1680610477924347,-0.21143914759159088,1.5605000257492065,-0.047454722225666046,-0.12918119132518768,1.3599998950958252,0.19879566133022308,0.0037303490098565817,1.6699999570846558,0.012309764511883259,0.03308688849210739,1.1749999523162842,0.6614919304847717,0.39999452233314514,3.8344998359680176,0.09897347539663315,0.09288700670003891,0.9190000295639038
0.10024873912334442,-0.25376495718955994,1.3315000534057617,0.12143587321043015,-0.3001488149166107,1.375999927520752,0.060998886823654175,-0.2756214439868927,1.3224999904632568,0.17931418120861053,-0.20228596031665802,1.5485000610351562,-0.03619527816772461,-0.12175911664962769,1.3509999513626099,0.208364337682724,0.014467015862464905,1.659999966621399,0.01791410893201828,0.04045996814966202,1.1679999828338623,0.658867359161377,0.4521626830101013,3.8554999828338623,0.1052030548453331,0.09624194353818893,0.9085000157356262
0.11298111826181412,-0.25113508105278015,1.3289999961853027,0.13649523258209229,-0.2967284321784973,1.3704999685287476,0.07117114216089249,-0.27353736758232117,1.3125,0.19117821753025055,-0.19406695663928986,1.5429999828338623,-0.0273069366812706,-0.12117331475019455,1.3445000648498535,0.2218131721019745,0.025226019322872162,1.659999966621399,0.021541312336921692,0.043923068791627884,1.1594998836517334,0.6606616973876953,0.45965829491615295,3.865999937057495,0.10841269791126251,0.09955019503831863,0.8984999656677246
0.1255701631307602,-0.25047367811203003,1.3255000114440918,0.1485075056552887,-0.29192909598350525,1.3585000038146973,0.08559906482696533,-0.2720784842967987,1.3055000305175781,0.2082061767578125,-0.18614323437213898,1.5394999980926514,-0.012043634429574013,-0.1232142224907875,1.343000054359436,0.23795177042484283,0.03060552105307579,1.659999966621399,0.027001878246665,0.04177233949303627,1.1519999504089355,0.6499773859977722,0.47981223464012146,3.876999855041504,0.11139961332082748,0.10120752453804016,0.887499988079071
0.14007411897182465,-0.24524953961372375,1.3204998970031738,0.16373291611671448,-0.28773871064186096,1.3389999866485596,0.0997912734746933,-0.2683088481426239,1.2975000143051147,0.22742129862308502,-0.18305228650569916,1.534500002861023,-0.0033304535318166018,-0.11855224519968033,1.3394999504089355,0.24996189773082733,0.027756012976169586,1.6505000591278076,0.03611426800489426,0.045229073613882065,1.1449999809265137,0.6499773859977722,0.47353020310401917,3.876999855041504,0.11331000179052353,0.10177814215421677,0.8799999952316284
0.1524488925933838,-0.24450664222240448,1.316499948501587,0.17543072998523712,-0.2834363877773285,1.3289999961853027,0.11188585311174393,-0.26916077733039856,1.2915000915527344,0.23907184600830078,-0.17997753620147705,1.5295000076293945,0.007471248973160982,-0.1220673993229866,1.3305000066757202,0.25884321331977844,0.03287406638264656,1.6389999389648438,0.04332631081342697,0.043165452778339386,1.1395000219345093,0.6625415086746216,0.47353020310401917,3.876999855041504,0.11618466675281525,0.10056374222040176,0.8694999814033508
0.16187578439712524,-0.2426493912935257,1.30649995803833,0.18605777621269226,-0.2810713052749634,1.3279999494552612,0.12386374920606613,-0.26582738757133484,1.2855000495910645,0.2559170722961426,-0.17715108394622803,1.5264999866485596,0.01814083941280842,-0.12347633391618729,1.3224999904632568,0.2688085436820984,0.035443082451820374,1.6349999904632568,0.0506005734205246,0.037543799728155136,1.1370000839233398,0.6589528322219849,0.464717298746109,3.8559999465942383,0.11712020635604858,0.09875573962926865,0.8659999966621399
0.17947451770305634,-0.24069929122924805,1.2960000038146973,0.20972774922847748,-0.28322309255599976,1.3279999494552612,0.139980748295784,-0.26894307136535645,1.2804999351501465,0.2855985164642334,-0.1697307676076889,1.5264999866485596,0.041602373123168945,-0.1252867728471756,1.319000005722046,0.2896478772163391,0.04069173336029053,1.6330000162124634,0.06700427085161209,0.04663202166557312,1.1340000629425049,0.6807156801223755,0.4582163691520691,3.7024998664855957,0.12753081321716309,0.09952282905578613,0.8604999780654907
0.18722203373908997,-0.2398635447025299,1.2915000915527344,0.22023776173591614,-0.28290319442749023,1.3264999389648438,0.14953306317329407,-0.2695363759994507,1.2734999656677246,0.2963066101074219,-0.163866326212883,1.5180000066757202,0.05397186428308487,-0.1242419183254242,1.3079999685287476,0.29949653148651123,0.0564291812479496,1.628999948501587,0.07392795383930206,0.048191655427217484,1.127500057220459,0.6273767352104187,0.4431137144565582,3.240999937057495,0.13117799162864685,0.1018952801823616,0.8569999933242798
0.19498693943023682,-0.23912063241004944,1.287500023841858,0.22583147883415222,-0.279695600271225,1.3215000629425049,0.15679588913917542,-0.26784318685531616,1.2655000686645508,0.30963027477264404,-0.1582140475511551,1.5110000371932983,0.05966129153966904,-0.1165769174695015,1.2934999465942383,0.3041207790374756,0.06157563999295235,1.625499963760376,0.07538534700870514,0.047956570982933044,1.121999979019165,0.6031143069267273,0.4379386603832245,2.990499973297119,0.1294107437133789,0.10298261046409607,0.8544999957084656
0.19630779325962067,-0.23403586447238922,1.2825000286102295,0.23014630377292633,-0.2729121148586273,1.309499979019165,0.16013412177562714,-0.2624916732311249,1.2595000267028809,0.316660612821579,-0.15316520631313324,1.5095000267028809,0.06338416039943695,-0.1178012415766716,1.284000039100647,0.3125269412994385,0.0663910061120987,1.6145000457763672,0.07845797389745712,0.04761464148759842,1.1140000820159912,0.6370338201522827,0.4621666669845581,2.990499973297119,0.13194787502288818,0.10694827139377594,0.8529999852180481
0.19676166772842407,-0.2300587296485901,1.2720000743865967,0.23179462552070618,-0.2656935453414917,1.2950000762939453,0.16291196644306183,-0.25838297605514526,1.249500036239624,0.3195287585258484,-0.14734026789665222,1.5,0.06728217005729675,-0.1131977066397667,1.2790000438690186,0.32189077138900757,0.07137905806303024,1.6089999675750732,0.0778593197464943,0.05083388090133667,1.1054999828338623,0.6661075949668884,0.4912402927875519,2.990499973297119,0.13086505234241486,0.1101830005645752,0.8459999561309814
