0.5593032836914062,-0.07986975461244583,1.1299999952316284,0.6178554892539978,-0.11283639818429947,1.1679999828338623,0.5135914087295532,-0.11465544998645782,1.0950000286102295,0.7312735319137573,-0.02982768602669239,1.2589999437332153,0.4529736638069153,-0.09570234268903732,1.3539999723434448,0.7884289026260376,0.21440932154655457,1.2925000190734863,0.30612674355506897,0.11550873517990112,1.3355000019073486,0.6723781824111938,0.31115928292274475,1.3029999732971191,0.39422622323036194,0.2011311948299408,1.1559998989105225
0.5588083267211914,-0.08162841945886612,1.128999948501587,0.6181561946868896,-0.11254657804965973,1.1649999618530273,0.5135914087295532,-0.11465544998645782,1.0950000286102295,0.7304022908210754,-0.027754580602049828,1.2574999332427979,0.45516762137413025,-0.09350841492414474,1.3539999723434448,0.7832926511764526,0.21357987821102142,1.287500023841858,0.3064705729484558,0.11563846468925476,1.3369998931884766,0.6744893789291382,0.31115928292274475,1.3029999732971191,0.38860687613487244,0.19925808906555176,1.1559998989105225
0.5606377124786377,-0.07796971499919891,1.128999948501587,0.6176256537437439,-0.11056391149759293,1.1640000343322754,0.5148950219154358,-0.11455075442790985,1.0940001010894775,0.7295311093330383,-0.025686340406537056,1.25600004196167,0.45516762137413025,-0.09350841492414474,1.3539999723434448,0.7832926511764526,0.21357987821102142,1.287500023841858,0.31231439113616943,0.11620065569877625,1.3434998989105225,0.6831396222114563,0.3153141736984253,1.311500072479248,0.39079195261001587,0.20226211845874786,1.1624999046325684
0.5601411461830139,-0.07790066301822662,1.128000020980835,0.6189795136451721,-0.11046892404556274,1.1629999876022339,0.5137183666229248,-0.11428897827863693,1.0915000438690186,0.7330172061920166,-0.0256658885627985,1.2549999952316284,0.4568548798561096,-0.09121331572532654,1.3524999618530273,0.781771719455719,0.2152472883462906,1.2850000858306885,0.3144065737724304,0.11917058378458023,1.3524999618530273,0.6944654583930969,0.320706844329834,1.3250000476837158,0.3891887068748474,0.201498880982399,1.1689999103546143
0.5591479539871216,-0.07593803107738495,1.125999927520752,0.6184472441673279,-0.11037393659353256,1.1619999408721924,0.5140701532363892,-0.11221110820770264,1.0885000228881836,0.7324331402778625,-0.025645436719059944,1.253999948501587,0.4558415412902832,-0.09101099520921707,1.3494999408721924,0.779689610004425,0.21732941269874573,1.2850000858306885,0.31591758131980896,0.11974330991506577,1.3589999675750732,0.6966123580932617,0.32500070333480835,1.3250000476837158,0.3908533453941345,0.20426301658153534,1.1740000247955322
0.5604742765426636,-0.07769347727298737,1.125,0.6195293664932251,-0.10835107415914536,1.1605000495910645,0.5128894448280334,-0.11019370704889297,1.0859999656677246,0.7359097003936768,-0.025624986737966537,1.253000020980835,0.4575190842151642,-0.08654142916202545,1.3480000495910645,0.779689610004425,0.21941153705120087,1.2850000858306885,0.31835368275642395,0.11762775480747223,1.3599998950958252,0.7009062767028809,0.33358845114707947,1.3250000476837158,0.37373086810112,0.19957098364830017,1.1800000667572021
0.5594779253005981,-0.07573571801185608,1.1230000257492065,0.6165931820869446,-0.10596606135368347,1.1549999713897705,0.5137013792991638,-0.10999077558517456,1.0839999914169312,0.7379400134086609,-0.025624986737966537,1.253000020980835,0.45970332622528076,-0.08654142916202545,1.3480000495910645,0.781206488609314,0.21983839571475983,1.287500023841858,0.3229983448982239,0.11550898104906082,1.3609999418258667,0.7009062767028809,0.33573541045188904,1.3250000476837158,0.3654053211212158,0.19449205696582794,1.184000015258789
0.5612975358963013,-0.07573571801185608,1.1230000257492065,0.6163227558135986,-0.10559908300638199,1.1510000228881836,0.5147445201873779,-0.10808456689119339,1.0824999809265137,0.739970326423645,-0.023594709113240242,1.253000020980835,0.459362268447876,-0.08647722750902176,1.347000002861023,0.7836335301399231,0.22261406481266022,1.2915000915527344,0.3189389109611511,0.11122088134288788,1.3624999523162842,0.7030532360076904,0.3400292694568634,1.3250000476837158,0.3605611324310303,0.19306153059005737,1.187000036239624
0.5623649954795837,-0.07381735742092133,1.121500015258789,0.6181877851486206,-0.10559908300638199,1.1510000228881836,0.5140312910079956,-0.10968638211488724,1.0810000896453857,0.7420005202293396,-0.023594709113240242,1.253000020980835,0.4612022340297699,-0.08641302585601807,1.3459999561309814,0.7815408706665039,0.21842874586582184,1.2915000915527344,0.3176610469818115,0.10933321714401245,1.366499900817871,0.6995837688446045,0.3479592502117157,1.3224999904632568,0.353462278842926,0.18953366577625275,1.1890000104904175
0.5616128444671631,-0.07371862977743149,1.1200000047683716,0.6195141673088074,-0.10550734400749207,1.1500000953674316,0.5128424763679504,-0.10768517851829529,1.0785000324249268,0.7338793873786926,-0.011413052678108215,1.253000020980835,0.45684024691581726,-0.088593989610672,1.3459999561309814,0.7821459770202637,0.22069212794303894,1.2925000190734863,0.3233858048915863,0.10755018144845963,1.371999979019165,0.6916399002075195,0.3429400324821472,1.311500072479248,0.3539009392261505,0.18886937201023102,1.1970000267028809
0.5606099963188171,-0.07358698546886444,1.1180000305175781,0.6184366941452026,-0.10346370935440063,1.1480000019073486,0.5128424763679504,-0.1059376522898674,1.0785000324249268,0.7440308332443237,-0.023594709113240242,1.253000020980835,0.460345596075058,-0.08625252544879913,1.3434998989105225,0.7830536961555481,0.2209482640028,1.2940000295639038,0.3196370005607605,0.10332943499088287,1.375,0.6834657192230225,0.34518682956695557,1.2960000038146973,0.3525073826313019,0.18825724720954895,1.2055000066757202
0.5596071481704712,-0.07345534861087799,1.1160000562667847,0.6178979277610779,-0.10337357968091965,1.1469999551773071,0.5145900249481201,-0.1059376522898674,1.0785000324249268,0.7419525384902954,-0.021504197269678116,1.249500036239624,0.46166184544563293,-0.0860920250415802,1.340999960899353,0.781560480594635,0.2211190164089203,1.2950000762939453,0.3196370005607605,0.09887352585792542,1.375,0.676896870136261,0.3450090289115906,1.287500023841858,0.35157182812690735,0.18880383670330048,1.2089999914169312
0.559105634689331,-0.07338952273130417,1.1150000095367432,0.6160393953323364,-0.10151506215333939,1.1469999551773071,0.5128424763679504,-0.10419011861085892,1.0785000324249268,0.7418932318687439,-0.019425028935074806,1.246000051498413,0.4633159041404724,-0.08599572628736496,1.3394999504089355,0.7815687656402588,0.22171662747859955,1.2985000610351562,0.31998568773269653,0.09898138791322708,1.3765000104904175,0.6716660261154175,0.3454777002334595,1.281499981880188,0.3536073863506317,0.18989698588848114,1.215999960899353
0.5583534836769104,-0.07329079508781433,1.1134999990463257,0.6160393953323364,-0.10151506215333939,1.1469999551773071,0.5135557651519775,-0.10433503240346909,1.0800000429153442,0.7398742437362671,-0.019425028935074806,1.246000051498413,0.4624512195587158,-0.08583523333072662,1.3370000123977661,0.78156578540802,0.22442393004894257,1.3020000457763672,0.32280129194259644,0.0969267189502716,1.378999948501587,0.664887011051178,0.34923702478408813,1.2725000381469727,0.35337215662002563,0.19083398580551147,1.222000002861023
0.5565492510795593,-0.07148655503988266,1.1134999990463257,0.6160393953323364,-0.09965654462575912,1.1469999551773071,0.5135557651519775,-0.1025850772857666,1.0800000429153442,0.7453324198722839,-0.017392124980688095,1.2450000047683716,0.46210530400276184,-0.08793579041957855,1.3359999656677246,0.7800547480583191,0.2245962768793106,1.3029999732971191,0.3256250023841858,0.09710244089365005,1.381500005722046,0.6645902991294861,0.34594738483428955,1.2680000066757202,0.3589405417442322,0.19368183612823486,1.2274999618530273
0.5544959306716919,-0.06965102255344391,1.1130000352859497,0.6147163510322571,-0.09788328409194946,1.1480000019073486,0.5110949277877808,-0.10244259238243103,1.0785000324249268,0.7427180409431458,-0.015362462028861046,1.24399995803833,0.4607217609882355,-0.08767250925302505,1.3320000171661377,0.7821500301361084,0.22519956529140472,1.30649995803833,0.325978547334671,0.09720787405967712,1.3830000162124634,0.6638041138648987,0.3434860110282898,1.2664999961853027,0.36557939648628235,0.19710545241832733,1.2365000247955322
0.5544959306716919,-0.06965102255344391,1.1130000352859497,0.6152518391609192,-0.09796854853630066,1.1490000486373901,0.5110949277877808,-0.10244259238243103,1.0785000324249268,0.7415240406990051,-0.017350217327475548,1.2420001029968262,0.45666995644569397,-0.08516112715005875,1.3264999389648438,0.7821500301361084,0.22308260202407837,1.30649995803833,0.33141621947288513,0.09973642975091934,1.3870000839233398,0.6624937653541565,0.34485605359077454,1.2639999389648438,0.36921799182891846,0.19999466836452484,1.2420001029968262
0.5521958470344543,-0.06958844512701035,1.1119999885559082,0.6144577860832214,-0.09813907742500305,1.1510000228881836,0.5093473792076111,-0.10244259238243103,1.0785000324249268,0.74092698097229,-0.015325414948165417,1.2410000562667847,0.4601000249385834,-0.08500063419342041,1.3240000009536743,0.7857420444488525,0.22836047410964966,1.3125,0.33273041248321533,0.10013192147016525,1.3925000429153442,0.6634904146194458,0.3443104326725006,1.2620000839233398,0.37324291467666626,0.20200709998607635,1.2420001029968262
0.5498990416526794,-0.06952586024999619,1.1109999418258667,0.6125927567481995,-0.09813907742500305,1.1510000228881836,0.5084028244018555,-0.10225261747837067,1.0764999389648438,0.7423391342163086,-0.017322275787591934,1.2400000095367432,0.45975250005722046,-0.0827927216887474,1.3229999542236328,0.7881366610527039,0.22692325711250305,1.316499948501587,0.33534759283065796,0.10249852389097214,1.3940000534057617,0.6587586998939514,0.3377944231033325,1.253000020980835,0.3735434114933014,0.20015567541122437,1.2430000305175781
0.5498990416526794,-0.06952586024999619,1.1109999418258667,0.611258327960968,-0.09822433441877365,1.1519999504089355,0.5071292519569397,-0.10060171037912369,1.0775001049041748,0.7397328019142151,-0.01530071534216404,1.2389999628067017,0.45888370275497437,-0.0826362669467926,1.3204998970031738,0.7890346050262451,0.2271818071603775,1.3179999589920044,0.33534759283065796,0.10249852389097214,1.3940000534057617,0.623609721660614,0.31878843903541565,1.1825000047683716,0.3761617839336395,0.1984604001045227,1.2450000047683716
