0.36923322081565857,-0.22968202829360962,1.5994999408721924,0.39292702078819275,-0.2610272169113159,1.6009999513626099,0.32914242148399353,-0.25835224986076355,1.569000005722046,0.45966941118240356,-0.07307162880897522,1.694000005722046,0.18765562772750854,-0.12406785041093826,1.7964999675750732,0.44829362630844116,0.17441073060035706,1.5080000162124634,0.11951268464326859,0.11302772909402847,1.9175000190734863,0.3583851754665375,0.2885180711746216,1.3870000839233398,0.03361028805375099,0.3544805645942688,1.9819999933242798
0.36842527985572815,-0.22917944192886353,1.5959999561309814,0.39255887269973755,-0.2607826590538025,1.5994999408721924,0.32914242148399353,-0.2558099329471588,1.569000005722046,0.4624142348766327,-0.07307162880897522,1.694000005722046,0.19056658446788788,-0.11824598908424377,1.7964999675750732,0.4660244882106781,0.1706479787826538,1.5180000066757202,0.11951268464326859,0.11302772909402847,1.9175000190734863,0.36083984375,0.27465465664863586,1.3964999914169312,0.03361028805375099,0.3544805645942688,1.9819999933242798
0.36796361207962036,-0.23147504031658173,1.593999981880188,0.3920680284500122,-0.2604565918445587,1.597499966621399,0.32914242148399353,-0.25835224986076355,1.569000005722046,0.4624142348766327,-0.07307162880897522,1.694000005722046,0.19347751140594482,-0.11533506959676743,1.7964999675750732,0.4780814051628113,0.172334223985672,1.5329999923706055,0.11362364143133163,0.11335192620754242,1.9229999780654907,0.3626485764980316,0.2601124048233032,1.403499960899353,0.030398771166801453,0.3544805645942688,1.9819999933242798
0.36538079380989075,-0.2288922518491745,1.593999981880188,0.39120903611183167,-0.2598859369754791,1.593999981880188,0.32405778765678406,-0.25835224986076355,1.569000005722046,0.4651591181755066,-0.07581647485494614,1.694000005722046,0.19008924067020416,-0.11794980615377426,1.7920000553131104,0.4941808879375458,0.17362700402736664,1.5444999933242798,0.11079505831003189,0.11364665627479553,1.9279999732971191,0.3675893545150757,0.23762474954128265,1.4049999713897705,0.030398771166801453,0.3609035611152649,1.9819999933242798
0.3623427748680115,-0.22860506176948547,1.5920000076293945,0.38862621784210205,-0.2573031485080719,1.593999981880188,0.32405778765678406,-0.2558099329471588,1.569000005722046,0.46679916977882385,-0.07289908826351166,1.690000057220459,0.18650661408901215,-0.1146288737654686,1.7855000495910645,0.5032261610031128,0.1800779104232788,1.556999921798706,0.11108238995075226,0.11707348376512527,1.9329999685287476,0.37295272946357727,0.23416250944137573,1.4254999160766602,0.030398771166801453,0.36411505937576294,1.9819999933242798
0.3615461587905884,-0.22810247540473938,1.5885000228881836,0.38813862204551697,-0.256980299949646,1.5920000076293945,0.3233349025249481,-0.2552393078804016,1.565500020980835,0.4684261679649353,-0.0727265402674675,1.6859999895095825,0.18268796801567078,-0.11405107378959656,1.7764999866485596,0.5072662234306335,0.1764374077320099,1.5694999694824219,0.10811781138181686,0.11725518852472305,1.9359999895095825,0.3859241306781769,0.23606452345848083,1.465999960899353,0.030398771166801453,0.367326557636261,1.9819999933242798
0.35863324999809265,-0.22531560063362122,1.5870000123977661,0.3855590224266052,-0.256980299949646,1.5920000076293945,0.32008105516433716,-0.2521377205848694,1.562000036239624,0.4656943082809448,-0.0727265402674675,1.6859999895095825,0.1817624270915985,-0.11347326636314392,1.7674999237060547,0.5117909908294678,0.17544543743133545,1.5834999084472656,0.10811781138181686,0.11725518852472305,1.9359999895095825,0.39632248878479004,0.2424250692129135,1.5054999589920044,0.027228405699133873,0.3646661937236786,1.9850000143051147
0.35527652502059937,-0.22225289046764374,1.5835000276565552,0.385074645280838,-0.254081130027771,1.590000033378601,0.31755009293556213,-0.24960675835609436,1.562000036239624,0.4684261679649353,-0.0727265402674675,1.6859999895095825,0.1784430295228958,-0.11032772064208984,1.7630000114440918,0.521990180015564,0.1728413999080658,1.6069999933242798,0.10184384137392044,0.12039214372634888,1.9359999895095825,0.40938428044319153,0.2535358667373657,1.5744999647140503,0.023981783539056778,0.37063154578208923,1.9825000762939453
0.3519311249256134,-0.21920153498649597,1.5800000429153442,0.379563570022583,-0.25126752257347107,1.5885000228881836,0.3099571764469147,-0.24960675835609436,1.562000036239624,0.4624131917953491,-0.06991163641214371,1.684000015258789,0.17558635771274567,-0.11032772064208984,1.7630000114440918,0.5183380246162415,0.163739874958992,1.6200000047683716,0.0924328938126564,0.1235290989279747,1.9359999895095825,0.4126163423061371,0.2699815630912781,1.627500057220459,0.014323091134428978,0.37327811121940613,1.9795000553131104
0.34681084752082825,-0.2166413962841034,1.5800000429153442,0.37359076738357544,-0.25071391463279724,1.5850000381469727,0.30742621421813965,-0.24707579612731934,1.562000036239624,0.46186402440071106,-0.06710320711135864,1.6820000410079956,0.16987302899360657,-0.10747107863426208,1.7630000114440918,0.516450047492981,0.16831599175930023,1.6389999389648438,0.08615893125534058,0.12666606903076172,1.9359999895095825,0.41426169872283936,0.28079551458358765,1.6445000171661377,0.011037008836865425,0.3770076334476471,1.965499997138977
0.3405011296272278,-0.21588727831840515,1.5745000839233398,0.3702032268047333,-0.24759773910045624,1.5815000534057617,0.3020738661289215,-0.24431000649929047,1.5605000257492065,0.456413209438324,-0.0643778070807457,1.6820000410079956,0.1667795330286026,-0.10446608811616898,1.7604999542236328,0.5201824903488159,0.17399683594703674,1.6679999828338623,0.08291473984718323,0.12963542342185974,1.933500051498413,0.4130614697933197,0.29361867904663086,1.6719999313354492,0.004654383286833763,0.37912851572036743,1.9600000381469727
0.3360181450843811,-0.2095799744129181,1.565500020980835,0.3668270707130432,-0.24449290335178375,1.5780000686645508,0.2963505983352661,-0.24123917520046234,1.556999921798706,0.45206937193870544,-0.06143248453736305,1.6759999990463257,0.16066259145736694,-0.10135376453399658,1.75600004196167,0.5103139877319336,0.17252647876739502,1.6800000667572021,0.07330682873725891,0.13551466166973114,1.9279999732971191,0.40880879759788513,0.2991635501384735,1.687999963760376,-0.0016951927682384849,0.3881603181362152,1.9574999809265137
0.32735931873321533,-0.20638208091259003,1.5605000257492065,0.3575631082057953,-0.24086278676986694,1.5709999799728394,0.29065003991127014,-0.23817971348762512,1.5534999370574951,0.44991153478622437,-0.06113924831151962,1.6679999828338623,0.14872872829437256,-0.09247427433729172,1.749500036239624,0.5012089610099792,0.1840701550245285,1.686000108718872,0.06366947293281555,0.1473965048789978,1.9199999570846558,0.40404462814331055,0.30725061893463135,1.7025001049041748,-0.008028565905988216,0.4003356099128723,1.9550000429153442
0.32157930731773376,-0.20339633524417877,1.556999921798706,0.3505649268627167,-0.23702780902385712,1.5625,0.2846963703632355,-0.23490405082702637,1.5485000610351562,0.4429071247577667,-0.05553333833813667,1.6619999408721924,0.1383408159017563,-0.08563873916864395,1.7260000705718994,0.5019199252128601,0.1863628476858139,1.7070000171661377,0.0539683997631073,0.15566842257976532,1.906999945640564,0.4025067687034607,0.3131047785282135,1.7195000648498535,-0.014364102855324745,0.4035033583641052,1.9550000429153442
0.3161270022392273,-0.20061543583869934,1.5549999475479126,0.3414330780506134,-0.23344549536705017,1.5555000305175781,0.2734183669090271,-0.23134440183639526,1.5414999723434448,0.435941606760025,-0.05264958739280701,1.656000018119812,0.12836956977844238,-0.07907144725322723,1.7049999237060547,0.5019131898880005,0.1968272626399994,1.7260000705718994,0.044581227004528046,0.16450588405132294,1.9019999504089355,0.3979731798171997,0.31671765446662903,1.7239999771118164,-0.020641406998038292,0.42132121324539185,1.9495000839233398
0.3046707808971405,-0.19469581544399261,1.5479999780654907,0.3326912224292755,-0.22759704291820526,1.5499999523162842,0.2675521969795227,-0.2256147414445877,1.5364999771118164,0.42685815691947937,-0.052522413432598114,1.6519999504089355,0.1192011758685112,-0.07574933767318726,1.6924999952316284,0.4912949800491333,0.19425541162490845,1.7280000448226929,0.03203321620821953,0.1695031225681305,1.8889999389648438,0.3895927667617798,0.32230454683303833,1.7239999771118164,-0.03308906778693199,0.42208489775657654,1.938499927520752
0.29206809401512146,-0.19051147997379303,1.534500002861023,0.3211880028247833,-0.2240689992904663,1.5429999828338623,0.2540247142314911,-0.22218118607997894,1.5299999713897705,0.4125981628894806,-0.04706890508532524,1.6484999656677246,0.10704842954874039,-0.07220891863107681,1.6740000247955322,0.4912949800491333,0.20545513927936554,1.7280000448226929,0.02263299562036991,0.17091959714889526,1.871000051498413,0.378418892621994,0.33347833156585693,1.7239999771118164,-0.038995400071144104,0.436722993850708,1.9199999570846558
0.28000810742378235,-0.1866159737110138,1.5230000019073486,0.3091704547405243,-0.22013288736343384,1.5329999923706055,0.23847056925296783,-0.21683017909526825,1.5099999904632568,0.40421661734580994,-0.04435738921165466,1.6469999551773071,0.09573888778686523,-0.06646488606929779,1.6660000085830688,0.48009514808654785,0.2110549956560135,1.7280000448226929,0.010450202971696854,0.17302151024341583,1.8610000610351562,0.3700384795665741,0.3362717926502228,1.7239999771118164,-0.04800134524703026,0.44303593039512634,1.906999945640564
0.2640695869922638,-0.18336227536201477,1.5164999961853027,0.2954923212528229,-0.2191995084285736,1.5264999866485596,0.22376485168933868,-0.21204087138175964,1.493499994277954,0.3882043957710266,-0.0416887030005455,1.6469999551773071,0.08463501930236816,-0.06353576481342316,1.6600000858306885,0.4688953757286072,0.2194547951221466,1.7280000448226929,-0.0016029637772589922,0.17809025943279266,1.8509999513626099,0.3588646352291107,0.3502390682697296,1.7239999771118164,-0.06260284781455994,0.4493063688278198,1.881500005722046
0.24937589466571808,-0.1767415851354599,1.5019999742507935,0.279732346534729,-0.21355083584785461,1.5214999914169312,0.2112397849559784,-0.20919981598854065,1.4904999732971191,0.377543568611145,-0.03344745561480522,1.6354999542236328,0.06824883073568344,-0.06062609329819679,1.6540000438690186,0.46329542994499207,0.22225473821163177,1.7280000448226929,-0.0193973109126091,0.1940729022026062,1.8320000171661377,0.3504842221736908,0.35303252935409546,1.7239999771118164,-0.07658429443836212,0.45701906085014343,1.8509999513626099
