0.37353256344795227,-0.36756452918052673,1.996500015258789,0.41813409328460693,-0.40211543440818787,2.0405001640319824,0.3431476056575775,-0.40221795439720154,2.007999897003174,0.516120433807373,-0.1841706484556198,2.1600000858306885,0.2030627280473709,-0.24528105556964874,2.1435000896453857,0.5759484767913818,0.09166029840707779,2.2290000915527344,-0.037160128355026245,-0.18209266662597656,2.177000045776367,0.6295165419578552,0.3902570605278015,2.499000072479248,-0.08770958334207535,-0.35904568433761597,2.0399999618530273
0.37308764457702637,-0.3607710897922516,1.9769999980926514,0.4119395911693573,-0.38981854915618896,1.994499921798706,0.34441742300987244,-0.3999144434928894,1.996500015258789,0.5167023539543152,-0.17499719560146332,2.133500099182129,0.20562057197093964,-0.240736186504364,2.134000062942505,0.5776777863502502,0.10510750114917755,2.2079999446868896,-0.04752327874302864,-0.19881252944469452,2.1670000553131104,0.6324248909950256,0.4016800820827484,2.494500160217285,-0.11990619450807571,-0.3597756028175354,2.0255000591278076
0.3768071234226227,-0.35503557324409485,1.9630000591278076,0.40959247946739197,-0.378446102142334,1.9524999856948853,0.3479875326156616,-0.3934010863304138,1.9800000190734863,0.5105266571044922,-0.1660742610692978,2.1080000400543213,0.20183119177818298,-0.23688924312591553,2.130500078201294,0.5712679028511047,0.10747922956943512,2.183500051498413,-0.05086970329284668,-0.20167024433612823,2.1600000858306885,0.6324248909950256,0.4097639322280884,2.494500160217285,-0.14944422245025635,-0.37946751713752747,2.0255000591278076
0.37630990147590637,-0.35159915685653687,1.944000005722046,0.4092680811882019,-0.375247985124588,1.9359999895095825,0.3472049832344055,-0.3857588469982147,1.9574999809265137,0.5060461759567261,-0.16461677849292755,2.0894999504089355,0.20183119177818298,-0.23688924312591553,2.130500078201294,0.5720417499542236,0.11048336327075958,2.1730000972747803,-0.05048111453652382,-0.2001297026872635,2.1435000896453857,0.6298329830169678,0.4094927906990051,2.4685001373291016,-0.16913624107837677,-0.3761855363845825,2.0255000591278076
0.3758487105369568,-0.34825316071510315,1.9254999160766602,0.40952932834625244,-0.372631311416626,1.9224998950958252,0.34840789437294006,-0.38674506545066833,1.9465000629425049,0.5047996044158936,-0.16311989724636078,2.070499897003174,0.20093120634555817,-0.2323962152004242,2.121000051498413,0.5720417499542236,0.11400435119867325,2.1730000972747803,-0.056998856365680695,-0.19863584637641907,2.127500057220459,0.6231991648674011,0.4091373383998871,2.442500114440918,-0.17721496522426605,-0.3757206201553345,2.005500078201294
0.3737991750240326,-0.34325119853019714,1.9149999618530273,0.4072926342487335,-0.37059614062309265,1.9119999408721924,0.3460809886455536,-0.38416212797164917,1.933500051498413,0.49769076704978943,-0.16189876198768616,2.054999828338623,0.20093120634555817,-0.2323962152004242,2.121000051498413,0.5686194896697998,0.11332231760025024,2.1600000858306885,-0.056315675377845764,-0.18603719770908356,2.1019999980926514,0.6178410053253174,0.40561965107917786,2.4214999675750732,-0.1642165631055832,-0.37247103452682495,2.005500078201294
0.3717496395111084,-0.3413691520690918,1.9045000076293945,0.4072926342487335,-0.37059614062309265,1.9119999408721924,0.3432171046733856,-0.3809831440448761,1.9175000190734863,0.49551114439964294,-0.1611897200345993,2.0460000038146973,0.19058097898960114,-0.22823260724544525,2.0830001831054688,0.560802698135376,0.10898347944021225,2.1435000896453857,-0.06218157708644867,-0.1731845885515213,2.070499897003174,0.6104416847229004,0.4046385884284973,2.3924999237060547,-0.14323967695236206,-0.3686636686325073,1.9850000143051147
0.3661472201347351,-0.3390389680862427,1.8914999961853027,0.4005719721317291,-0.367017537355423,1.9094998836517334,0.33727216720581055,-0.37472307682037354,1.9014999866485596,0.49272602796554565,-0.16028372943401337,2.0345001220703125,0.18774467706680298,-0.22151100635528564,2.052000045776367,0.5598869919776917,0.10880552232265472,2.140000104904175,-0.06162598729133606,-0.16166242957115173,2.052000045776367,0.6031700372695923,0.40364891290664673,2.364000082015991,-0.11334224045276642,-0.3496510982513428,1.968500018119812
0.35192322731018066,-0.33715692162513733,1.88100004196167,0.39221522212028503,-0.364999383687973,1.8989999294281006,0.321444571018219,-0.3706832230091095,1.88100004196167,0.47992032766342163,-0.15498094260692596,2.008500099182129,0.17599385976791382,-0.216006338596344,2.0314998626708984,0.5539493560791016,0.11522674560546875,2.130500078201294,-0.07107741385698318,-0.12747451663017273,2.0370001792907715,0.599087655544281,0.4009169340133667,2.3480000495910645,-0.03360115364193916,-0.30818599462509155,1.968500018119812
0.3474843204021454,-0.3297412395477295,1.873500108718872,0.3839265704154968,-0.3599212169647217,1.8884999752044678,0.3162808418273926,-0.3651922643184662,1.868499994277954,0.4725126326084137,-0.15685665607452393,1.9909999370574951,0.17800593376159668,-0.20792816579341888,2.0169999599456787,0.5446834564208984,0.11400984227657318,2.1080000400543213,-0.0739581510424614,-0.11690890789031982,2.0255000591278076,0.5847616195678711,0.3975681662559509,2.30649995803833,0.017216168344020844,-0.28230080008506775,1.944000005722046
0.3400461673736572,-0.3284212052822113,1.8660000562667847,0.37580597400665283,-0.35497158765792847,1.878499984741211,0.3081502318382263,-0.35974186658859253,1.8559999465942383,0.4665759801864624,-0.14953577518463135,1.9795000553131104,0.17473769187927246,-0.19485531747341156,2.0169999599456787,0.5337697267532349,0.11314448714256287,2.0920000076293945,-0.0804227665066719,-0.10365288704633713,2.0230000019073486,0.5686809420585632,0.3891221582889557,2.257500171661377,0.0731167122721672,-0.21381740272045135,1.9229999780654907
0.3352164328098297,-0.32365381717681885,1.8559999465942383,0.3662741184234619,-0.3516646921634674,1.8610000610351562,0.2997751235961914,-0.35394755005836487,1.8415000438690186,0.4581851065158844,-0.15528100728988647,1.9709999561309814,0.17395800352096558,-0.23302938044071198,2.007999897003174,0.5254787802696228,0.11281998455524445,2.0859999656677246,-0.09666895866394043,-0.09695303440093994,2.0199999809265137,0.5659099221229553,0.39814630150794983,2.246500015258789,0.08763545006513596,-0.16508059203624725,1.899999976158142
0.3163844645023346,-0.31090232729911804,1.8339999914169312,0.3509765565395355,-0.3424764573574066,1.843999981880188,0.2837730050086975,-0.3466571271419525,1.8345000743865967,0.4544142484664917,-0.14870481193065643,1.9684998989105225,0.14686062932014465,-0.18612481653690338,1.993499994277954,0.5172266960144043,0.12597663700580597,2.0799999237060547,-0.1092722937464714,-0.0834871232509613,2.011000156402588,0.5568890571594238,0.4041631519794464,2.239500045776367,0.08539844304323196,-0.13386628031730652,1.8515000343322754
0.31059303879737854,-0.3051602840423584,1.8174999952316284,0.34275564551353455,-0.3343108892440796,1.8320000171661377,0.27896368503570557,-0.33848339319229126,1.8224999904632568,0.44939085841178894,-0.14492380619049072,1.9605000019073486,0.14244164526462555,-0.18458427488803864,1.9769999980926514,0.5148643255233765,0.12540125846862793,2.070499897003174,-0.11368770897388458,-0.07237377017736435,1.974500060081482,0.5568890571594238,0.41142064332962036,2.239500045776367,0.0720701664686203,-0.13733571767807007,1.818000078201294
0.30394870042800903,-0.30146706104278564,1.812999963760376,0.33415281772613525,-0.3287198841571808,1.8174999952316284,0.2683259844779968,-0.33332106471061707,1.810499906539917,0.4405517280101776,-0.14095184206962585,1.9495000839233398,0.1350715011358261,-0.18645787239074707,1.9630000591278076,0.5058229565620422,0.13150489330291748,2.060999870300293,-0.12053848803043365,-0.06450488418340683,1.9305000305175781,0.5586296916007996,0.419986754655838,2.246500015258789,0.050643134862184525,-0.14388151466846466,1.7894999980926514
0.29472866654396057,-0.2981177270412445,1.810499906539917,0.32573428750038147,-0.32618778944015503,1.8034999370574951,0.2610815763473511,-0.32865387201309204,1.8009999990463257,0.4355979561805725,-0.13093578815460205,1.941499948501587,0.11161469668149948,-0.15800324082374573,1.8889999389648438,0.5036141872406006,0.1375804990530014,2.052000045776367,-0.1254153549671173,-0.051427099853754044,1.909500002861023,0.5532602667808533,0.4259355664253235,2.239500045776367,0.010012203827500343,-0.1491369903087616,1.7829999923706055
0.2859097719192505,-0.29216790199279785,1.7920000553131104,0.3190915882587433,-0.322458952665329,1.7990000247955322,0.25297755002975464,-0.3228418529033661,1.7850000858306885,0.4318952262401581,-0.12762537598609924,1.9390000104904175,0.10628394782543182,-0.15170250833034515,1.8494999408721924,0.4940580129623413,0.14008139073848724,2.0399999618530273,-0.13649262487888336,-0.047877464443445206,1.8914999961853027,0.5479135513305664,0.4318389892578125,2.2325000762939453,-0.0303579643368721,-0.1746964454650879,1.7785000801086426
0.27588218450546265,-0.28490594029426575,1.7649999856948853,0.3124779760837555,-0.3187446594238281,1.7944999933242798,0.2424529492855072,-0.3175297677516937,1.7714999914169312,0.4231970012187958,-0.1237773522734642,1.9279999732971191,0.09292007237672806,-0.14948786795139313,1.8224999904632568,0.4879860579967499,0.14586542546749115,2.0285000801086426,-0.14164216816425323,-0.05363599583506584,1.878499984741211,0.5479135513305664,0.43545639514923096,2.2325000762939453,-0.07052396237850189,-0.21449697017669678,1.7739999294281006
0.2653336822986603,-0.27712979912757874,1.7519999742507935,0.30070799589157104,-0.31266894936561584,1.7764999866485596,0.23120158910751343,-0.3111068606376648,1.751499891281128,0.41348880529403687,-0.11655399948358536,1.9119999408721924,0.08373798429965973,-0.14597199857234955,1.815500020980835,0.4805176556110382,0.15438248217105865,2.010999917984009,-0.15160657465457916,-0.052865076810121536,1.8515000343322754,0.5479135513305664,0.4426911771297455,2.2325000762939453,-0.1210586205124855,-0.22661159932613373,1.756500005722046
0.2464582324028015,-0.2722557485103607,1.7390000820159912,0.2816414535045624,-0.30190178751945496,1.747499942779541,0.21434758603572845,-0.3044848144054413,1.7300000190734863,0.3942515254020691,-0.10931891947984695,1.8940000534057617,0.06876317411661148,-0.13368768990039825,1.808500051498413,0.4608778953552246,0.1629743129014969,1.996500015258789,-0.17285653948783875,-0.04317788779735565,1.8224999904632568,0.544296145439148,0.460778146982193,2.2325000762939453,-0.2056545913219452,-0.21987999975681305,1.7260000705718994
