1.2462939023971558,-0.577154278755188,2.953000068664551,0,0,0,1.1477152109146118,-0.6168756484985352,2.828000068664551,0.5499094128608704,-0.14413690567016602,1.4919999837875366,0.3301774263381958,-0.07930640876293182,1.3365000486373901,0.6954612135887146,0.062484439462423325,1.5195000171661377,0.5141213536262512,0.17686185240745544,1.3250000476837158,0.5838465690612793,0.08249403536319733,1.3995000123977661,0.642494261264801,0.07297365367412567,1.4825000762939453
1.2271543741226196,-0.5723694562911987,2.953000068664551,0,0,0,1.1202211380004883,-0.6168756484985352,2.828000068664551,0.5289687514305115,-0.14611242711544037,1.4874999523162842,0.3154069185256958,-0.0719107985496521,1.3200000524520874,0.6762088537216187,0.062073223292827606,1.5095000267028809,0.5011070966720581,0.1824726164340973,1.319000005722046,0.5612232685089111,0.10249852389097214,1.3940000534057617,0.623896062374115,0.07361354678869247,1.4954999685287476
1.2085912227630615,-0.5772151350975037,2.9780001640319824,0,0,0,0.8076555132865906,-0.4506678283214569,2.0815000534057617,0.5134695172309875,-0.14341235160827637,1.4844999313354492,0.3033275902271271,-0.06732570379972458,1.3140000104904175,0.6333671808242798,0.04730367660522461,1.506500005722046,0.48125705122947693,0.18993529677391052,1.3114999532699585,0,0,0,0.6120052337646484,0.07636723667383194,1.5019999742507935
1.1844643354415894,-0.5820404887199402,2.9780001640319824,0,0,0,0.515923798084259,-0.2940220534801483,1.3580000400543213,0.4978605806827545,-0.14307422935962677,1.4809999465942383,0.2921251058578491,-0.06507253646850586,1.3114999532699585,0.6217804551124573,0.04490731284022331,1.5080000162124634,0.4654701352119446,0.19503818452358246,1.3029999732971191,0.5476707220077515,0.06184115260839462,1.3940000534057617,0.6040745973587036,0.07903707027435303,1.506500005722046
1.1651628017425537,-0.5772151350975037,2.9780001640319824,0,0,0,0.49647918343544006,-0.287851482629776,1.3294999599456787,0.4906614124774933,-0.14307422935962677,1.4809999465942383,0.28308412432670593,-0.06494849920272827,1.309000015258789,0.9196130633354187,0.08151408284902573,2.247999906539917,0.45334258675575256,0.19646863639354706,1.2985000610351562,0,0,0,0.5954939723014832,0.07430268079042435,1.5095000267028809
1.1506866216659546,-0.5820404887199402,2.9780001640319824,0,0,0,0.48522502183914185,-0.2871699929237366,1.316499948501587,0.4804128408432007,-0.14767396450042725,1.4789999723434448,0.27967527508735657,-0.06253950297832489,1.3029999732971191,0.8913670778274536,0.06728652119636536,2.259500026702881,0.43180304765701294,0.19624164700508118,1.2969999313354492,0,0,0,0.5832644104957581,0.08897802233695984,1.5095000267028809
1.1196136474609375,-0.5735384821891785,2.934499979019165,0,0,0,0.47882547974586487,-0.2871699929237366,1.316499948501587,0.4727434515953064,-0.14991822838783264,1.4774999618530273,0.2636262774467468,-0.061747562140226364,1.2864999771118164,0.873640775680542,0.04901333898305893,2.260999917984009,0.42339667677879333,0.19624164700508118,1.2969999313354492,0,0,0,0.575926661491394,0.08653213828802109,1.5095000267028809
1.0891549587249756,-0.5628719329833984,2.9039998054504395,0,0,0,0.4718877077102661,-0.28684282302856445,1.315000057220459,0.46556127071380615,-0.14752419292926788,1.4774999618530273,0.2527083456516266,-0.06318709254264832,1.2734999656677246,0.5860356688499451,0.04059097543358803,1.5295000076293945,0.4170919358730316,0.19203849136829376,1.2969999313354492,0,0,0,0.5723410248756409,0.08147809654474258,1.506500005722046
1.0797439813613892,-0.5628719329833984,2.9039998054504395,0,0,0,0.46549543738365173,-0.2847120761871338,1.315000057220459,0.4555221498012543,-0.14976602792739868,1.4759999513626099,0.2465178221464157,-0.05906011164188385,1.2734999656677246,0.5761224031448364,0.030677782371640205,1.5295000076293945,0.41225212812423706,0.19174239039421082,1.2950000762939453,0,0,0,0.5625768303871155,0.08147809654474258,1.506500005722046
1.0683752298355103,-0.5547068119049072,2.886000156402588,0,0,0,0.46336472034454346,-0.28045061230659485,1.315000057220459,0.4555221498012543,-0.14737442135810852,1.4759999513626099,0.24239081144332886,-0.06318709254264832,1.2734999656677246,0.5706056356430054,0.05045463517308235,1.527999997138977,0.4044824242591858,0.19414007663726807,1.2969999313354492,0,0,0,0.5565841794013977,0.08375201374292374,1.503499984741211
1.0590225458145142,-0.550030529499054,2.886000156402588,0,0,0,0.4608832001686096,-0.2802373170852661,1.3140000104904175,0.45598506927490234,-0.14034207165241241,1.4774999618530273,0.238263800740242,-0.06318709254264832,1.2734999656677246,0.5730815529823303,0.06035810336470604,1.527999997138977,0.3963814675807953,0.19849614799022675,1.2979999780654907,0,0,0,0.5503716468811035,0.08147809654474258,1.506500005722046
1.0543462038040161,-0.5453543066978455,2.886000156402588,0,0,0,0.45662495493888855,-0.27597910165786743,1.3140000104904175,0.45405149459838867,-0.13808809220790863,1.4789999723434448,0.22794626653194427,-0.05906011164188385,1.2734999656677246,0.5711658000946045,0.060417354106903076,1.5295000076293945,0.3837622404098511,0.20059934258460999,1.2979999780654907,0.49120184779167175,0.08668731898069382,1.3940000534057617,0.537630558013916,0.08871276676654816,1.5049999952316284
1.049669861793518,-0.5360016822814941,2.886000156402588,0,0,0,0.4548417031764984,-0.27405840158462524,1.315000057220459,0.45752817392349243,-0.14081700146198273,1.4824999570846558,0.22408288717269897,-0.061195600777864456,1.274999976158142,0.5749568343162537,0.06552354991436005,1.5329999923706055,0.375783234834671,0.20083115994930267,1.2994999885559082,0.49841639399528503,0.08983934670686722,1.4079999923706055,0.5365588068962097,0.086102195084095,1.5019999742507935
1.0518521070480347,-0.5371159911155701,2.8919999599456787,0,0,0,0.4553605020046234,-0.2743709683418274,1.316499948501587,0.4562004804611206,-0.14114946126937866,1.4859999418258667,0.22219109535217285,-0.0633111372590065,1.2760000228881836,0.5675048828125,0.05558767169713974,1.5329999923706055,0.37017711997032166,0.19699819386005402,1.3020000457763672,0.5095880627632141,0.07483994960784912,1.4265000820159912,0.5341250896453857,0.086102195084095,1.5019999742507935
1.047166109085083,-0.5371159911155701,2.8919999599456787,0,0,0,0.4510941505432129,-0.2743709683418274,1.316499948501587,0.4474707245826721,-0.1486724466085434,1.4889999628067017,0.2186540812253952,-0.059338368475437164,1.2795000076293945,0.5675048828125,0.04813576862215996,1.5329999923706055,0.36834684014320374,0.19403734803199768,1.310499906539917,0.5150538682937622,0.0810503289103508,1.4549999237060547,0.531691312789917,0.08366845548152924,1.5019999742507935
1.0399471521377563,-0.5429261326789856,2.8980000019073486,0,0,0,0.4516081213951111,-0.2768191993236542,1.3179999589920044,0.4483722746372223,-0.15380704402923584,1.4919999837875366,0.2161003202199936,-0.06604477018117905,1.2890000343322754,0.5668637156486511,0.033340342342853546,1.5379999876022339,0.3654291331768036,0.18731336295604706,1.3229999542236328,0.5141374468803406,0.09679879248142242,1.4795000553131104,0.526823878288269,0.08853593468666077,1.5019999742507935
1.048559546470642,-0.5474223494529724,2.921999931335449,0,0,0,0.447336882352829,-0.27895480394363403,1.3179999589920044,0.4494240880012512,-0.15659107267856598,1.4954999685287476,0.21827976405620575,-0.0688205286860466,1.3020000457763672,0.5667567849159241,0.030978644266724586,1.5444999933242798,0.36493298411369324,0.1817025989294052,1.3289999961853027,0.5139884352684021,0.09481624513864517,1.4860000610351562,0.531691312789917,0.08366845548152924,1.5019999742507935
1.0478026866912842,-0.5567866563796997,2.946500062942505,0,0,0,0.44553908705711365,-0.27916646003723145,1.319000005722046,0.4553337097167969,-0.15938642621040344,1.4989999532699585,0.22581638395786285,-0.07131154090166092,1.309000015258789,0.5705494284629822,0.031048843637108803,1.5479999780654907,0.36520758271217346,0.1839943826198578,1.3300000429153442,0.5107146501541138,0.09993358701467514,1.4904999732971191,0.5327532887458801,0.0862741693854332,1.5049999952316284
1.0478026866912842,-0.5615609884262085,2.946500062942505,0,0,0,0.44722801446914673,-0.28237003087997437,1.3240000009536743,0.4562450051307678,-0.15970540046691895,1.5019999742507935,0.22004008293151855,-0.07362890243530273,1.3125,0.5680411458015442,0.02854057028889656,1.5479999780654907,0.3573916554450989,0.1800895780324936,1.3329999446868896,0.5088110566139221,0.10486923158168793,1.4919999837875366,0.5327532887458801,0.09115137159824371,1.5049999952316284
1.0478026866912842,-0.5615609884262085,2.946500062942505,0,0,0,0.4467634856700897,-0.2834363877773285,1.3289999961853027,0.45959484577178955,-0.15758579969406128,1.5049999952316284,0.22258995473384857,-0.0758998841047287,1.315000057220459,0.5743533968925476,0.03111904487013817,1.5514999628067017,0.35603123903274536,0.17833012342453003,1.3359999656677246,0.5008135437965393,0.11249756813049316,1.496999979019165,0.5367922186851501,0.08897802233695984,1.5095000267028809
