1.0433576107025146,-0.5639327168464661,2.934000015258789,1.01116943359375,-0.618463933467865,2.8565001487731934,0.4598739445209503,-0.2939705550670624,1.3680000305175781,0.4761996567249298,-0.1690652221441269,1.5429999828338623,0.22711315751075745,-0.08316820114850998,1.3289999961853027,0.5828163623809814,0.046679187566041946,1.5674999952316284,0.3573516011238098,0.17339913547039032,1.3830000162124634,0.5108726024627686,0.12028845399618149,1.534500002861023,0.5605236291885376,0.09207265824079514,1.562000036239624
1.0478026866912842,-0.5663352608680725,2.946500062942505,1.0157979726791382,-0.618463933467865,2.8565001487731934,0.46021008491516113,-0.29418542981147766,1.36899995803833,0.4736994504928589,-0.17156539857387543,1.5429999828338623,0.22479043900966644,-0.08525742590427399,1.3279999494552612,0.5802764892578125,0.0441393181681633,1.5674999952316284,0.3573516011238098,0.17339913547039032,1.3830000162124634,0.5092080235481262,0.11246161162853241,1.5295000076293945,0.5574567914009094,0.09451276808977127,1.5605000257492065
1.0481116771697998,-0.5639327168464661,2.934000015258789,1.011708378791809,-0.6159740686416626,2.8450000286102295,0.4598739445209503,-0.2939705550670624,1.3680000305175781,0.4736994504928589,-0.17156539857387543,1.5429999828338623,0.22453653812408447,-0.08516112715005875,1.3264999389648438,0.579721212387085,0.04409707710146904,1.565999984741211,0.3595925569534302,0.1756400316953659,1.3830000162124634,0.49717286229133606,0.11691921204328537,1.5230000019073486,0.559985339641571,0.09451276808977127,1.5605000257492065
1.052577018737793,-0.5663352608680725,2.946500062942505,1.0157979726791382,-0.618463933467865,2.8565001487731934,0.4598739445209503,-0.2939705550670624,1.3680000305175781,0.4761996567249298,-0.1690652221441269,1.5429999828338623,0.22857657074928284,-0.0850648358464241,1.3250000476837158,0.579721212387085,0.04917196184396744,1.565999984741211,0.3592025339603424,0.17544953525066376,1.381500005722046,0.4980003237724304,0.11407569795846939,1.5180000066757202,0.5625138878822327,0.09198423475027084,1.5605000257492065
1.0481116771697998,-0.5639327168464661,2.934000015258789,1.0352513790130615,-0.6274491548538208,2.8980000019073486,0.46430718898773193,-0.2939705550670624,1.3680000305175781,0.47681689262390137,-0.16928435862064362,1.5449999570846558,0.23098468780517578,-0.08516112715005875,1.3264999389648438,0.579721212387085,0.04917196184396744,1.565999984741211,0.3592025339603424,0.17544953525066376,1.381500005722046,0.4980003237724304,0.12391435354948044,1.5180000066757202,0.5594470500946045,0.09694801270961761,1.559000015258789
1.0576198101043701,-0.5591786503791809,2.934000015258789,1.0554569959640503,-0.6292001008987427,2.927999973297119,0.46396777033805847,-0.29154065251350403,1.3669999837875366,0.4743134379386902,-0.16427753865718842,1.5449999570846558,0.22668591141700745,-0.08516112715005875,1.3264999389648438,0.577183723449707,0.04917196184396744,1.565999984741211,0.36525586247444153,0.17513203620910645,1.378999948501587,0.4975082278251648,0.13607807457447052,1.5164999961853027,0.5594470500946045,0.09189581871032715,1.559000015258789
1.0669000148773193,-0.5615609884262085,2.946500062942505,1.0554569959640503,-0.6292001008987427,2.927999973297119,0.4683978259563446,-0.29154065251350403,1.3669999837875366,0.47681689262390137,-0.16427753865718842,1.5449999570846558,0.2288353145122528,-0.08516112715005875,1.3264999389648438,0.577183723449707,0.04663451761007309,1.565999984741211,0.3678900897502899,0.1753225475549698,1.380500078201294,0.5024226903915405,0.12379190325737,1.5164999961853027,0.5569209456443787,0.08936972171068192,1.559000015258789
1.0623738765716553,-0.5591786503791809,2.934000015258789,0,0,0,0.467883825302124,-0.2934333086013794,1.3654999732971191,0.47681689262390137,-0.16177412867546082,1.5449999570846558,0.2288353145122528,-0.0894598588347435,1.3264999389648438,0.577183723449707,0.04917196184396744,1.565999984741211,0.37012696266174316,0.17308568954467773,1.380500078201294,0.5024226903915405,0.11396297067403793,1.5164999961853027,0.5569209456443787,0.08684362471103668,1.559000015258789
1.0674980878829956,-0.5616261959075928,2.921999931335449,0,0,0,0.47282782196998596,-0.29154065251350403,1.3669999837875366,0.47681689262390137,-0.16427753865718842,1.5449999570846558,0.23098468780517578,-0.08516112715005875,1.3264999389648438,0.5746462941169739,0.04409707710146904,1.565999984741211,0.3723638653755188,0.1753225475549698,1.380500078201294,0.5171661972999573,0.09921957552433014,1.5164999961853027,0.5569209456443787,0.08179143071174622,1.559000015258789
1.0674980878829956,-0.5616261959075928,2.921999931335449,0,0,0,0.47282782196998596,-0.29154065251350403,1.3669999837875366,0.47681689262390137,-0.16427753865718842,1.5449999570846558,0.2333976924419403,-0.08525742590427399,1.3279999494552612,0.5746462941169739,0.04917196184396744,1.565999984741211,0.3735153377056122,0.1725841760635376,1.3765000104904175,0.507337212562561,0.10413403809070587,1.5164999961853027,0.5569209456443787,0.08179143071174622,1.559000015258789
1.072232723236084,-0.5568915605545044,2.921999931335449,0,0,0,0.4772578179836273,-0.29154065251350403,1.3669999837875366,0.4847973883152008,-0.16443702578544617,1.5464999675750732,0.24415677785873413,-0.08956102281808853,1.3279999494552612,0.5670338869094849,0.04155964031815529,1.565999984741211,0.3797922134399414,0.17907994985580444,1.375,0.5294524431228638,0.08693341165781021,1.5164999961853027,0.5511606931686401,0.08168649673461914,1.556999921798706
1.072232723236084,-0.5568915605545044,2.921999931335449,0,0,0,0.4772578179836273,-0.29154065251350403,1.3669999837875366,0.48777586221694946,-0.16459651291370392,1.5479999780654907,0.2463085800409317,-0.08956102281808853,1.3279999494552612,0.5721088647842407,0.04917196184396744,1.565999984741211,0.37715232372283936,0.17665907740592957,1.3734999895095825,0.5294524431228638,0.08693341165781021,1.5164999961853027,0.5536835789680481,0.07411792874336243,1.556999921798706
1.0769673585891724,-0.5568915605545044,2.921999931335449,0,0,0,0.4794728457927704,-0.29154065251350403,1.3669999837875366,0.49028417468070984,-0.16208824515342712,1.5479999780654907,0.24846041202545166,-0.08740922808647156,1.3279999494552612,0.5670338869094849,0.04663451761007309,1.565999984741211,0.3834097683429718,0.1809123307466507,1.371999979019165,0,0,0,0.5524389743804932,0.07646850496530533,1.5534999370574951
1.0769673585891724,-0.5568915605545044,2.921999931335449,0,0,0,0.48168787360191345,-0.28932565450668335,1.3669999837875366,0.4898090958595276,-0.16694286465644836,1.5464999675750732,0.24415677785873413,-0.08956102281808853,1.3279999494552612,0.5670338869094849,0.05424683913588524,1.565999984741211,0.3822919726371765,0.17595167458057404,1.3680000305175781,0.5368241667747498,0.08201894164085388,1.5164999961853027,0.5531700253486633,0.07371330261230469,1.5485000610351562
1.0683751106262207,-0.5500304698944092,2.885999917984009,0,0,0,0.48168787360191345,-0.28932565450668335,1.3669999837875366,0.4898090958595276,-0.16694286465644836,1.5464999675750732,0.2463085800409317,-0.08525742590427399,1.3279999494552612,0.5663097500801086,0.051643356680870056,1.5640000104904175,0.38268163800239563,0.17732171714305878,1.3615000247955322,0.5368241667747498,0.08201894164085388,1.5164999961853027,0.5556791424751282,0.07120422273874283,1.5485000610351562
1.0683751106262207,-0.5453542470932007,2.885999917984009,0,0,0,0.48204025626182556,-0.28953734040260315,1.3680000305175781,0.48777586221694946,-0.16208824515342712,1.5479999780654907,0.24200496077537537,-0.08310561627149582,1.3279999494552612,0.5706475377082825,0.054108280688524246,1.562000036239624,0.3848876953125,0.17952780425548553,1.3615000247955322,0.5326051115989685,0.08174851536750793,1.5115000009536743,0.5537054538726807,0.06845114380121231,1.5429999828338623
1.0730513334274292,-0.5406779646873474,2.885999917984009,0,0,0,0.4878959059715271,-0.2881608009338379,1.371999979019165,0.4898090958595276,-0.16193118691444397,1.5464999675750732,0.24415677785873413,-0.08095382153987885,1.3279999494552612,0.5681165456771851,0.054108280688524246,1.562000036239624,0.38262614607810974,0.18066604435443878,1.3535000085830688,0,0,0,0.5554847121238708,0.07085935026407242,1.5410000085830688
1.0911712646484375,-0.5426877737045288,2.921999931335449,1.0981563329696655,-0.6149671077728271,2.927999973297119,0.4878959059715271,-0.28593769669532776,1.371999979019165,0.49183744192123413,-0.16177412867546082,1.5449999570846558,0.2463085800409317,-0.08095382153987885,1.3279999494552612,0.5726280212402344,0.05152778699994087,1.5605000257492065,0.38254478573799133,0.17959819734096527,1.3454999923706055,0,0,0,0.5604786276817322,0.0733562782406807,1.5410000085830688
1.0936555862426758,-0.5415734052658081,2.9159998893737793,0,0,0,0.4890472888946533,-0.2853124737739563,1.36899995803833,0.4887005686759949,-0.15906453132629395,1.5429999828338623,0.24846041202545166,-0.08095382153987885,1.3279999494552612,0.5720776319503784,0.046426061540842056,1.559000015258789,0.38443899154663086,0.18164324760437012,1.3445000648498535,0,0,0,0.5629755854606628,0.0733562782406807,1.5410000085830688
1.0936555862426758,-0.5415734052658081,2.9159998893737793,1.1029006242752075,-0.6102227568626404,2.927999973297119,0.49126556515693665,-0.28309425711631775,1.36899995803833,0.4880671501159668,-0.15885835886001587,1.5410000085830688,0.2463085800409317,-0.07880202680826187,1.3279999494552612,0.5707932710647583,0.04632183536887169,1.5555000305175781,0.38401010632514954,0.1814405918121338,1.343000054359436,0,0,0,0.5629755854606628,0.0733562782406807,1.5410000085830688
