0,0,0,0,0,0,0,0,0,0.02216368168592453,-0.03986238315701485,1.193000078201294,0.20012399554252625,-0.009914691559970379,1.0885000228881836,0,0,0,0.2554835081100464,0.28806251287460327,1.122499942779541,0,0,0,0,0,0
0,0,0,0,0,0,0,0,0,0.022488797083497047,-0.038485705852508545,1.2105000019073486,0.2109968215227127,-0.013460678979754448,1.090000033378601,0,0,0,0.2651669383049011,0.2850583791732788,1.125,0,0,0,0,0,0
0,0,0,0,0,0,0,0,0,0.01691316068172455,-0.039201054722070694,1.2330000400543213,0.21649378538131714,-0.017008593305945396,1.0910000801086426,0,0,0,0.27634966373443604,0.27618926763534546,1.125999927520752,0,0,0,0,0,0
0,0,0,0,0,0,0,0,0,0.013174066320061684,-0.037942416965961456,1.2574999332427979,0.22123940289020538,-0.020657138898968697,1.097000002861023,0.041250891983509064,0.20058573782444,1.1859999895095825,0.28806212544441223,0.27143704891204834,1.128999948501587,0,0,0,0,0,0
0,0,0,0,0,0,0,0,0,0.009200206957757473,-0.03836483880877495,1.2714999914169312,0.2298065721988678,-0.019000105559825897,1.1039999723434448,0.022070789709687233,0.18937425315380096,1.187999963760376,0.30470791459083557,0.27139872312545776,1.1365000009536743,0,0,0,0.40859663486480713,0.5016297698020935,1.3380000591278076
0,0,0,0,0,0,0,0,0,0.00923276785761118,-0.03643307462334633,1.2760000228881836,0.23465265333652496,-0.022700505331158638,1.1099998950958252,0.004754082765430212,0.19162128865718842,1.190000057220459,0.3139961361885071,0.2712174952030182,1.1434999704360962,0,0,0,0.41311129927635193,0.5010631084442139,1.3599998950958252
0,0,0,0,0,0,0,0,0,0.007165211718529463,-0.03436553105711937,1.2760000228881836,0.24112972617149353,-0.024609431624412537,1.1150000095367432,0.0009021945879794657,0.20033910870552063,1.196000099182129,0.32053282856941223,0.26275503635406494,1.1470000743865967,0.11674777418375015,0.5071640014648438,2.1529998779296875,0.41311129927635193,0.4856375455856323,1.3599998950958252
0,0,0,0,0,0,0,0,0,0.007165211718529463,-0.03643307462334633,1.2760000228881836,0.24413476884365082,-0.024730823934078217,1.120500087738037,-0.005071753636002541,0.1908630132675171,1.2350000143051147,0.32566332817077637,0.2620337903499603,1.1519999504089355,0.03905925154685974,0.3567229211330414,1.4639999866485596,0.40870392322540283,0.4680083096027374,1.3599998950958252
0,0,0,0,0,0,0,0,0,0.005097655113786459,-0.03850061818957329,1.2760000228881836,0.2524067461490631,-0.019361522048711777,1.125,-0.009419325739145279,0.19189482927322388,1.2820000648498535,0.3305152356624603,0.26253846287727356,1.1624999046325684,0.01975259743630886,0.3648747205734253,1.440000057220459,0.39869290590286255,0.45749586820602417,1.3485000133514404
0,0,0,0,0,0,0,0,0,0.005097655113786459,-0.04056816175580025,1.2760000228881836,0.2598237991333008,-0.02134445495903492,1.1334999799728394,-0.016224956139922142,0.19462314248085022,1.3289999961853027,0.33520641922950745,0.2643544673919678,1.178999900817871,0.005716884043067694,0.36955028772354126,1.430999994277954,0.3976840376853943,0.4522784352302551,1.3524999618530273
0,0,0,0,0,0,0,0,0,0.005097655113786459,-0.04056816175580025,1.2760000228881836,0.26396888494491577,-0.023385610431432724,1.1434999704360962,-0.018862394616007805,0.2019587606191635,1.3639999628067017,0.340548038482666,0.2631854712963104,1.190999984741211,0.001079465146176517,0.3741876780986786,1.430999994277954,0.39443501830101013,0.44286325573921204,1.3639999628067017
0,0,0,0,0,0,0,0,0,0.005101649556308985,-0.04266911745071411,1.2769999504089355,0.26663538813591003,-0.02345719188451767,1.1470000743865967,-0.021196134388446808,0.20314328372478485,1.371999979019165,0.3427407741546631,0.2683429718017578,1.2055000066757202,-0.0035579537507146597,0.37650638818740845,1.430999994277954,0.3900147080421448,0.43623286485671997,1.3639999628067017
0,0,0,0,0,0,0,0,0,0.005101649556308985,-0.04266911745071411,1.2769999504089355,0.2671003043651581,-0.023498093709349632,1.1490000486373901,-0.021404696628451347,0.20738710463047028,1.3854999542236328,0.34234756231307983,0.26915186643600464,1.2179999351501465,-0.0035579537507146597,0.3788250982761383,1.430999994277954,0.3841809630393982,0.41701751947402954,1.3589999675750732
0,0,0,0,0,0,0,0,0,0.005101649556308985,-0.04266911745071411,1.2769999504089355,0.26966431736946106,-0.023559443652629852,1.1519999504089355,-0.02155918814241886,0.20888394117355347,1.3954999446868896,0.3447366952896118,0.2710302174091339,1.2265000343322754,-0.0035579537507146597,0.3788250982761383,1.430999994277954,0.37977686524391174,0.41041141748428345,1.3589999675750732
0,0,0,0,0,0,0,0,0,0.0030384098645299673,-0.04275265336036682,1.2795000076293945,0.2703665494918823,-0.02362079732120037,1.1549999713897705,-0.02164415828883648,0.20743712782859802,1.4010000228881836,0.34684473276138306,0.2746870219707489,1.2339999675750732,-0.0012496364070102572,0.3820018470287323,1.443000078201294,0.37317073345184326,0.406007319688797,1.3589999675750732
0,0,0,0,0,0,0,0,0,0.0051116375252604485,-0.04275265336036682,1.2795000076293945,0.2706006169319153,-0.023641245439648628,1.1559998989105225,-0.019408630207180977,0.2078072726726532,1.403499960899353,0.3458233177661896,0.27947643399238586,1.2374999523162842,0.0010896488092839718,0.3847394585609436,1.4444999694824219,0.3687666654586792,0.40380531549453735,1.3589999675750732
0,0,0,0,0,0,0,0,0,0.007184865418821573,-0.040679436177015305,1.2795000076293945,0.27130287885665894,-0.023702599108219147,1.1589999198913574,-0.01710396073758602,0.20743712782859802,1.4010000228881836,0.346040815114975,0.27926507592201233,1.245500087738037,0.0034480432514101267,0.3796789348125458,1.4520000219345093,0.36570310592651367,0.40750110149383545,1.3639999628067017
0,0,0,0,0,0,0,0,0,0.007204519119113684,-0.042869601398706436,1.2829999923706055,0.27177107334136963,-0.02374350279569626,1.1610000133514404,-0.01710396073758602,0.20743712782859802,1.4010000228881836,0.34784671664237976,0.278693825006485,1.2519999742507935,0.008153516799211502,0.37497347593307495,1.4520000219345093,0.3699928820133209,0.41228118538856506,1.3799999952316284
0,0,0,0,0,0,0,0,0,0.007210134528577328,-0.04290301725268364,1.284000039100647,0.2718881070613861,-0.02187171019613743,1.1614999771118164,-0.014833861030638218,0.20289696753025055,1.4010000228881836,0.34840235114097595,0.28117090463638306,1.253999948501587,0.015211726538836956,0.3702680468559265,1.4520000219345093,0.37667953968048096,0.41947346925735474,1.3964999914169312
0,0,0,0,0,0,0,0,0,0.011371172964572906,-0.04498352110385895,1.284000039100647,0.2718881070613861,-0.02187171019613743,1.1614999771118164,-0.010293661616742611,0.20289696753025055,1.4010000228881836,0.34840235114097595,0.28320279717445374,1.253999948501587,0.01991720125079155,0.35850444436073303,1.4520000219345093,0.3839348554611206,0.4270351827144623,1.406499981880188
