0.017960121855139732,-0.13968995213508606,1.1710000038146973,0.046444132924079895,-0.1754027009010315,1.221500039100647,-0.01648385263979435,-0.16730372607707977,1.1920000314712524,0.14491836726665497,-0.028416721150279045,1.287500023841858,-0.12772122025489807,-0.007769123651087284,1.3240000009536743,0.37620699405670166,0.052102550864219666,1.218999981880188,-0.2143240123987198,0.23525939881801605,1.4609999656677246,0.23698380589485168,-0.004725439473986626,1.1124999523162842,-0.17200465500354767,0.4548257291316986,1.3870000839233398
0.006614904850721359,-0.14243373274803162,1.1779999732971191,0.03486579656600952,-0.17890667915344238,1.2319999933242798,-0.028567107394337654,-0.17221665382385254,1.2130000591278076,0.13301822543144226,-0.030645044520497322,1.2934999465942383,-0.13815560936927795,-0.014398203231394291,1.3420000076293945,0.35703980922698975,0.058123305439949036,1.2209999561309814,-0.22448258101940155,0.22886022925376892,1.465499997138977,0.26943114399909973,-0.0371725857257843,1.1124999523162842,-0.18602406978607178,0.449375718832016,1.3910000324249268
-0.0029773933347314596,-0.14479149878025055,1.1974999904632568,0.02319476567208767,-0.1853487342596054,1.2484999895095825,-0.038964223116636276,-0.17676684260368347,1.2309999465942383,0.14254970848560333,-0.03300671651959419,1.303999900817871,-0.14597280323505402,-0.016720877960324287,1.3539999723434448,0.3375685214996338,0.049435973167419434,1.2515000104904175,-0.23773303627967834,0.22770476341247559,1.4890000820159912,0.29043012857437134,-0.07171125710010529,1.1169999837875366,-0.19892466068267822,0.45081841945648193,1.402500033378601
-0.012896247208118439,-0.15121732652187347,1.218000054359436,0.01127818413078785,-0.18906016647815704,1.2734999656677246,-0.04931509494781494,-0.18014101684093475,1.2404999732971191,0.12898389995098114,-0.03972261771559715,1.316499948501587,-0.15294897556304932,-0.021163301542401314,1.3574999570846558,0.3426094651222229,0.04271143302321434,1.2934999465942383,-0.24974219501018524,0.22722023725509644,1.5180000066757202,0.3201427459716797,-0.11188036948442459,1.1389999389648438,-0.21468167006969452,0.4438425600528717,1.4165000915527344
-0.023007096722722054,-0.1528313010931015,1.2309999465942383,0.003049096092581749,-0.19269946217536926,1.284000039100647,-0.05772511661052704,-0.18332575261592865,1.2484999895095825,0.11935155093669891,-0.04437321051955223,1.3279999494552612,-0.1614283174276352,-0.019187215715646744,1.3734999895095825,0.3388768434524536,0.03268047049641609,1.311500072479248,-0.2585609555244446,0.22601909935474396,1.5264999866485596,0.3542768657207489,-0.13953186571598053,1.1540000438690186,-0.22799378633499146,0.4428182542324066,1.4279999732971191
-0.03128771483898163,-0.15834927558898926,1.2430000305175781,-0.005307888146489859,-0.1981636881828308,1.2925000190734863,-0.06647606194019318,-0.18516120314598083,1.2609999179840088,0.1141633614897728,-0.05017963424324989,1.36899995803833,-0.1678721308708191,-0.02166997641324997,1.3900001049041748,0.3462021052837372,0.0202340055257082,1.3315000534057617,-0.2615474462509155,0.21902842819690704,1.5295000076293945,0.38471317291259766,-0.15968024730682373,1.1784999370574951,-0.2420794814825058,0.4334409236907959,1.443000078201294
-0.037720389664173126,-0.16204051673412323,1.25600004196167,-0.011666989885270596,-0.19946689903736115,1.3009999990463257,-0.0755370557308197,-0.1894313097000122,1.2760000228881836,0.11159221827983856,-0.05208565667271614,1.4210000038146973,-0.17531992495059967,-0.024016890674829483,1.3954999446868896,0.3430465757846832,0.011717411689460278,1.3445000648498535,-0.26798510551452637,0.22024564445018768,1.5379999876022339,0.4069279134273529,-0.17382313311100006,1.2105000019073486,-0.24803829193115234,0.4380439817905426,1.4505000114440918
-0.04431433975696564,-0.1638467013835907,1.2699999809265137,-0.018053414300084114,-0.20227216184139252,1.3055000305175781,-0.08010923117399216,-0.19254937767982483,1.2829999923706055,0.11075101047754288,-0.05744864419102669,1.440000057220459,-0.1850913166999817,-0.02865172177553177,1.4010000228881836,0.34070470929145813,-0.0035533609334379435,1.3524999618530273,-0.2748328745365143,0.2192401885986328,1.5485000610351562,0.4229971170425415,-0.1792697161436081,1.2344999313354492,-0.256408154964447,0.43794649839401245,1.4579999446868896
-0.05096489563584328,-0.16747213900089264,1.2820000648498535,-0.02255723811686039,-0.2068924456834793,1.3214999437332153,-0.08466111868619919,-0.19344985485076904,1.2890000343322754,0.10194605588912964,-0.060093287378549576,1.4474999904632568,-0.18641245365142822,-0.028856229037046432,1.4110000133514404,0.338329941034317,0.003059109440073371,1.369499921798706,-0.2792225480079651,0.2182006984949112,1.559000015258789,0.43379053473472595,-0.1899980753660202,1.2660000324249268,-0.2635509669780731,0.4372328817844391,1.4714999198913574
-0.05333179980516434,-0.17047517001628876,1.2890000343322754,-0.02712414413690567,-0.20908427238464355,1.3355000019073486,-0.08932079374790192,-0.19870030879974365,1.2960000038146973,0.0981622040271759,-0.06065373867750168,1.4609999656677246,-0.1917971968650818,-0.0312749445438385,1.4170000553131104,0.3355477452278137,0.0030948494095355272,1.3854999542236328,-0.2830137312412262,0.21664300560951233,1.565999984741211,0.4390316903591156,-0.19600117206573486,1.305999994277954,-0.27233123779296875,0.44134992361068726,1.493499994277954
-0.055570900440216064,-0.17303234338760376,1.2925000190734863,-0.03154627978801727,-0.21188092231750488,1.3394999504089355,-0.09156183898448944,-0.19900694489479065,1.2979999780654907,0.0941949412226677,-0.06353867053985596,1.4730000495910645,-0.1935568004846573,-0.03387894853949547,1.4300000667572021,0.3314233720302582,0.007645007688552141,1.3964999914169312,-0.2880886495113373,0.2141055464744568,1.565999984741211,0.42387160658836365,-0.20414310693740845,1.3315000534057617,-0.2805117070674896,0.44177088141441345,1.5115000009536743
-0.055764373391866684,-0.17573633790016174,1.2969999313354492,-0.031734686344861984,-0.21751317381858826,1.347499966621399,-0.09377328306436539,-0.20134252309799194,1.2994999885559082,0.09448270499706268,-0.06373278051614761,1.4774999618530273,-0.19827093183994293,-0.036638978868722916,1.4474999904632568,0.31556451320648193,0.0054207551293075085,1.406499981880188,-0.29127565026283264,0.2120409607887268,1.5694999694824219,0.3936667740345001,-0.1933557242155075,1.3315000534057617,-0.2863541543483734,0.43831780552864075,1.5164999961853027
-0.05840134248137474,-0.18372531235218048,1.309000015258789,-0.03420756757259369,-0.2237735539674759,1.3589999675750732,-0.09290210902690887,-0.20832188427448273,1.316999912261963,0.0782240629196167,-0.06896143406629562,1.4869999885559082,-0.20359280705451965,-0.0391056053340435,1.4520000219345093,0.29746586084365845,0.021548492833971977,1.4179999828338623,-0.3000440001487732,0.21210072934627533,1.5889999866485596,0.3125613033771515,-0.17029595375061035,1.3539999723434448,-0.29663118720054626,0.4327270984649658,1.531499981880188
-0.05692524090409279,-0.18797597289085388,1.3240000009536743,-0.03244121000170708,-0.22905179858207703,1.377500057220459,-0.09221545606851578,-0.2159796953201294,1.3380000591278076,0.06948568671941757,-0.07474783062934875,1.506500005722046,-0.20700931549072266,-0.0440373457968235,1.4595000743865967,0.30050766468048096,0.026411090046167374,1.4325000047683716,-0.3060467541217804,0.2118995040655136,1.6069999933242798,0.2677678167819977,-0.14025099575519562,1.3604999780654907,-0.3027259111404419,0.43544280529022217,1.5499999523162842
-0.05748416855931282,-0.1919880211353302,1.3369998931884766,-0.03275914862751961,-0.2312965840101242,1.3910000324249268,-0.0929391160607338,-0.2176745980978012,1.3485000133514404,0.06784570962190628,-0.07811113446950912,1.5245000123977661,-0.20807306468486786,-0.04901769757270813,1.4670000076293945,0.30396899580955505,0.019671719521284103,1.4490000009536743,-0.30485907196998596,0.2102724313735962,1.6145000457763672,0.2302917242050171,-0.1160019189119339,1.3604999780654907,-0.31013157963752747,0.43628305196762085,1.562000036239624
-0.057978615164756775,-0.19582439959049225,1.3485000133514404,-0.03279447183012962,-0.23380230367183685,1.3925000429153442,-0.09366277605295181,-0.22157151997089386,1.3589999675750732,0.06325601786375046,-0.07606267929077148,1.5329999923706055,-0.20807306468486786,-0.04901769757270813,1.4670000076293945,0.3068010210990906,0.010376053862273693,1.462499976158142,-0.30890342593193054,0.2086210548877716,1.621999979019165,0.19508324563503265,-0.10398383438587189,1.3765000104904175,-0.31221631169319153,0.436667799949646,1.5724999904632568
-0.058430060744285583,-0.19955120980739594,1.3589999675750732,-0.032900452613830566,-0.2368214726448059,1.3970000743865967,-0.09428306668996811,-0.22525550425052643,1.3680000305175781,0.058288052678108215,-0.09345046430826187,1.5329999923706055,-0.21464060246944427,-0.0518326461315155,1.4795000553131104,0.29616230726242065,0.005659707821905613,1.468500018119812,-0.31220388412475586,0.20907121896743774,1.625499963760376,0.1415536105632782,-0.06606725603342056,1.3765000104904175,-0.31330832839012146,0.4381951093673706,1.5780000686645508
-0.05922546982765198,-0.2044997215270996,1.377500057220459,-0.03562973439693451,-0.23995760083198547,1.4154999256134033,-0.09521348774433136,-0.22971691191196442,1.381500005722046,0.053320080041885376,-0.09345046430826187,1.5329999923706055,-0.21518415212631226,-0.057411834597587585,1.5,0.2927634119987488,-0.001497796387411654,1.4874999523162842,-0.31023654341697693,0.20424234867095947,1.628999948501587,0.11478880047798157,-0.05045454204082489,1.3765000104904175,-0.3136068880558014,0.4370608627796173,1.5924999713897705
-0.06675901263952255,-0.20935805141925812,1.3949999809265137,-0.043426498770713806,-0.24747101962566376,1.4459999799728394,-0.10347840934991837,-0.2332088202238083,1.402500033378601,0.053320080041885376,-0.10090237110853195,1.5329999923706055,-0.22217229008674622,-0.06287480890750885,1.5145000219345093,0.2748068571090698,-0.003961898852139711,1.5080000162124634,-0.32040122151374817,0.19505159556865692,1.6405000686645508,0.0980231985449791,-0.0476636104285717,1.3604999780654907,-0.31715160608291626,0.4341723620891571,1.6105000972747803
-0.06966257840394974,-0.20902764797210693,1.4079999923706055,-0.04886116087436676,-0.24894224107265472,1.4684998989105225,-0.10691966116428375,-0.23578615486621857,1.4179999828338623,0.043384142220020294,-0.0959344282746315,1.5329999923706055,-0.22385931015014648,-0.06829748302698135,1.5260000228881836,0.2753535509109497,-0.0039697811007499695,1.5110000371932983,-0.32264724373817444,0.19106532633304596,1.6519999504089355,0.10558462142944336,-0.05363868176937103,1.3445000648498535,-0.3145420253276825,0.41851508617401123,1.6105000972747803
