-0.08099866658449173,-0.2148917019367218,1.4474999904632568,-0.059512048959732056,-0.25377359986305237,1.496999979019165,-0.11766602098941803,-0.23894549906253815,1.437000036239624,0.040913499891757965,-0.08105704188346863,1.5334999561309814,-0.23574818670749664,-0.06961778551340103,1.5555000305175781,0.2610085606575012,-0.0015234729507938027,1.5130000114440918,-0.33038344979286194,0.176275834441185,1.6640000343322754,0.1491556167602539,-0.10810209810733795,1.3445000648498535,-0.3119324743747711,0.40285781025886536,1.6105000972747803
-0.08849114924669266,-0.2183627188205719,1.4550000429153442,-0.06464282423257828,-0.254875510931015,1.503499984741211,-0.1214975118637085,-0.2419385313987732,1.4549999237060547,0.03851640969514847,-0.09120384603738785,1.5369999408721924,-0.23627863824367523,-0.07230052351951599,1.559000015258789,0.2539891004562378,0.0058389222249388695,1.5149999856948853,-0.33276599645614624,0.17211568355560303,1.6759999990463257,0.18401242792606354,-0.12770892679691315,1.3445000648498535,-0.31522560119628906,0.39327242970466614,1.6140000820159912
-0.09429534524679184,-0.21852891147136688,1.472000002861023,-0.07281278073787689,-0.257926881313324,1.5214999914169312,-0.12781748175621033,-0.2450147420167923,1.4735000133514404,0.03869182616472244,-0.09662279486656189,1.5439999103546143,-0.24094922840595245,-0.07804735004901886,1.5729999542236328,0.24626503884792328,-0.001538576791062951,1.527999997138977,-0.3343544006347656,0.1620226949453354,1.684000015258789,0.21021941304206848,-0.16211667656898499,1.3589999675750732,-0.3193177878856659,0.3845904469490051,1.621500015258789
-0.10074812918901443,-0.22466595470905304,1.496999979019165,-0.07644082605838776,-0.26441407203674316,1.5450000762939453,-0.13457228243350983,-0.25109609961509705,1.4954999685287476,0.03619001805782318,-0.10162638872861862,1.5439999103546143,-0.24651660025119781,-0.08417563885450363,1.5924999713897705,0.24534040689468384,-0.009115810506045818,1.5534999370574951,-0.33763042092323303,0.1580994427204132,1.7005000114440918,0.25193947553634644,-0.19655407965183258,1.433500051498413,-0.3256734609603882,0.3700772523880005,1.6269999742507935
-0.10662228614091873,-0.22684209048748016,1.5115000009536743,-0.0820012092590332,-0.2687314748764038,1.5555000305175781,-0.14044421911239624,-0.25538405776023865,1.506500005722046,0.034702785313129425,-0.10726416856050491,1.590499997138977,-0.25254660844802856,-0.09223423153162003,1.5980000495910645,0.24786725640296936,-0.021925251930952072,1.5694999694824219,-0.34498968720436096,0.15185989439487457,1.7235000133514404,0.28213536739349365,-0.20584507286548615,1.433500051498413,-0.3339923918247223,0.36261358857154846,1.628999948501587
-0.11445984244346619,-0.23273693025112152,1.5180000066757202,-0.08743380010128021,-0.2724725604057312,1.5625,-0.14840491116046906,-0.2564859688282013,1.5130000114440918,0.033812202513217926,-0.11560789495706558,1.6740000247955322,-0.25840893387794495,-0.09866247326135635,1.618499994277954,0.2532024383544922,-0.02988411672413349,1.5869998931884766,-0.3549482822418213,0.14527185261249542,1.7450000047683716,0.3285922706127167,-0.22466595470905304,1.496999979019165,-0.35186976194381714,0.3514537215232849,1.6384999752044678
-0.11965443938970566,-0.23327355086803436,1.5214999914169312,-0.09575897455215454,-0.2771163880825043,1.5744999647140503,-0.15381470322608948,-0.259793221950531,1.5180000066757202,0.028624704107642174,-0.12204498052597046,1.687999963760376,-0.2658698558807373,-0.10583348572254181,1.6484999656677246,0.2505604028701782,-0.03797758370637894,1.6029999256134033,-0.36136379837989807,0.13816122710704803,1.7625000476837158,0.34754860401153564,-0.234116792678833,1.5269999504089355,-0.3571796417236328,0.3434889614582062,1.6384999752044678
-0.1255268007516861,-0.23752065002918243,1.5329999923706055,-0.10163013637065887,-0.2817990481853485,1.5864999294281006,-0.16030257940292358,-0.2648443281650543,1.5329999923706055,0.026142636314034462,-0.12323795258998871,1.7044999599456787,-0.26772457361221313,-0.10926153510808945,1.659999966621399,0.25501519441604614,-0.04129637032747269,1.631500005722046,-0.3722822368144989,0.12853558361530304,1.7874999046325684,0.36184626817703247,-0.23778629302978516,1.5674999952316284,-0.37494996190071106,0.34180814027786255,1.6825000047683716
-0.13177162408828735,-0.24235300719738007,1.5479999780654907,-0.10737718641757965,-0.2859829068183899,1.5954999923706055,-0.16437938809394836,-0.27245229482650757,1.5479999780654907,0.023586520925164223,-0.1271086484193802,1.7195000648498535,-0.2707401514053345,-0.11477915942668915,1.6619999408721924,0.25678014755249023,-0.04201775789260864,1.659999966621399,-0.3800060451030731,0.12138862907886505,1.810499906539917,0.3661830723285675,-0.2397487461566925,1.597499966621399,-0.39348962903022766,0.3426518738269806,1.7280000448226929
-0.133431538939476,-0.24794577062129974,1.5674999952316284,-0.10838668048381805,-0.2912811040878296,1.6104999780654907,-0.16726499795913696,-0.27306830883026123,1.5514999628067017,0.020981790497899055,-0.1310279369354248,1.7344999313354492,-0.2740912139415741,-0.11775486916303635,1.6659998893737793,0.249909445643425,-0.04222025349736214,1.6679999828338623,-0.3849490284919739,0.11612756550312042,1.8199999332427979,0.3625113368034363,-0.2442510724067688,1.627500057220459,-0.4079363942146301,0.3392813205718994,1.753999948501587
-0.13992515206336975,-0.25304242968559265,1.5835000276565552,-0.11427595466375351,-0.2956242561340332,1.6200000047683716,-0.17114682495594025,-0.2778025269508362,1.563999891281128,0.015511377714574337,-0.13515016436576843,1.7515000104904175,-0.27845215797424316,-0.12117736041545868,1.6759999990463257,0.24354085326194763,-0.04252399876713753,1.6800000667572021,-0.39492738246917725,0.11138031631708145,1.8389999866485596,0.3414144814014435,-0.24161399900913239,1.627500057220459,-0.4195493161678314,0.341795951128006,1.7669999599456787
-0.14036697149276733,-0.25898921489715576,1.5885000228881836,-0.11729778349399567,-0.29926177859306335,1.625499963760376,-0.1748470664024353,-0.2822187840938568,1.5744999647140503,0.012785501778125763,-0.13634617626667023,1.7669999599456787,-0.2836003601551056,-0.12770408391952515,1.690500020980835,0.2316407710313797,-0.03735557198524475,1.6924999952316284,-0.39857813715934753,0.10940258949995041,1.8559999465942383,0.3018578588962555,-0.23106563091278076,1.627500057220459,-0.42744168639183044,0.33778145909309387,1.7760000228881836
-0.1460186243057251,-0.26246878504753113,1.5940001010894775,-0.12078014761209488,-0.30403146147727966,1.6370000839233398,-0.17623518407344818,-0.28960227966308594,1.5870000123977661,0.004223377909511328,-0.14011532068252563,1.7785000801086426,-0.28913435339927673,-0.13171643018722534,1.7070000171661377,0.21677544713020325,-0.03486879542469978,1.7049999237060547,-0.40677276253700256,0.10999204218387604,1.8659999370574951,0.2626236081123352,-0.22342857718467712,1.6295000314712524,-0.43310582637786865,0.33996862173080444,1.7874999046325684
-0.1496269255876541,-0.26688066124916077,1.6050000190734863,-0.12414896488189697,-0.3084637224674225,1.6464999914169312,-0.18044036626815796,-0.29484325647354126,1.6015000343322754,-0.004461738746613264,-0.14428353309631348,1.7944999933242798,-0.29639244079589844,-0.13248805701732635,1.7170000076293945,0.20644867420196533,-0.02944672293961048,1.7109999656677246,-0.41144344210624695,0.10739845037460327,1.873500108718872,0.22301839292049408,-0.21550758183002472,1.6295000314712524,-0.43770962953567505,0.3325769305229187,1.7944999933242798
-0.1532708704471588,-0.2713281810283661,1.6159999370574951,-0.12754854559898376,-0.3129267394542694,1.6559998989105225,-0.18492113053798676,-0.3005026876926422,1.6180000305175781,-0.010408868081867695,-0.14907775819301605,1.8174999952316284,-0.30143970251083374,-0.13629435002803802,1.7300000190734863,0.2066899985074997,-0.021154258400201797,1.7130000591278076,-0.4155852794647217,0.10159748047590256,1.878499984741211,0.1787337213754654,-0.18709330260753632,1.6349999904632568,-0.44871532917022705,0.33352720737457275,1.815500020980835
-0.15627521276474,-0.274624764919281,1.6200000047683716,-0.13371776044368744,-0.31751585006713867,1.6659998893737793,-0.19192752242088318,-0.3059345483779907,1.6330000162124634,-0.022304736077785492,-0.14985698461532593,1.8270000219345093,-0.30617737770080566,-0.1399819701910019,1.7410000562667847,0.19604413211345673,-0.023985765874385834,1.7170000076293945,-0.4191862642765045,0.10173269361257553,1.88100004196167,0.14333343505859375,-0.17323967814445496,1.6545000076293945,-0.4563838839530945,0.3370177149772644,1.8345000743865967
-0.1626717448234558,-0.28186139464378357,1.631500005722046,-0.1373998373746872,-0.3198029100894928,1.6779999732971191,-0.1981857270002365,-0.3100923001766205,1.6410000324249268,-0.031185830011963844,-0.15577766299247742,1.8270000219345093,-0.3126254081726074,-0.14317207038402557,1.745500087738037,0.19568198919296265,-0.02146916463971138,1.7384999990463257,-0.42391765117645264,0.10213831812143326,1.8884999752044678,0.09507802128791809,-0.14911210536956787,1.6545000076293945,-0.4653531014919281,0.33323830366134644,1.8464999198913574
-0.17505130171775818,-0.2901405990123749,1.6484999656677246,-0.15189436078071594,-0.32444387674331665,1.687999963760376,-0.20977604389190674,-0.3141806125640869,1.6484999656677246,-0.0578291155397892,-0.16761904954910278,1.8270000219345093,-0.32477372884750366,-0.1492123156785965,1.75,0.178780198097229,-0.041187796741724014,1.7384999990463257,-0.4329979717731476,0.09976036101579666,1.9014999866485596,0.006577812600880861,-0.1190444678068161,1.6464999914169312,-0.4724857211112976,0.32805198431015015,1.8509999513626099
-0.18411968648433685,-0.29449909925460815,1.6579999923706055,-0.16071626543998718,-0.3284388780593872,1.6944999694824219,-0.21825183928012848,-0.3175244629383087,1.6519999504089355,-0.04605058208107948,-0.16488401591777802,1.8294999599456787,-0.32835817337036133,-0.14955337345600128,1.753999948501587,0.1679459512233734,-0.0412944070994854,1.7430000305175781,-0.4397484064102173,0.09127882122993469,1.9175000190734863,-0.011913755908608437,-0.10147272050380707,1.621500015258789,-0.4782290756702423,0.3198968768119812,1.8734999895095825
-0.19651120901107788,-0.2942766547203064,1.6719999313354492,-0.16960138082504272,-0.329698771238327,1.7009999752044678,-0.22710411250591278,-0.31867772340774536,1.6579999923706055,-0.05205044522881508,-0.16807778179645538,1.8320000171661377,-0.3402455747127533,-0.15678633749485016,1.7714999914169312,0.15382467210292816,-0.044118646532297134,1.7430000305175781,-0.45211395621299744,0.08876961469650269,1.9305000305175781,-0.03263833746314049,-0.09796144813299179,1.6070001125335693,-0.48126477003097534,0.3198968768119812,1.8734999895095825
