0.1812632828950882,-0.3144270181655884,1.8199999332427979,0.2961665391921997,-0.5196549892425537,2.75,0.14166949689388275,-0.3379705548286438,1.8040000200271606,0.2519935071468353,-0.16899360716342926,1.9819999933242798,-0.05344262346625328,-0.16342978179454803,1.88100004196167,0.30985885858535767,0.08745022118091583,2.0460000038146973,-0.14867788553237915,0.07610220462083817,1.7804999351501465,0.2366298884153366,0.23978400230407715,2.132999897003174,-0.020735956728458405,0.14690497517585754,1.6985000371932983
0.18146248161792755,-0.3118203282356262,1.8220000267028809,0.29907435178756714,-0.5247570276260376,2.7769999504089355,0.1418265700340271,-0.3354189097881317,1.805999994277954,0.2480916529893875,-0.16211949288845062,1.9765000343322754,-0.05358468368649483,-0.16692015528678894,1.8860000371932983,0.30940452218055725,0.08401165157556534,2.0429999828338623,-0.14383088052272797,0.07369010895490646,1.7920000553131104,0.20238050818443298,0.22153659164905548,1.999500036239624,-0.01249419804662466,0.14432258903980255,1.7005000114440918
0.18146248161792755,-0.3118203282356262,1.8220000267028809,0.29907435178756714,-0.5202573537826538,2.7769999504089355,0.1447528898715973,-0.3354189097881317,1.805999994277954,0.24989569187164307,-0.16121724247932434,1.965499997138977,-0.05109133943915367,-0.16877876222133636,1.9070000648498535,0.3127148449420929,0.08401165157556534,2.0429999828338623,-0.13964101672172546,0.07455366104841232,1.812999963760376,0.19914062321186066,0.2150568664073944,1.999500036239624,-0.0042280228808522224,0.14432258903980255,1.7005000114440918
0.18146248161792755,-0.3118203282356262,1.8220000267028809,0.3035740554332733,-0.5202573537826538,2.7769999504089355,0.1447528898715973,-0.3354189097881317,1.805999994277954,0.25205036997795105,-0.16056104004383087,1.9574999809265137,-0.051586978137493134,-0.1672961413860321,1.9254999160766602,0.3160251975059509,0.08732199668884277,2.0429999828338623,-0.13866379857063293,0.07562282681465149,1.8389999866485596,0.1926608830690384,0.20857715606689453,1.999500036239624,-0.0014947140589356422,0.1436900943517685,1.7260000705718994
0.18146248161792755,-0.30886808037757874,1.8220000267028809,0.3078920841217041,-0.5230938196182251,2.816499948501587,0.1418265700340271,-0.3324926197528839,1.805999994277954,0.25134217739105225,-0.1569470316171646,1.9520000219345093,-0.04859286919236183,-0.16773056983947754,1.9305000305175781,0.3155611455440521,0.08719376474618912,2.0399999618530273,-0.1371227204799652,0.07040192186832428,1.8585000038146973,0.17970138788223267,0.21181702613830566,1.999500036239624,0.006895417347550392,0.1464867889881134,1.7260000705718994
0.18146248161792755,-0.30591583251953125,1.8220000267028809,0.31417784094810486,-0.5337730050086975,2.874000072479248,0.14198362827301025,-0.3328608274459839,1.8079999685287476,0.25766801834106445,-0.16010992228984833,1.9520000219345093,-0.04865579679608345,-0.16794776916503906,1.9329999685287476,0.31886667013168335,0.08719376474618912,2.0399999618530273,-0.1357349306344986,0.07125425338745117,1.88100004196167,0.1829412579536438,0.2150568664073944,1.999500036239624,0.004139076452702284,0.14510534703731537,1.7430000305175781
0.17851020395755768,-0.30591583251953125,1.8220000267028809,0.309520959854126,-0.5337730050086975,2.874000072479248,0.14198362827301025,-0.32993125915527344,1.8079999685287476,0.25766801834106445,-0.1569470316171646,1.9520000219345093,-0.051868289709091187,-0.16820843517780304,1.9359999895095825,0.31792882084846497,0.086937315762043,2.0339999198913574,-0.13836881518363953,0.06642293184995651,1.9175000190734863,0.1913156807422638,0.21720796823501587,2.0195000171661377,0.006989300716668367,0.15131601691246033,1.749500036239624
0.17851020395755768,-0.30296361446380615,1.8220000267028809,0.309520959854126,-0.529116153717041,2.874000072479248,0.14198362827301025,-0.32993125915527344,1.8079999685287476,0.25727200508117676,-0.1567058265209198,1.9490000009536743,-0.04566497728228569,-0.16846908628940582,1.9390000104904175,0.3221721649169922,0.08388828486204147,2.0399999618530273,-0.14089444279670715,0.06763534992933273,1.9524999856948853,0.19268932938575745,0.2319505363702774,2.0339999198913574,-0.0015150649705901742,0.14564648270606995,1.749500036239624
0.1755579560995102,-0.30296361446380615,1.8220000267028809,0.309520959854126,-0.5244593024253845,2.874000072479248,0.1390540450811386,-0.327001690864563,1.8079999685287476,0.25727200508117676,-0.1567058265209198,1.9490000009536743,-0.04572385177016258,-0.16868628561496735,1.941499948501587,0.31886667013168335,0.08719376474618912,2.0399999618530273,-0.1426623910665512,0.062077246606349945,1.9769999980926514,0.20287543535232544,0.2421945035457611,2.0369999408721924,-0.007248295936733484,0.14407695829868317,1.7649999856948853
0.1755579560995102,-0.3000113368034363,1.8220000267028809,0.30359119176864624,-0.5222694873809814,2.861999988555908,0.1390540450811386,-0.3240721523761749,1.8079999685287476,0.2604300379753113,-0.1567058265209198,1.9490000009536743,-0.04572385177016258,-0.16868628561496735,1.941499948501587,0.3221721649169922,0.08719376474618912,2.0399999618530273,-0.14345616102218628,0.05920141935348511,1.9880000352859497,0.2104022353887558,0.24989497661590576,2.0460000038146973,-0.015931136906147003,0.1478942334651947,1.7764999866485596
0.1755579560995102,-0.2970590889453888,1.8220000267028809,0.30359119176864624,-0.5222694873809814,2.861999988555908,0.1390540450811386,-0.3240721523761749,1.8079999685287476,0.2604300379753113,-0.1567058265209198,1.9490000009536743,-0.04584161192178726,-0.16912072896957397,1.9465000629425049,0.3221721649169922,0.08719376474618912,2.0399999618530273,-0.14730454981327057,0.04974956810474396,1.996500015258789,0.22131717205047607,0.26431336998939514,2.055000066757202,-0.0188573207706213,0.15115466713905334,1.781000018119812
0.1726056933403015,-0.2911546230316162,1.8220000267028809,0.30359119176864624,-0.5129947662353516,2.861999988555908,0.13612446188926697,-0.3211425840854645,1.8079999685287476,0.2635880708694458,-0.1567058265209198,1.9490000009536743,-0.04274244233965874,-0.17249596118927002,1.9490000009536743,0.32311972975730896,0.09076541662216187,2.0460000038146973,-0.14837439358234406,0.043593913316726685,2.011000156402588,0.25165224075317383,0.30138030648231506,2.058000087738037,-0.0421559102833271,0.16642047464847565,1.7899999618530273
0.16965341567993164,-0.2911546230316162,1.8220000267028809,0.2913806736469269,-0.49547967314720154,2.7894999980926514,0.13319487869739532,-0.3182130455970764,1.8079999685287476,0.2635880708694458,-0.1567058265209198,1.9490000009536743,-0.04274244233965874,-0.17249596118927002,1.9490000009536743,0.3297501802444458,0.09739581495523453,2.0460000038146973,-0.1520853042602539,0.043723974376916885,2.0169999599456787,0.2720562219619751,0.31851711869239807,2.060999870300293,-0.05716441199183464,0.18253964185714722,1.805999994277954
0.1665181666612625,-0.28788599371910095,1.8199999332427979,0.27894237637519836,-0.4774075746536255,2.7125000953674316,0.12733572721481323,-0.3152834475040436,1.8079999685287476,0.26640400290489197,-0.1596587896347046,1.9465000629425049,-0.04268761724233627,-0.17227469384670258,1.9465000629425049,0.3368738293647766,0.10417874157428741,2.0490000247955322,-0.1490384191274643,0.04051593318581581,2.0199999809265137,0.2925185561180115,0.3357025682926178,2.063999891281128,-0.06940363347530365,0.20164869725704193,1.8199999332427979
0.1633893996477127,-0.2846238911151886,1.8179999589920044,0.27894237637519836,-0.47301241755485535,2.7125000953674316,0.1242685317993164,-0.3120083808898926,1.805999994277954,0.26955798268318176,-0.16281276941299438,1.9465000629425049,-0.04274244233965874,-0.17249596118927002,1.9490000009536743,0.3445199131965637,0.10448380559682846,2.055000066757202,-0.14988689124584198,0.037454888224601746,2.0314998626708984,0.3102143406867981,0.3468244671821594,2.070499897003174,-0.08447239547967911,0.208344966173172,1.8270000219345093
0.15728126466274261,-0.28129076957702637,1.815500020980835,0.2691062390804291,-0.47118136286735535,2.7019999027252197,0.1212078183889389,-0.31166285276412964,1.8040000200271606,0.26955798268318176,-0.1596587896347046,1.9465000629425049,-0.042808230966329575,-0.172761470079422,1.9520000219345093,0.3455257713794708,0.10478886216878891,2.060999870300293,-0.14764150977134705,0.03772222623229027,2.0460000038146973,0.34112343192100525,0.36881622672080994,2.1599998474121094,-0.09734184294939041,0.22253644466400146,1.846500039100647
0.15118931233882904,-0.2809034287929535,1.812999963760376,0.25933945178985596,-0.4573012888431549,2.6469998359680176,0.11520175635814667,-0.30831193923950195,1.8015000820159912,0.26606184244155884,-0.15630380809307098,1.944000005722046,-0.039533618837594986,-0.16912072896957397,1.9465000629425049,0.3455257713794708,0.09477035701274872,2.060999870300293,-0.14897647500038147,0.04475366324186325,2.064499855041504,0.37846896052360535,0.3781484365463257,2.257500171661377,-0.117291659116745,0.2446557730436325,1.878499984741211
0.15118931233882904,-0.277965784072876,1.812999963760376,0.24748660624027252,-0.44373950362205505,2.56850004196167,0.11504188925027847,-0.3078840672969818,1.7990000247955322,0.27271196246147156,-0.1596587896347046,1.9465000629425049,-0.039533618837594986,-0.17227469384670258,1.9465000629425049,0.3522047996520996,0.09810985624790192,2.060999870300293,-0.146724671125412,0.048459962010383606,2.0799999237060547,0.3925479054450989,0.3774765133857727,2.2755000591278076,-0.12834113836288452,0.2514576017856598,1.9070000648498535
0.14804719388484955,-0.2805160582065582,1.810499906539917,0.24050091207027435,-0.43121424317359924,2.496000051498413,0.11197107285261154,-0.30745622515678406,1.7964999675750732,0.2699041962623596,-0.1567058265209198,1.9490000009536743,-0.03948284313082695,-0.1752033531665802,1.944000005722046,0.3445199131965637,0.09116467833518982,2.055000066757202,-0.1439746469259262,0.04866964370012283,2.0889999866485596,0.3944455087184906,0.37189146876335144,2.2864999771118164,-0.13695478439331055,0.26229849457740784,1.941499948501587
0.1447528898715973,-0.2798188626766205,1.805999994277954,0.21944744884967804,-0.39346572756767273,2.2775001525878906,0.10890835523605347,-0.3070283830165863,1.7940000295639038,0.2667461335659027,-0.1567058265209198,1.9490000009536743,-0.03633289784193039,-0.16890351474285126,1.944000005722046,0.34351399540901184,0.08757844567298889,2.0490000247955322,-0.14504291117191315,0.05244075506925583,2.1045000553131104,0.4261854887008667,0.39411184191703796,2.447499990463257,-0.14483287930488586,0.2683839201927185,1.9630000591278076
