0.3017835021018982,-0.2188141793012619,1.559000015258789,0.33029621839523315,-0.25160425901412964,1.5745000839233398,0.266417920589447,-0.2491273581981659,1.559000015258789,0.4206853210926056,-0.08286018669605255,1.6699999570846558,0.12806841731071472,-0.10369160771369934,1.7009999752044678,0.5582008957862854,0.15895965695381165,1.7714999914169312,0.07209011912345886,0.12097685039043427,1.8960000276565552,0.4391898214817047,0.241763174533844,1.7894999980926514,-0.001687831711024046,0.3706847131252289,1.9490000009536743
0.30460241436958313,-0.2215532511472702,1.5605000257492065,0.33401012420654297,-0.25504326820373535,1.5800000429153442,0.27147015929222107,-0.2516534626483917,1.559000015258789,0.4233912527561188,-0.08556614816188812,1.6699999570846558,0.13373789191246033,-0.1038135215640068,1.7029999494552612,0.5610767602920532,0.16386373341083527,1.7625000476837158,0.0783582329750061,0.12116826325654984,1.8989999294281006,0.4391898214817047,0.2504619359970093,1.7894999980926514,0.0046282620169222355,0.3706847131252289,1.9490000009536743
0.30713096261024475,-0.2215532511472702,1.5605000257492065,0.3391304314136505,-0.25760337710380554,1.5800000429153442,0.2739962637424469,-0.2516534626483917,1.559000015258789,0.42711785435676575,-0.088483527302742,1.6740000247955322,0.1392567753791809,-0.1038135215640068,1.7029999494552612,0.5605175495147705,0.16769926249980927,1.7430000305175781,0.078585185110569,0.12769106030464172,1.9045000076293945,0.4427510201931,0.25497227907180786,1.7804999351501465,0.007808281108736992,0.37489768862724304,1.9544999599456787
0.3099571764469147,-0.2242971807718277,1.562000036239624,0.34201493859291077,-0.25784796476364136,1.5815000534057617,0.2765223979949951,-0.25417953729629517,1.559000015258789,0.43254274129867554,-0.088483527302742,1.6740000247955322,0.14617834985256195,-0.11039167642593384,1.719499945640564,0.5529993772506714,0.16462042927742004,1.7109999656677246,0.08486832678318024,0.1247686967253685,1.906999945640564,0.4406302869319916,0.2635186016559601,1.7604999542236328,0.011022970080375671,0.3733474016189575,1.9630000591278076
0.3157249689102173,-0.2247997671365738,1.565500020980835,0.3449043333530426,-0.2580924928188324,1.5829999446868896,0.2815746068954468,-0.25417953729629517,1.559000015258789,0.4379676878452301,-0.088483527302742,1.6740000247955322,0.15360403060913086,-0.1117398738861084,1.7404999732971191,0.5388155579566956,0.1620226949453354,1.684000015258789,0.09116766601800919,0.12183822691440582,1.9094998836517334,0.43860292434692383,0.27016595005989075,1.7300000190734863,0.014243497513234615,0.37439343333244324,1.9684998989105225
0.3244708478450775,-0.2255895435810089,1.5709999799728394,0.3530448377132416,-0.25841858983039856,1.5850000381469727,0.28690260648727417,-0.2544240951538086,1.5605000257492065,0.4379676878452301,-0.088483527302742,1.6740000247955322,0.16271643340587616,-0.11785232275724411,1.747499942779541,0.5201824903488159,0.15778057277202606,1.6679999828338623,0.10058131068944931,0.11889967322349548,1.9119999408721924,0.4230784475803375,0.2840503752231598,1.6794999837875366,0.020648974925279617,0.3684815764427185,1.9709999561309814
0.3299815356731415,-0.22587671875953674,1.5729999542236328,0.35818129777908325,-0.25841858983039856,1.5850000381469727,0.2919597029685974,-0.2544240951538086,1.5605000257492065,0.43901416659355164,-0.08597604185342789,1.6779999732971191,0.1690058410167694,-0.11829069256782532,1.753999948501587,0.5017370581626892,0.15009132027626038,1.6429998874664307,0.10677750408649445,0.12199774384498596,1.9119999408721924,0.41312336921691895,0.2887956202030182,1.629499912261963,0.020648974925279617,0.3684815764427185,1.9709999561309814
0.3350791335105896,-0.22587671875953674,1.5729999542236328,0.36669397354125977,-0.25898921489715576,1.5885000228881836,0.29701676964759827,-0.2544240951538086,1.5605000257492065,0.43901416659355164,-0.08325712382793427,1.6779999732971191,0.17268070578575134,-0.11886394023895264,1.7625000476837158,0.4736924469470978,0.13933701813220978,1.6110000610351562,0.10381496697664261,0.1221572682261467,1.9144999980926514,0.40720826387405396,0.30220723152160645,1.616499900817871,0.023842670023441315,0.3652878999710083,1.9709999561309814
0.3412580192089081,-0.2265947014093399,1.5779999494552612,0.36669397354125977,-0.25898921489715576,1.5885000228881836,0.3027513921260834,-0.2549947500228882,1.5640000104904175,0.44498178362846375,-0.08335636556148529,1.6800000667572021,0.1731215864419937,-0.11916741728782654,1.7669999599456787,0.45634961128234863,0.13468976318836212,1.5870000123977661,0.1103353351354599,0.11317510157823563,1.9200000762939453,0.39803847670555115,0.3036896586418152,1.5699999332427979,0.027036365121603012,0.3557068705558777,1.9709999561309814
0.3474693298339844,-0.22731268405914307,1.5829999446868896,0.37219294905662537,-0.2592338025569916,1.590000033378601,0.30850866436958313,-0.2555653750896454,1.5674999952316284,0.4433125853538513,-0.08355482667684555,1.684000015258789,0.17623372375965118,-0.11933602392673492,1.7695000171661377,0.43591973185539246,0.13061979413032532,1.569000005722046,0.11050772666931152,0.11646783351898193,1.9229999780654907,0.38075801730155945,0.30461952090263367,1.5115000009536743,0.02707751654088497,0.35944682359695435,1.9739999771118164
0.3474693298339844,-0.22731268405914307,1.5829999446868896,0.37476927042007446,-0.2592338025569916,1.590000033378601,0.3117430806159973,-0.256136029958725,1.5709999799728394,0.44383907318115234,-0.08365406095981598,1.6859999895095825,0.18001186847686768,-0.11994298547506332,1.778499960899353,0.42174145579338074,0.13362860679626465,1.5450000762939453,0.11362364143133163,0.11646783351898193,1.9229999780654907,0.3605667054653168,0.31102100014686584,1.4500000476837158,0.030322084203362465,0.3599931001663208,1.9769999980926514
0.35337892174720764,-0.22524461150169373,1.5864999294281006,0.37734562158584595,-0.2566574811935425,1.590000033378601,0.3146887421607971,-0.25646209716796875,1.5729999542236328,0.44436559081077576,-0.08375329524278641,1.687999963760376,0.18356207013130188,-0.12327364832162857,1.784999966621399,0.40793055295944214,0.13652673363685608,1.5214999914169312,0.12016711384057999,0.1167706623673439,1.9279999732971191,0.3466413915157318,0.31030288338661194,1.3940000534057617,0.030360428616404533,0.3572408854961395,1.9795000553131104
0.35460400581359863,-0.22602547705173492,1.5920000076293945,0.37992197275161743,-0.2566574811935425,1.590000033378601,0.31723752617836,-0.25646209716796875,1.5729999542236328,0.4454185962677002,-0.08395176380872726,1.6920000314712524,0.18356207013130188,-0.12327364832162857,1.784999966621399,0.40350672602653503,0.13504616916179657,1.5049999952316284,0.11704309284687042,0.1167706623673439,1.9279999732971191,0.3379594087600708,0.3111651539802551,1.3680000305175781,0.030360428616404533,0.3572408854961395,1.9795000553131104
0.36066707968711853,-0.22917944192886353,1.5959999561309814,0.3829794228076935,-0.25955986976623535,1.5920000076293945,0.31978633999824524,-0.25646209716796875,1.5729999542236328,0.44816023111343384,-0.0812101662158966,1.6920000314712524,0.18356207013130188,-0.12327364832162857,1.784999966621399,0.398680716753006,0.14306873083114624,1.4869999885559082,0.12329113483428955,0.1167706623673439,1.9279999732971191,0.3337595760822296,0.32481086254119873,1.3509999513626099,0.03361028805375099,0.35126906633377075,1.9819999933242798
0.36145803332328796,-0.22968202829360962,1.5994999408721924,0.3829794228076935,-0.25955986976623535,1.5920000076293945,0.3223351240158081,-0.2590108811855316,1.5729999542236328,0.4459450840950012,-0.07856131345033646,1.694000005722046,0.1867155134677887,-0.12344630062580109,1.7874999046325684,0.39653584361076355,0.1494884341955185,1.4789999723434448,0.1264151632785797,0.1167706623673439,1.9279999732971191,0.33532702922821045,0.33076485991477966,1.3485000133514404,0.03361028805375099,0.35126906633377075,1.9819999933242798
0.3617970049381256,-0.2298974245786667,1.6009999513626099,0.38652774691581726,-0.2627980709075928,1.5959999561309814,0.3223351240158081,-0.2590108811855316,1.5729999542236328,0.4486899673938751,-0.07856131345033646,1.694000005722046,0.18718558549880981,-0.12666071951389313,1.7920000553131104,0.40132883191108704,0.1542813777923584,1.4789999723434448,0.12608732283115387,0.11335192620754242,1.9229999780654907,0.33532702922821045,0.335134893655777,1.3485000133514404,0.03682180866599083,0.3544805645942688,1.9819999933242798
0.36439117789268494,-0.2298974245786667,1.6009999513626099,0.38652774691581726,-0.2602120041847229,1.5959999561309814,0.32488393783569336,-0.2590108811855316,1.5729999542236328,0.4486899673938751,-0.07581647485494614,1.694000005722046,0.18739449977874756,-0.12680207192897797,1.7940000295639038,0.4037252962589264,0.1542813777923584,1.4789999723434448,0.12608732283115387,0.11335192620754242,1.9229999780654907,0.33969709277153015,0.335134893655777,1.3485000133514404,0.03682180866599083,0.3480575680732727,1.9819999933242798
0.36439117789268494,-0.2298974245786667,1.6009999513626099,0.38652774691581726,-0.2602120041847229,1.5959999561309814,0.3244708478450775,-0.2586815655231476,1.5709999799728394,0.451434850692749,-0.07856131345033646,1.694000005722046,0.18739449977874756,-0.12389520555734634,1.7940000295639038,0.41091474890708923,0.1590743213891983,1.4789999723434448,0.12297140061855316,0.11335192620754242,1.9229999780654907,0.33969709277153015,0.32639482617378235,1.3485000133514404,0.03682180866599083,0.3480575680732727,1.9819999933242798
0.36439117789268494,-0.23249155282974243,1.6009999513626099,0.3873753845691681,-0.2607826590538025,1.5994999408721924,0.3266001045703888,-0.25835224986076355,1.569000005722046,0.45417967438697815,-0.07581647485494614,1.694000005722046,0.18739449977874756,-0.12389520555734634,1.7940000295639038,0.4181042015552521,0.1638672649860382,1.4789999723434448,0.12297140061855316,0.11335192620754242,1.9229999780654907,0.33969709277153015,0.3198397755622864,1.3485000133514404,0.03682180866599083,0.3480575680732727,1.9819999933242798
0.36698535084724426,-0.23249155282974243,1.6009999513626099,0.3903328478336334,-0.2610272169113159,1.6009999513626099,0.32914242148399353,-0.25835224986076355,1.569000005722046,0.45692455768585205,-0.07307162880897522,1.694000005722046,0.18739449977874756,-0.12389520555734634,1.7940000295639038,0.428600549697876,0.16514141857624054,1.4904999732971191,0.12261968851089478,0.10681375861167908,1.9175000190734863,0.3495901823043823,0.3074805736541748,1.3615000247955322,0.03682180866599083,0.3480575680732727,1.9819999933242798
