0.38707199692726135,-0.14608871936798096,1.2949999570846558,0.4292128086090088,-0.18424026668071747,1.3279999494552612,0.3525657057762146,-0.17817525565624237,1.315000057220459,0.5680674314498901,-0.012852208688855171,1.4110000133514404,0.24116390943527222,0.012536627240478992,1.438499927520752,0.7484736442565918,0.06238522008061409,1.2269999980926514,0.17463432252407074,0.29606667160987854,1.597499966621399,0.9408984780311584,-0.12833136320114136,1.374500036239624,0.11895831674337387,0.5437155365943909,1.5799999237060547
0.3837609887123108,-0.14198899269104004,1.2769999504089355,0.43106809258461,-0.1810600906610489,1.3204998970031738,0.354520708322525,-0.17914049327373505,1.30649995803833,0.5500718951225281,-0.012597168795764446,1.3830000162124634,0.22966469824314117,0.012418974190950394,1.4249999523162842,0.7296316623687744,0.07088179886341095,1.2024999856948853,0.16978418827056885,0.29217472672462463,1.5764999389648438,0.9170724749565125,-0.12846879661083221,1.3524999618530273,0.10737598687410355,0.5395336747169495,1.560499906539917
0.3813685476779938,-0.1355297565460205,1.2554999589920044,0.4285888969898224,-0.1761428266763687,1.2999999523162842,0.3505168855190277,-0.1750270575284958,1.2764999866485596,0.5361220836639404,-0.007974500767886639,1.3589999675750732,0.2221250832080841,0.014536743052303791,1.4065001010894775,0.7203250527381897,0.09281298518180847,1.184000015258789,0.16441869735717773,0.287263423204422,1.5499999523162842,0.8099806904792786,-0.07543813437223434,1.3070000410079956,0.09835153818130493,0.5342465043067932,1.5379999876022339
0.3883616030216217,-0.12905281782150269,1.2324999570846558,0.4327424168586731,-0.1665576994419098,1.274999976158142,0.3543976843357086,-0.16687412559986115,1.246500015258789,0.5235015749931335,-0.005683270748704672,1.3380000591278076,0.22240974009037018,0.014407549984753132,1.3940000534057617,0.7179285883903503,0.09669527411460876,1.1614999771118164,0.15480919182300568,0.29089903831481934,1.5295000076293945,1.1121927499771118,-0.03277778625488281,2.1024999618530273,0.09188003838062286,0.5355455875396729,1.5134999752044678
0.39317578077316284,-0.12343522161245346,1.2165000438690186,0.4390757977962494,-0.1609608232975006,1.2634999752044678,0.36386987566947937,-0.16165894269943237,1.2374999523162842,0.5141213536262512,0.0008127682376652956,1.3250000476837158,0.21754518151283264,0.014237016439437866,1.377500057220459,0.6938866376876831,0.10915365070104599,1.1345000267028809,0.15053816139698029,0.2874755859375,1.5115000009536743,0.9504848718643188,0.06668399274349213,2.0195000171661377,0.08857090026140213,0.5279859304428101,1.4989999532699585
0.39644473791122437,-0.11616932600736618,1.2024999856948853,0.4408130943775177,-0.15328730642795563,1.250999927520752,0.36858487129211426,-0.15624728798866272,1.2265000343322754,0.5067580342292786,-0.00344564369879663,1.311500072479248,0.2163468897342682,0.011817634105682373,1.3559999465942383,0.6686850786209106,0.10775855928659439,1.1200000047683716,0.1473052054643631,0.29082638025283813,1.503499984741211,0.4378160238265991,0.07378307729959488,1.0745000839233398,0.08771414309740067,0.5300948023796082,1.4844999313354492
0.4043292701244354,-0.11369846016168594,1.1970000267028809,0.44536107778549194,-0.14738424122333527,1.2355000972747803,0.3742009401321411,-0.1505344808101654,1.212499976158142,0.5049688220024109,-0.005504871718585491,1.2960000038146973,0.21015502512454987,0.016074486076831818,1.3445000648498535,0.6413490176200867,0.1197628527879715,1.1134999990463257,0.1465214043855667,0.29412534832954407,1.4954999685287476,0.3462331295013428,0.10441897809505463,1.0010000467300415,0.08659149706363678,0.5233101844787598,1.465499997138977
0.41457656025886536,-0.10945240408182144,1.193000078201294,0.4553707242012024,-0.1413784772157669,1.2355000972747803,0.3833141326904297,-0.144851952791214,1.1979999542236328,0.4946288466453552,-0.005460272543132305,1.2855000495910645,0.21203911304473877,0.020196013152599335,1.3289999961853027,0.6159207820892334,0.14193177223205566,1.1035000085830688,0.14332735538482666,0.31665438413619995,1.4874999523162842,0.30263879895210266,0.13653288781642914,0.9754999876022339,0.08841975033283234,0.5342565178871155,1.4565000534057617
0.42463400959968567,-0.09662371128797531,1.1779999732971191,0.4693842828273773,-0.13537271320819855,1.2355000972747803,0.38787299394607544,-0.13272076845169067,1.1765000820159912,0.4923924505710602,0.004890820011496544,1.2690000534057617,0.2098054587841034,0.02424473688006401,1.315000057220459,0.5713046789169312,0.1914079487323761,1.0799999237060547,0.15199144184589386,0.3098423480987549,1.4779999256134033,0.2678646445274353,0.19185508787631989,0.9754999876022339,0.09745673090219498,0.532055675983429,1.4505000114440918
0.42506301403045654,-0.09166385978460312,1.1635000705718994,0.4687902331352234,-0.13009291887283325,1.2235000133514404,0.3886069357395172,-0.12853506207466125,1.156000018119812,0.4943053424358368,0.012950258329510689,1.253000020980835,0.20900769531726837,0.026275184005498886,1.309999942779541,0.5532138347625732,0.22127105295658112,1.0555000305175781,0.15561434626579285,0.30991336703300476,1.4670000076293945,0.23309049010276794,0.22820964455604553,0.9754999876022339,0.1040753498673439,0.5275142192840576,1.4444999694824219
0.4290528893470764,-0.08755339682102203,1.1589999198913574,0.4689174294471741,-0.12458164244890213,1.2084999084472656,0.3921801447868347,-0.12600456178188324,1.1500000953674316,0.499222993850708,0.020852744579315186,1.2400000095367432,0.20773132145404816,0.0282244011759758,1.3020000457763672,0.5462784767150879,0.2445855438709259,1.0455000400543213,0.15702210366725922,0.31037449836730957,1.4579999446868896,0.2694453001022339,0.251919150352478,0.9754999876022339,0.10755188018083572,0.5193566083908081,1.4285000562667847
0.43131136894226074,-0.08314675837755203,1.149999976158142,0.4698810279369354,-0.12135513126850128,1.1959999799728394,0.3967326581478119,-0.12010028213262558,1.1470000743865967,0.5024925470352173,0.03247012570500374,1.2235000133514404,0.20790699124336243,0.03214472159743309,1.2899999618530273,0.5457559823989868,0.26466086506843567,1.0444999933242798,0.15774482488632202,0.311857670545578,1.443000078201294,0.3202998638153076,0.3053310215473175,1.0164999961853027,0.11297298222780228,0.5261518955230713,1.409500002861023
0.43182265758514404,-0.07698336988687515,1.1414999961853027,0.4748372733592987,-0.11486513912677765,1.1890000104904175,0.3950382173061371,-0.11481048166751862,1.131500005722046,0.5016972422599792,0.03805645927786827,1.2120000123977661,0.2108544111251831,0.03611398860812187,1.2825000286102295,0.5423710346221924,0.2748154401779175,1.0444999933242798,0.15676096081733704,0.31688326597213745,1.434000015258789,0.27415046095848083,0.38230711221694946,1.061000108718872,0.118974469602108,0.5178837180137634,1.3994998931884766
0.43344953656196594,-0.07414645701646805,1.1265000104904175,0.48254358768463135,-0.11101199686527252,1.1890000104904175,0.3943706750869751,-0.10893356800079346,1.1089999675750732,0.5094555020332336,0.053345754742622375,1.2024999856948853,0.21044205129146576,0.039799146354198456,1.2675000429153442,0.5389862060546875,0.28497007489204407,1.0444999933242798,0.16207608580589294,0.3136790692806244,1.4194999933242798,0,0,0,0.12076567858457565,0.5158485174179077,1.3940000534057617
0.43648651242256165,-0.06952586770057678,1.1110000610351562,0.4787234365940094,-0.10610368102788925,1.156499981880188,0.39811861515045166,-0.1062188521027565,1.0994999408721924,0.5211462378501892,0.05724265053868294,1.2024999856948853,0.21650081872940063,0.0373731292784214,1.2549999952316284,0.5322163701057434,0.2883549630641937,1.0444999933242798,0.15979252755641937,0.3092595040798187,1.3995000123977661,0,0,0,0.12227427959442139,0.5149480104446411,1.3854999542236328
0.46528974175453186,-0.05872473493218422,1.1110000610351562,0.5068323016166687,-0.09860802441835403,1.156499981880188,0.42194417119026184,-0.09664729982614517,1.0920000076293945,0.5386824011802673,0.06893335282802582,1.2024999856948853,0.221803218126297,0.04129157215356827,1.250499963760376,0.5231093168258667,0.30008143186569214,1.0499999523162842,0.16735495626926422,0.3042498826980591,1.3870000839233398,0,0,0,0.12380027770996094,0.5097426772117615,1.377500057220459
0.48329171538352966,-0.05512435734272003,1.1110000610351562,0.8893576860427856,-0.15791186690330505,1.9639999866485596,0.433458149433136,-0.09041901677846909,1.0810000896453857,0.5446521043777466,0.07592956721782684,1.190000057220459,0.22852928936481476,0.04507206752896309,1.2430000305175781,0.531275749206543,0.30622994899749756,1.059499979019165,0.16874639689922333,0.30271437764167786,1.3799999952316284,0,0,0,0.12134762853384018,0.5132734179496765,1.375
0.4994935095310211,-0.0497237928211689,1.1110000610351562,0.9148165583610535,-0.1483648717403412,1.9639999866485596,0.4468623995780945,-0.08406130969524384,1.0670000314712524,0.542446494102478,0.07535530626773834,1.180999994277954,0.2333448976278305,0.04884345456957817,1.2365000247955322,0.5455394387245178,0.31841614842414856,1.0774999856948853,0.1686241179704666,0.3047294318675995,1.378999948501587,0,0,0,0.11898970603942871,0.5082624554634094,1.3734999895095825
0.5192956924438477,-0.04072284698486328,1.1110000610351562,0.9995874762535095,-0.14226539433002472,2.059999942779541,0.460422545671463,-0.07624197006225586,1.0545001029968262,0.5491693615913391,0.08095879852771759,1.178999900817871,0.2406759262084961,0.052700940519571304,1.2330000400543213,0.5694078207015991,0.3286299407482147,1.100000023841858,0.16831842064857483,0.3064073920249939,1.3765000104904175,0,0,0,0.11864316463470459,0.5067822337150574,1.369499921798706
0.9950282573699951,-0.06146219000220299,2.0369999408721924,1.5125281810760498,-0.19726315140724182,2.996999979019165,0.477733850479126,-0.0740385577082634,1.0475000143051147,0.5575321316719055,0.08402451872825623,1.1684999465942383,0.253536581993103,0.052059806883335114,1.2179999351501465,0.5990543961524963,0.3336351215839386,1.128999948501587,0.17054881155490875,0.3064073920249939,1.3765000104904175,0,0,0,0.11595654487609863,0.5091671943664551,1.3639999628067017
