0.17272108793258667,-0.1686607003211975,1.3585000038146973,0.20556101202964783,-0.2014152556657791,1.3870000839233398,0.13654504716396332,-0.20131325721740723,1.371000051498413,0.3103330433368683,-0.008957376703619957,1.5264999866485596,-0.013308080844581127,-0.03275371715426445,1.4839999675750732,0.38184037804603577,0.2634875178337097,1.6200000047683716,-0.243570014834404,0.06259530782699585,1.4110000133514404,0.44140613079071045,0.5448770523071289,1.7300000190734863,-0.2964167296886444,-0.1479063630104065,1.2745000123977661
0.17694875597953796,-0.16208185255527496,1.340499997138977,0.21393190324306488,-0.1963525414466858,1.3830000162124634,0.14426414668560028,-0.19529074430465698,1.3599998950958252,0.31463101506233215,-0.006420226767659187,1.5115000009536743,-0.0012743172701448202,-0.02770918607711792,1.4714999198913574,0.389967143535614,0.2705201208591461,1.5994999408721924,-0.23620781302452087,0.06930650770664215,1.4079999923706055,0.45261892676353455,0.5560897588729858,1.7300000190734863,-0.2697170674800873,-0.14071032404899597,1.2655000686645508
0.18605777621269226,-0.15626685321331024,1.3279999494552612,0.22176745533943176,-0.19312910735607147,1.375999927520752,0.15088392794132233,-0.19031856954097748,1.340499997138977,0.32616662979125977,0.0033439118415117264,1.496999979019165,0.0010998323559761047,-0.022730087861418724,1.4579999446868896,0.40015488862991333,0.2866770029067993,1.5885000228881836,-0.23201575875282288,0.07779160887002945,1.3964999914169312,0.4666348695755005,0.5813183188438416,1.7300000190734863,-0.2337258756160736,-0.13275113701820374,1.2484999895095825
0.19459378719329834,-0.1523742973804474,1.312999963760376,0.22936074435710907,-0.1901816576719284,1.3550000190734863,0.15842612087726593,-0.18428672850131989,1.312999963760376,0.3353719115257263,0.008066536858677864,1.4735000133514404,0.010441131889820099,-0.020158102735877037,1.443000078201294,0.4077374041080475,0.29245272278785706,1.5779999494552612,-0.22596897184848785,0.08986356109380722,1.3734999895095825,0.646794855594635,0.7860316634178162,2.328000068664551,-0.18087714910507202,-0.11312221735715866,1.2330000400543213
0.2008608728647232,-0.14858756959438324,1.2985000610351562,0.23687982559204102,-0.18528078496456146,1.3355000019073486,0.16311413049697876,-0.18028631806373596,1.2994999885559082,0.34199613332748413,0.007998107001185417,1.4609999656677246,0.021970856934785843,-0.017690295353531837,1.4325000047683716,0.41986146569252014,0.30291593074798584,1.565999984741211,-0.20998413860797882,0.09094928205013275,1.3564999103546143,0.8425060510635376,1.0187350511550903,2.946499824523926,-0.1278342604637146,-0.08442691713571548,1.2225000858306885
0.20734290778636932,-0.14304529130458832,1.2864999771118164,0.24621587991714478,-0.1798689365386963,1.3275001049041748,0.17133866250514984,-0.17797501385211945,1.2979999780654907,0.3516530394554138,0.012654280290007591,1.4519999027252197,0.03560951352119446,-0.015245786868035793,1.4210000038146973,0.42909613251686096,0.30553239583969116,1.5534999370574951,-0.20602461695671082,0.10543367266654968,1.3450000286102295,0.8663778305053711,1.0664781332015991,2.946499824523926,-0.07527021318674088,-0.05981314927339554,1.2055000066757202
0.21308262646198273,-0.13720296323299408,1.2710000276565552,0.25203654170036316,-0.17577674984931946,1.312999963760376,0.17829738557338715,-0.17236295342445374,1.2874999046325684,0.35410135984420776,0.017024965956807137,1.4240000247955322,0.05121742933988571,-0.008256160654127598,1.4070000648498535,0.4341180920600891,0.31877797842025757,1.5444999933242798,-0.19733594357967377,0.10645287483930588,1.3305000066757202,0.8988209366798401,1.0949753522872925,2.9590001106262207,-0.014589029364287853,0.008478211238980293,1.1949999332427979
0.21853433549404144,-0.13140875101089478,1.2549999952316284,0.25787273049354553,-0.1683865636587143,1.2890000343322754,0.18294554948806763,-0.1669043004512787,1.2619999647140503,0.36011767387390137,0.02358546108007431,1.4024999141693115,0.04619353264570236,-0.01268825400620699,1.3930000066757202,0.4370834231376648,0.32357287406921387,1.5199999809265137,-0.19327302277088165,0.10968232899904251,1.3174999952316284,0.9275884628295898,1.1093590259552002,2.9590001106262207,-0.002938854740932584,0.04094493016600609,1.181999921798706
0.22350773215293884,-0.12957635521888733,1.2374999523162842,0.25889885425567627,-0.16429823637008667,1.2734999656677246,0.1877175271511078,-0.1619202196598053,1.2395000457763672,0.36750727891921997,0.030077846720814705,1.3875000476837158,0.05258471891283989,-0.0013925731182098389,1.3830000162124634,0.4412674605846405,0.32255545258522034,1.4924999475479126,-0.17941132187843323,0.12245021015405655,1.2944999933242798,0.9652107954025269,1.118860125541687,2.9714999198913574,0.0215784702450037,0.08163914829492569,1.1614999771118164
0.22797366976737976,-0.12363815307617188,1.218500018119812,0.26657387614250183,-0.1626855731010437,1.2609999179840088,0.1922578513622284,-0.15868617594242096,1.2300000190734863,0.3712088465690613,0.03408835828304291,1.3680000305175781,0.05655079707503319,-0.005821316968649626,1.3704999685287476,0.443115234375,0.32519856095314026,1.4824999570846558,-0.16218355298042297,0.12675370275974274,1.2745000123977661,0.9872875213623047,1.1166009902954102,2.9654998779296875,0.04380158707499504,0.11830385774374008,1.1519999504089355
0.23120944201946259,-0.12221760302782059,1.2044999599456787,0.26935163140296936,-0.15866774320602417,1.2454999685287476,0.1971893161535263,-0.157847598195076,1.2235000133514404,0.3690379858016968,0.03168535605072975,1.3599998950958252,0.06443087756633759,0.000827796699013561,1.3494999408721924,0.44595566391944885,0.32377275824546814,1.4760000705718994,-0.14791229367256165,0.1394367516040802,1.2584999799728394,0,0,0,0.04193494841456413,0.1575029343366623,1.1519999504089355
0.2394675314426422,-0.11757753789424896,1.1970000267028809,0.27798396348953247,-0.15583211183547974,1.2389999628067017,0.20422416925430298,-0.15369944274425507,1.2065000534057617,0.38085466623306274,0.03595997020602226,1.3550000190734863,0.0659264326095581,0.007311068940907717,1.3355000019073486,0.44944652915000916,0.32588478922843933,1.4639999866485596,-0.12605103850364685,0.15798713266849518,1.24399995803833,1.1796388626098633,1.087530255317688,2.9780001640319824,0.06620119512081146,0.25643390417099,1.1519999504089355
0.24039870500564575,-0.11515495926141739,1.1920000314712524,0.2770538032054901,-0.1541970819234848,1.2260000705718994,0.20335941016674042,-0.14966927468776703,1.190000057220459,0.3807886242866516,0.03793024644255638,1.347000002861023,0.06763153523206711,0.01585928164422512,1.3264999389648438,0.4626646935939789,0.3265640139579773,1.446000099182129,-0.11597251892089844,0.16806559264659882,1.24399995803833,1.417309045791626,1.078600287437439,2.940500020980835,0.03630351275205612,0.287916362285614,1.1510000228881836
0.23928070068359375,-0.1117987334728241,1.1770000457763672,0.27678626775741577,-0.14795717597007751,1.2074999809265137,0.20182138681411743,-0.14662368595600128,1.180999994277954,0.38186556100845337,0.04193432629108429,1.3355000019073486,0.06699422001838684,0.015709834173321724,1.3140000104904175,0.47310230135917664,0.32712653279304504,1.4279999732971191,-0.10387828201055527,0.17814406752586365,1.24399995803833,1.560247540473938,1.0023669004440308,2.940500020980835,0.010193318128585815,0.3140263855457306,1.1510000228881836
0.2359263002872467,-0.10835107415914536,1.1605000495910645,0.27506712079048157,-0.14509378373622894,1.2000000476837158,0.1996852606534958,-0.14317843317985535,1.1684999465942383,0.3832685351371765,0.0392492301762104,1.3179999589920044,0.06620395928621292,0.0197325237095356,1.2985000610351562,0.4998323321342468,0.3188854455947876,1.4119999408721924,-0.09379976242780685,0.18822252750396729,1.24399995803833,1.763509750366211,0.8752149343490601,2.9780001640319824,-0.002861778484657407,0.35132643580436707,1.1510000228881836
0.233138307929039,-0.1060578003525734,1.1559998989105225,0.27460864186286926,-0.144851952791214,1.1979999542236328,0.19584530591964722,-0.13989460468292236,1.1570000648498535,0.3817489743232727,0.040992334485054016,1.3055000305175781,0.0657196044921875,0.021676765754818916,1.2890000343322754,0.5243245959281921,0.30213233828544617,1.3980000019073486,-0.08372122049331665,0.19628529250621796,1.24399995803833,1.8101197481155396,0.7183129191398621,2.928500175476074,-0.021530605852603912,0.37776437401771545,1.1519999504089355
0.23081904649734497,-0.10314827412366867,1.1445000171661377,0.2699362635612488,-0.14147931337356567,1.1859999895095825,0.19221024215221405,-0.13676731288433075,1.1464999914169312,0.37890660762786865,0.03880253806710243,1.3029999732971191,0.0657196044921875,0.02376537211239338,1.2890000343322754,0.5456523299217224,0.2954699695110321,1.377500057220459,-0.07605373114347458,0.20338957011699677,1.250499963760376,1.8117636442184448,0.5133137106895447,2.9780001640319824,-0.03843012824654579,0.3843625783920288,1.1549999713897705
0.22596371173858643,-0.09996622055768967,1.129499912261963,0.26583942770957947,-0.13933207094669342,1.1679999828338623,0.1891087293624878,-0.13273268938064575,1.128000020980835,0.379702091217041,0.03235653042793274,1.2985000610351562,0.06363098323345184,0.027942590415477753,1.2890000343322754,0.5964494943618774,0.2547606825828552,1.3510000705718994,-0.06243903934955597,0.21957403421401978,1.2619999647140503,1.7537869215011597,0.23152293264865875,2.9535000324249268,-0.05615892633795738,0.4114351272583008,1.1735000610351562
0.22234764695167542,-0.09916969388723373,1.120500087738037,0.26180002093315125,-0.13632164895534515,1.1584999561309814,0.18503957986831665,-0.13114413619041443,1.1145000457763672,0.37930676341056824,0.030054494738578796,1.2899999618530273,0.06345820426940918,0.029949655756354332,1.2855000495910645,0.600783109664917,0.2300133854150772,1.3220000267028809,-0.057352885603904724,0.22782865166664124,1.2855000495910645,1.6580734252929688,0.15973816812038422,2.9535000324249268,-0.06123927980661392,0.4221422076225281,1.1985000371932983
0.21876069903373718,-0.09837314486503601,1.1115000247955322,0.2584644854068756,-0.13742341101169586,1.1519999504089355,0.18249386548995972,-0.13061462342739105,1.1100000143051147,0.38170358538627625,0.029914705082774162,1.2839999198913574,0.06286582350730896,0.029670076444745064,1.2734999656677246,0.6078670620918274,0.19819030165672302,1.2960000038146973,-0.05411791801452637,0.23817451298236847,1.308000087738037,1.4600383043289185,0.09255519509315491,2.802999973297119,-0.06667185574769974,0.4361569285392761,1.2269999980926514
