-0.5062857270240784,-0.1481383889913559,1.1340000629425049,-0.4842648506164551,-0.1884743571281433,1.1559998989105225,-0.5411975979804993,-0.17937511205673218,1.1339999437332153,-0.3690645396709442,-0.005706631578505039,1.3434998989105225,-0.6781173348426819,0.023064762353897095,1.250999927520752,-0.32672953605651855,0.23194947838783264,1.5329999923706055,-0.7591874003410339,0.22279052436351776,1.2344999313354492,-0.3369717597961426,0.39929842948913574,1.381500005722046,-0.6270562410354614,0.2600599527359009,1.1039999723434448
-0.48735952377319336,-0.15037259459495544,1.1370000839233398,-0.4663391411304474,-0.19067680835723877,1.1579999923706055,-0.5223637223243713,-0.181691974401474,1.1369999647140503,-0.35514289140701294,-0.005727869924157858,1.3485000133514404,-0.6576546430587769,0.02109658531844616,1.254499912261963,-0.30506858229637146,0.22998939454555511,1.5364999771118164,-0.7383782863616943,0.22315147519111633,1.2365000247955322,-0.3149283230304718,0.4019728899002075,1.3830000162124634,-0.612339973449707,0.2534772455692291,1.1064999103546143
-0.46750468015670776,-0.15234878659248352,1.1380000114440918,-0.4464690387248993,-0.19288572669029236,1.1600000858306885,-0.5020157098770142,-0.18417999148368835,1.1410000324249268,-0.3311075270175934,-0.010097905062139034,1.3485000133514404,-0.637805163860321,0.019200649112462997,1.2634999752044678,-0.27608823776245117,0.2232445776462555,1.5414999723434448,-0.7126213312149048,0.21644222736358643,1.24399995803833,-0.28949499130249023,0.4017551839351654,1.3899999856948853,-0.6079118251800537,0.2571183145046234,1.1384999752044678
-0.4445077180862427,-0.15637944638729095,1.1405000686645508,-0.42142239212989807,-0.19346770644187927,1.1635000705718994,-0.47860950231552124,-0.18627332150936127,1.1424999237060547,-0.3138672709465027,-0.005772469565272331,1.3589999675750732,-0.6150600910186768,0.01314146351069212,1.2714999914169312,-0.25919109582901,0.22375145554542542,1.5449999570846558,-0.6969174742698669,0.21783414483070374,1.2519999742507935,-0.2712937295436859,0.40139225125312805,1.4124999046325684,-0.6007466316223145,0.26916924118995667,1.1749999523162842
-0.42248988151550293,-0.15968415141105652,1.1510000228881836,-0.401712566614151,-0.19678010046482086,1.1719999313354492,-0.4532865285873413,-0.18651790916919708,1.1440000534057617,-0.2915629744529724,-0.012460540048778057,1.3680000305175781,-0.5894436240196228,0.0132138105109334,1.278499960899353,-0.23438416421413422,0.21645116806030273,1.5464999675750732,-0.6726093292236328,0.209598571062088,1.2634999752044678,-0.24390947818756104,0.39987385272979736,1.440000057220459,-0.6173527240753174,0.27556025981903076,1.246999979019165
-0.39947912096977234,-0.16281235218048096,1.1600000858306885,-0.3773665130138397,-0.19604504108428955,1.178999900817871,-0.4284568130970001,-0.18782220780849457,1.1519999504089355,-0.25850236415863037,-0.014687883667647839,1.36899995803833,-0.5692211985588074,0.007056509144604206,1.2890000343322754,-0.20477624237537384,0.20940648019313812,1.5499999523162842,-0.6513754725456238,0.20244555175304413,1.2699999809265137,-0.2158014178276062,0.3993240296840668,1.4549999237060547,-0.6211478114128113,0.2925755977630615,1.3240000009536743
-0.3717939257621765,-0.16386501491069794,1.1675000190734863,-0.347976952791214,-0.19671016931533813,1.1829999685287476,-0.4032616913318634,-0.1900232583284378,1.1655000448226929,-0.23400063812732697,-0.019298972561955452,1.381500005722046,-0.5408129096031189,0.0049948799423873425,1.2960000038146973,-0.17777802050113678,0.20762914419174194,1.5555000305175781,-0.6299189329147339,0.2048366367816925,1.284999966621399,-0.30279773473739624,0.6299191117286682,2.379499912261963,-0.5940834879875183,0.29295292496681213,1.3355000019073486
-0.345767617225647,-0.16398495435714722,1.1820000410079956,-0.3209281861782074,-0.19701623916625977,1.1965000629425049,-0.37481924891471863,-0.18999110162258148,1.1770000457763672,-0.2092377245426178,-0.024016890674829483,1.3954999446868896,-0.5095617175102234,0.0007986598066054285,1.3020000457763672,-0.1461309790611267,0.20669102668762207,1.5674999952316284,-0.6082379221916199,0.20175842940807343,1.3055000305175781,-0.3528120815753937,0.8877236247062683,3.374000072479248,-0.5594599843025208,0.29295292496681213,1.3355000019073486
-0.3139268159866333,-0.16344085335731506,1.1920000314712524,-0.28901904821395874,-0.19711549580097198,1.2089999914169312,-0.3458887040615082,-0.19000156223773956,1.1890000104904175,-0.17448489367961884,-0.024214811623096466,1.4070000648498535,-0.4832388460636139,0.0008075541700236499,1.316499948501587,-0.17163504660129547,0.31362971663475037,2.378499984741211,-0.5809235572814941,0.20330388844013214,1.315500020980835,-0.27080658078193665,0.8658556938171387,3.374000072479248,-0.5286933183670044,0.2953614592552185,1.3565000295639038
-0.28080013394355774,-0.16440065205097198,1.1990000009536743,-0.2587830424308777,-0.1994795799255371,1.2235000133514404,-0.31188473105430603,-0.1915995478630066,1.1990000009536743,-0.14358066022396088,-0.02897893637418747,1.4170000553131104,-0.4495721757411957,-0.0056514134630560875,1.3305000066757202,-0.16108204424381256,0.41058149933815,3.1525001525878906,-0.5499361157417297,0.19803185760974884,1.3229999542236328,-0.19896069169044495,0.8531764149665833,3.4555001258850098,-0.5075190663337708,0.3019048571586609,1.4075000286102295
-0.24859778583049774,-0.16625170409679413,1.212499976158142,-0.22545313835144043,-0.2013711780309677,1.247499942779541,-0.2769210934638977,-0.1929578334093094,1.2074999809265137,-0.10737207531929016,-0.029122091829776764,1.4240000247955322,-0.4199138879776001,-0.0035362837370485067,1.3459999561309814,-0.09057686477899551,0.404873788356781,3.187999963760376,-0.519534170627594,0.197368785738945,1.3329999446868896,-0.10937521606683731,0.8419782519340515,3.4555001258850098,-0.48992377519607544,0.2931525409221649,1.443000078201294
-0.2153441607952118,-0.1678970754146576,1.2244999408721924,-0.19331082701683044,-0.2016669064760208,1.2619999647140503,-0.2438047230243683,-0.19463574886322021,1.218000054359436,-0.07357911020517349,-0.029449306428432465,1.440000057220459,-0.3828336298465729,-0.014607417397201061,1.3615000247955322,-0.03375471010804176,0.39454254508018494,3.187999963760376,-0.4931652545928955,0.19325193762779236,1.3494999408721924,-0.03114485554397106,0.8237327337265015,3.4730000495910645,-0.44781431555747986,0.2899756133556366,1.4505000114440918
-0.18354244530200958,-0.16967956721782684,1.2374999523162842,-0.15749524533748627,-0.20500314235687256,1.2699999809265137,-0.2122390866279602,-0.19647343456745148,1.2295000553131104,-0.04133918881416321,-0.03447123244404793,1.4549999237060547,-0.35162028670310974,-0.017011087387800217,1.377500057220459,0.03347208350896835,0.38505491614341736,3.194999933242798,-0.463441401720047,0.1932598352432251,1.3650000095367432,0.052998464554548264,0.8139829635620117,3.4555001258850098,-0.4149100184440613,0.2805744409561157,1.4505000114440918
-0.1543358713388443,-0.17290176451206207,1.2609999179840088,-0.12842243909835815,-0.205821692943573,1.2879999876022339,-0.1830042451620102,-0.1993498057126999,1.247499942779541,-0.008410136215388775,-0.034791067242622375,1.4684998989105225,-0.32091137766838074,-0.01941072940826416,1.3895000219345093,0.10077299922704697,0.38505491614341736,3.194999933242798,-0.43421924114227295,0.18737652897834778,1.3704999685287476,0.13138575851917267,0.8139829635620117,3.4555001258850098,-0.37730512022972107,0.2782241702079773,1.4505000114440918
-0.1250603049993515,-0.1748213768005371,1.274999976158142,-0.09828615933656693,-0.2104106843471527,1.3034999370574951,-0.15421348810195923,-0.20338894426822662,1.2599999904632568,0.020266985520720482,-0.03500429540872574,1.4774999618530273,-0.2914735674858093,-0.02408573217689991,1.3995000123977661,0.1577199250459671,0.3902318775653839,3.194999933242798,-0.40474751591682434,0.19035808742046356,1.375999927520752,0.20467618107795715,0.8159852027893066,3.4639999866485596,-0.33970022201538086,0.27117329835891724,1.4505000114440918
-0.09432950615882874,-0.17530128359794617,1.278499960899353,-0.06729422509670258,-0.21258985996246338,1.316999912261963,-0.12403041124343872,-0.20411533117294312,1.2645000219345093,0.04675929993391037,-0.03752489387989044,1.4824999570846558,-0.26158204674720764,-0.024257835000753403,1.409500002861023,0.21984383463859558,0.39540886878967285,3.194999933242798,-0.37346240878105164,0.19594991207122803,1.3840000629425049,0.2570403218269348,0.8097389936447144,3.4140000343322754,-0.30224180221557617,0.2738768458366394,1.440000057220459
-0.06768855452537537,-0.1760554015636444,1.2839999198913574,-0.04000283405184746,-0.21285288035869598,1.3320000171661377,-0.09576020389795303,-0.2029453068971634,1.2699999809265137,0.075916588306427,-0.03768942132592201,1.4889999628067017,-0.23508936166763306,-0.028938032686710358,1.4149999618530273,0.2685958445072174,0.3756571412086487,3.1595001220703125,-0.3415428698062897,0.19694097340106964,1.3910000324249268,0.3110467791557312,0.7977187633514404,3.3404998779296875,-0.26449042558670044,0.28292474150657654,1.4505000114440918
-0.03874148055911064,-0.17687809467315674,1.2899999618530273,-0.009786693379282951,-0.21501116454601288,1.3320000171661377,-0.06949739158153534,-0.20645591616630554,1.2790000438690186,0.10068176686763763,-0.033073749393224716,1.4984999895095825,-0.20970307290554047,-0.029234573245048523,1.4295001029968262,0.31619739532470703,0.3815600872039795,3.124000072479248,-0.30322664976119995,0.19468708336353302,1.3910000324249268,0.37155380845069885,0.7829374074935913,3.3010001182556152,-0.21748429536819458,0.29467618465423584,1.4505000114440918
-0.015913641080260277,-0.18084125220775604,1.3034999370574951,0.013954559341073036,-0.21716943383216858,1.3320000171661377,-0.047138962894678116,-0.21048478782176971,1.2910000085830688,0.1279432624578476,-0.04053301364183426,1.5049999952316284,-0.181287482380867,-0.03418693691492081,1.443000078201294,0.35355308651924133,0.3631491959095001,3.0964999198913574,-0.26716431975364685,0.19694097340106964,1.3910000324249268,0.412191241979599,0.7636905908584595,3.242000102996826,-0.1739106923341751,0.3018761873245239,1.440000057220459
0.007378595415502787,-0.1822979897260666,1.3140000104904175,0.03988402709364891,-0.2194923758506775,1.3329999446868896,-0.02424062043428421,-0.21566617488861084,1.2969999313354492,0.1549222767353058,-0.04057341068983078,1.506500005722046,-0.15136201679706573,-0.03429354727268219,1.4474999904632568,0.30336177349090576,0.28775784373283386,2.3559999465942383,-0.23110198974609375,0.19694097340106964,1.3910000324249268,0.45598676800727844,0.7409588694572449,3.1455001831054688,-0.1334056854248047,0.31158292293548584,1.430999994277954
