0.22605617344379425,-0.3181608021259308,1.8245000839233398,0.2556403875350952,-0.35182130336761475,1.8459999561309814,0.19178645312786102,-0.34750860929489136,1.8079999685287476,0.33288857340812683,-0.1612083911895752,2.004999876022339,0.010450202040374279,-0.1526457667350769,1.8609999418258667,0.3125736713409424,0.07601673156023026,1.7785000801086426,-0.041202105581760406,0.07194243371486664,1.749500036239624,0.18359872698783875,0.1499766707420349,1.5855000019073486,0.025230059400200844,0.15827037394046783,1.6449999809265137
0.23228666186332703,-0.318596750497818,1.8270000219345093,0.26098495721817017,-0.35096368193626404,1.8415000438690186,0.1976456195116043,-0.34750860929489136,1.8079999685287476,0.3347123861312866,-0.15728996694087982,1.996500015258789,0.010450202040374279,-0.1526457667350769,1.8609999418258667,0.33274614810943604,0.08466200530529022,1.7785000801086426,-0.05308183282613754,0.08127443492412567,1.7674999237060547,0.19607599079608917,0.14128653705120087,1.6035000085830688,0.025705520063638687,0.16125299036502838,1.6759999990463257
0.23524701595306396,-0.318596750497818,1.8270000219345093,0.2657606303691864,-0.35034194588661194,1.8540000915527344,0.20057518780231476,-0.34750860929489136,1.8079999685287476,0.3332873582839966,-0.15017788112163544,1.9879999160766602,0.01357419416308403,-0.15083639323711395,1.875999927520752,0.356700599193573,0.09065432101488113,1.7829999923706055,-0.07966050505638123,0.07920902222394943,1.7855000495910645,0.2078852355480194,0.1422557681798935,1.6145000457763672,-0.02375776693224907,0.14024034142494202,1.7179999351501465
0.23885931074619293,-0.3194686472415924,1.8320000171661377,0.2712291181087494,-0.3535543382167816,1.871000051498413,0.20643435418605804,-0.3504381775856018,1.8079999685287476,0.33001819252967834,-0.14870481193065643,1.968500018119812,0.013834679499268532,-0.1506328135728836,1.9119999408721924,0.3740350008010864,0.09643241763114929,1.7829999923706055,-0.0954703837633133,0.06860257685184479,1.8109999895095825,0.21673551201820374,0.14291658997535706,1.621999979019165,-0.04437670484185219,0.1353437751531601,1.7630000114440918
0.24182777106761932,-0.3194686472415924,1.8320000171661377,0.2712291181087494,-0.3535543382167816,1.871000051498413,0.20620599389076233,-0.34712421894073486,1.805999994277954,0.3340904712677002,-0.14134949445724487,1.9550000429153442,0.010854508727788925,-0.15228725969791412,1.9329999685287476,0.3861319422721863,0.09656763821840286,1.7855000495910645,-0.10859931260347366,0.063547782599926,1.8345000743865967,0.23874016106128693,0.15484541654586792,1.6654999256134033,-0.06190050020813942,0.13618822395801544,1.7739999294281006
0.24479623138904572,-0.3194686472415924,1.8320000171661377,0.2753601670265198,-0.35497158765792847,1.878499984741211,0.20890073478221893,-0.346739798784256,1.8040000200271606,0.33272334933280945,-0.14392586052417755,1.9470000267028809,0.014044515788555145,-0.14977246522903442,1.940999984741211,0.4060894548892975,0.09136612713336945,1.7969999313354492,-0.12111333757638931,0.06387686729431152,1.843999981880188,0.2738359868526459,0.17792260646820068,1.7890000343322754,-0.07914742082357407,0.13906270265579224,1.7739999294281006
0.2477646917104721,-0.316500186920166,1.8320000171661377,0.27840396761894226,-0.35497158765792847,1.878499984741211,0.21182383596897125,-0.346739798784256,1.8040000200271606,0.3344980776309967,-0.1401926726102829,1.9390000104904175,0.010930316522717476,-0.153350830078125,1.9465000629425049,0.41909533739089966,0.09524845331907272,1.815500020980835,-0.13074719905853271,0.06420594453811646,1.8534998893737793,0.2983250916004181,0.21847602725028992,1.8889999389648438,-0.08777088671922684,0.14481163024902344,1.7739999294281006
0.2477646917104721,-0.316500186920166,1.8320000171661377,0.27840396761894226,-0.3519277572631836,1.878499984741211,0.21444934606552124,-0.34334027767181396,1.8015000820159912,0.3331179916858673,-0.1396142542362213,1.930999994277954,0.017238307744264603,-0.1501968652009964,1.9465000629425049,0.42767074704170227,0.0869707465171814,1.8270000219345093,-0.1310999095439911,0.05233360081911087,1.8585000038146973,0.32631492614746094,0.24250516295433044,1.9094998836517334,-0.09775278717279434,0.14976736903190613,1.7990000247955322
0.2477646917104721,-0.316500186920166,1.8320000171661377,0.27840396761894226,-0.3519277572631836,1.878499984741211,0.2138541340827942,-0.342387318611145,1.7964999675750732,0.32940900325775146,-0.13805976510047913,1.909500002861023,0.017238307744264603,-0.1470428854227066,1.9465000629425049,0.44005927443504333,0.08282455056905746,1.8669999837875366,-0.1282607913017273,0.046373121440410614,1.8609999418258667,0.34776899218559265,0.27573665976524353,1.9254999160766602,-0.1206207349896431,0.15586498379707336,1.8364999294281006
0.2470884770154953,-0.3126760423183441,1.8270000219345093,0.27840396761894226,-0.3519277572631836,1.878499984741211,0.21355654299259186,-0.34191086888313293,1.7940000295639038,0.32928162813186646,-0.13672219216823578,1.8910000324249268,0.017238307744264603,-0.1470428854227066,1.9465000629425049,0.4538479149341583,0.09165964275598526,1.9254999160766602,-0.11969487369060516,0.040504831820726395,1.868499994277954,0.36473914980888367,0.3170795738697052,1.9495000839233398,-0.13057085871696472,0.16309408843517303,1.8509999513626099
0.2467503696680069,-0.31224820017814636,1.8245000839233398,0.27840396761894226,-0.3488839566707611,1.878499984741211,0.2104148119688034,-0.33862608671188354,1.7920000553131104,0.3310275673866272,-0.13007615506649017,1.883500099182129,0.017238307744264603,-0.1470428854227066,1.9465000629425049,0.4537683129310608,0.10240979492664337,1.9520000219345093,-0.11424784362316132,0.04072161018848419,1.878499984741211,0.38634932041168213,0.33517885208129883,1.9630000591278076,-0.1405111402273178,0.16721497476100922,1.8634999990463257
0.2464122623205185,-0.30886808037757874,1.8220000267028809,0.29270580410957336,-0.36680638790130615,1.9749999046325684,0.20988640189170837,-0.33777570724487305,1.7874999046325684,0.32970941066741943,-0.12955819070339203,1.8760000467300415,0.014026425778865814,-0.14643853902816772,1.938499927520752,0.4518750011920929,0.10904194414615631,1.9574999809265137,-0.11241760849952698,0.044243015348911285,1.8990000486373901,0.40286770462989807,0.35480451583862305,1.965999960899353,-0.15001042187213898,0.17734472453594208,1.9075000286102295
0.24319274723529816,-0.3085290193557739,1.8199999332427979,0.3087120056152344,-0.38686466217041016,2.0829999446868896,0.20670054852962494,-0.33441099524497986,1.784999966621399,0.32883065938949585,-0.129212886095047,1.871000051498413,0.014008337631821632,-0.14938664436340332,1.9359999895095825,0.4404217302799225,0.11570975184440613,1.9630000591278076,-0.10134832561016083,0.044790517538785934,1.9225000143051147,0.4129489064216614,0.37120380997657776,1.9684998989105225,-0.1526842564344406,0.18679752945899963,1.941499948501587
0.23931972682476044,-0.30440470576286316,1.812999963760376,0.30196163058280945,-0.38686466217041016,2.0829999446868896,0.2004094123840332,-0.33356794714927673,1.7804999351501465,0.32883065938949585,-0.129212886095047,1.871000051498413,0.013986630365252495,-0.14602306485176086,1.9329999685287476,0.4327452778816223,0.12259974330663681,1.9714999198913574,-0.09027495980262756,0.04548946022987366,1.9524999856948853,0.435829222202301,0.3716752231121063,1.9709999561309814,-0.15711435675621033,0.19150874018669128,1.9574999809265137
0.23546938598155975,-0.303229421377182,1.805999994277954,0.3051508665084839,-0.39095062017440796,2.1050000190734863,0.19702517986297607,-0.3327248990535736,1.7760000228881836,0.32579901814460754,-0.129212886095047,1.871000051498413,0.010854508727788925,-0.1491551548242569,1.9329999685287476,0.42616671323776245,0.12347035109996796,1.9854999780654907,-0.08237674087285995,0.04961251839995384,1.9910000562667847,0.44800910353660583,0.37384381890296936,1.9824999570846558,-0.15634113550186157,0.19127143919467926,1.9880000352859497
0.2319636046886444,-0.30247387290000916,1.8015000820159912,0.35771167278289795,-0.4687693417072296,2.5240001678466797,0.19365553557872772,-0.3318818509578705,1.7714999914169312,0.3253636658191681,-0.12904024124145508,1.868499994277954,0.013986630365252495,-0.1491551548242569,1.9329999685287476,0.4252927601337433,0.13062439858913422,1.996500015258789,-0.0739581510424614,0.04390823841094971,2.0255000591278076,0.45764607191085815,0.3642069101333618,1.9824999570846558,-0.15512245893478394,0.18724626302719116,2.0139999389648438
0.2252468764781952,-0.3042062520980835,1.7944999933242798,0.3536219000816345,-0.47285908460617065,2.5240001678466797,0.18722516298294067,-0.33066409826278687,1.7649999856948853,0.3275125026702881,-0.12869493663311005,1.8634999990463257,0.017118750140070915,-0.1491551548242569,1.9329999685287476,0.42258620262145996,0.12107082456350327,1.9989999532699585,-0.05830104649066925,0.044482696801424026,2.052000045776367,0.48189669847488403,0.3656586706638336,2.0444998741149902,-0.15253771841526031,0.18808302283287048,2.0230000019073486
0.21857549250125885,-0.30301958322525024,1.7874999046325684,0.3491166830062866,-0.47229698300361633,2.5209999084472656,0.18083691596984863,-0.3322957158088684,1.7584999799728394,0.32964518666267395,-0.12533822655677795,1.8585000038146973,0.017096610739827156,-0.15209031105041504,1.9305000305175781,0.425825297832489,0.12430986016988754,1.9989999532699585,-0.05497610196471214,0.044482696801424026,2.052000045776367,0.5165983438491821,0.38667359948158264,2.1620001792907715,-0.14988689124584198,0.1888732761144638,2.0314998626708984
0.21537747979164124,-0.30548807978630066,1.784999966621399,0.34094691276550293,-0.4763818681240082,2.5209999084472656,0.1773296445608139,-0.33106744289398193,1.7519999742507935,0.3322090804576874,-0.12216228991746902,1.8559999465942383,0.023322509601712227,-0.15189334750175476,1.9279999732971191,0.43230339884757996,0.1307879537343979,1.9989999532699585,-0.051651161164045334,0.04780761897563934,2.052000045776367,0.543221652507782,0.4047947824001312,2.243000030517578,-0.1482909470796585,0.19105812907218933,2.054999828338623
0.21141383051872253,-0.30682551860809326,1.7760000228881836,0.33283236622810364,-0.46504393219947815,2.4609999656677246,0.17404262721538544,-0.33304861187934875,1.747499942779541,0.33476489782333374,-0.12199773639440536,1.8534998893737793,0.02335275150835514,-0.14896225929260254,1.9305000305175781,0.44080445170402527,0.1336582452058792,1.993499994277954,-0.045001279562711716,0.05113253742456436,2.052000045776367,0.5670568346977234,0.4244641363620758,2.310500144958496,-0.14962592720985413,0.19277812540531158,2.073499917984009
