0.05511356517672539,-0.3450896739959717,1.8420000076293945,0.13006064295768738,-0.6466919183731079,3.1519999504089355,0.01633056253194809,-0.37833118438720703,1.843999981880188,0.10711417347192764,-0.27416518330574036,2.7019999027252197,-0.11060459166765213,-0.12448441237211227,1.684000015258789,0.08976372331380844,-0.005299171432852745,2.0169999599456787,0.0011703635100275278,0.04871666431427002,1.5514999628067017,0.18050117790699005,0.035740241408348083,1.938499927520752,0.262094110250473,0.3570043742656708,3.2699999809265137
0.05212889239192009,-0.348074346780777,1.8420000076293945,0.11826808750629425,-0.6432174444198608,3.110499858856201,0.013328180648386478,-0.37792083621025085,1.8420000076293945,0.1051122322678566,-0.2690410912036896,2.6514999866485596,-0.1126602366566658,-0.12917007505893707,1.6740000247955322,0.09630017727613449,-0.005299171432852745,2.0169999599456787,-0.013913401402533054,0.05123060569167137,1.5514999628067017,0.18678325414657593,0.03888125717639923,1.938499927520752,0.2514970898628235,0.346407413482666,3.2699999809265137
0.05212889239192009,-0.3450896739959717,1.8420000076293945,0.11826808750629425,-0.6381773948669434,3.110499858856201,0.010315434075891972,-0.376895010471344,1.8370000123977661,0.10695342719554901,-0.2672036588191986,2.5920000076293945,-0.10915963351726532,-0.12285812944173813,1.6619999408721924,0.10283663868904114,-0.0020309616811573505,2.0169999599456787,-0.03158221021294594,0.06142463907599449,1.5549999475479126,0.18264751136302948,0.038670655339956284,1.9279999732971191,0.24090003967285156,0.33581045269966125,3.2699999809265137
0.04914422333240509,-0.348074346780777,1.8420000076293945,0.11568257957696915,-0.6291558146476746,3.0425000190734863,0.010287356562912464,-0.37586915493011475,1.8320000171661377,0.11033856123685837,-0.26941412687301636,2.572999954223633,-0.11117963492870331,-0.13014927506446838,1.6519999504089355,0.10283663868904114,-0.0020309616811573505,2.0169999599456787,-0.04418037086725235,0.06898348778486252,1.5549999475479126,0.18475981056690216,0.04156704246997833,1.9175000190734863,0.19805659353733063,0.2927495837211609,3.262500047683716
0.04914422333240509,-0.348074346780777,1.8420000076293945,0.11075268685817719,-0.6291558146476746,3.0425000190734863,0.007308902684599161,-0.37239181995391846,1.8294999599456787,0.10898926109075546,-0.2564302980899811,2.4489998817443848,-0.1085028350353241,-0.12479570508003235,1.6519999504089355,0.10655200481414795,-0.005321502685546875,2.0254998207092285,-0.07189632207155228,0.07402271777391434,1.5549999475479126,0.18475981056690216,0.04467402771115303,1.9175000190734863,0.1769111305475235,0.2768905758857727,3.262500047683716
0.04615955427289009,-0.348074346780777,1.8420000076293945,0.08533647656440735,-0.5073570609092712,2.4535000324249268,0.007298915181308985,-0.37188297510147095,1.8270000219345093,0.11100541055202484,-0.2434464991092682,2.325000047683716,-0.11385644227266312,-0.12211890518665314,1.6519999504089355,0.11045760661363602,-0.015253564342856407,2.0369999408721924,-0.0920533761382103,0.08410118520259857,1.5549999475479126,0.18165279924869537,0.04467402771115303,1.9175000190734863,0.11766903847455978,0.2324426770210266,3.2325000762939453
0.04317488148808479,-0.348074346780777,1.8420000076293945,0.08770162612199783,-0.5214186906814575,2.5215001106262207,0.004338550381362438,-0.3748433291912079,1.8270000219345093,0.1168065145611763,-0.23988641798496246,2.2909998893737793,-0.11653324961662292,-0.12747249007225037,1.6519999504089355,0.11829440295696259,-0.018750013783574104,2.058499813079834,-0.11539409309625626,0.0845879390835762,1.563999891281128,0.18165279924869537,0.04156704246997833,1.9175000190734863,0.06971103698015213,0.2142152339220047,3.194999933242798
0.04023385047912598,-0.3514401316642761,1.843999981880188,0.06237618997693062,-0.3920181095600128,1.88100004196167,0.0013781851157546043,-0.3748433291912079,1.8270000219345093,0.11921505630016327,-0.23020093142986298,2.198500156402588,-0.11921004951000214,-0.13014927506446838,1.6519999504089355,0.13301117718219757,-0.01894584856927395,2.0799999237060547,-0.13899731636047363,0.09017226845026016,1.5729999542236328,0.18914048373699188,0.04184885323047638,1.9305000305175781,0.03156038746237755,0.16647078096866608,2.6089999675750732
0.04038657993078232,-0.3527742326259613,1.8509999513626099,0.05893406644463539,-0.3894129991531372,1.868499994277954,0.0013800709275528789,-0.3753562271595001,1.8294999599456787,0.11951039731502533,-0.22407549619674683,2.140000104904175,-0.11568283289670944,-0.1322370171546936,1.6784999370574951,0.13320302963256836,-0.025723479688167572,2.0829999446868896,-0.15733742713928223,0.09045889973640442,1.5779999494552612,0.19979950785636902,0.03959329426288605,1.9739999771118164,-0.0015388799365609884,0.10762523859739304,1.7769999504089355
0.03448096290230751,-0.35372716188430786,1.8559999465942383,0.05893406644463539,-0.3894129991531372,1.868499994277954,-0.0015865098685026169,-0.37883761525154114,1.8320000171661377,0.12260439246892929,-0.22339490056037903,2.133500099182129,-0.1151503324508667,-0.137569859623909,1.7109999656677246,0.14758409559726715,-0.022482439875602722,2.0954999923706055,-0.17287103831768036,0.08672427386045456,1.6034998893737793,0.20587746798992157,0.04015490412712097,2.002000093460083,-0.016157366335392,0.08747799694538116,1.5260000228881836
0.03448096290230751,-0.3567345142364502,1.8559999465942383,0.05893406644463539,-0.3924405872821808,1.868499994277954,-0.004561192821711302,-0.3793545961380005,1.8345000743865967,0.1287291944026947,-0.22203369438648224,2.120500087738037,-0.12577670812606812,-0.1401427686214447,1.7430000305175781,0.16730980575084686,-0.01940583437681198,2.130500078201294,-0.19151614606380463,0.08813046663999557,1.629499912261963,0.20736858248710632,0.03391093388199806,2.0164999961853027,-0.03099321946501732,0.08500537276268005,1.5260000228881836
0.03155839815735817,-0.3576955497264862,1.8610000610351562,0.05613086372613907,-0.3940158188343048,1.8760000467300415,-0.0045674084685742855,-0.37987157702445984,1.8370000123977661,0.13176001608371735,-0.22135308384895325,2.114000082015991,-0.12595044076442719,-0.14645300805568695,1.7855000495910645,0.182419553399086,-0.023469500243663788,2.1875,-0.2063511162996292,0.08617217093706131,1.6424999237060547,0.21390342712402344,0.03391093388199806,2.0164999961853027,-0.04830171540379524,0.08006011694669724,1.5260000228881836
0.028619632124900818,-0.3586565852165222,1.8660000562667847,0.05330335348844528,-0.3925391435623169,1.883500099182129,-0.007554243318736553,-0.3803885281085968,1.8394999504089355,0.13098090887069702,-0.22004422545433044,2.1015000343322754,-0.13169391453266144,-0.14673583209514618,1.8250000476837158,0.19310379028320312,-0.02752646990120411,2.2290000915527344,-0.21661899983882904,0.08171079307794571,1.659999966621399,0.21968461573123932,0.034827448427677155,2.071000099182129,-0.05324699357151985,0.07758748531341553,1.5260000228881836
0.025596072897315025,-0.3586565852165222,1.8660000562667847,0.05337410047650337,-0.3930601477622986,1.8860000371932983,-0.010589269921183586,-0.3823530375957489,1.8489999771118164,0.13358671963214874,-0.21873536705970764,2.0889999866485596,-0.13411131501197815,-0.1494293361902237,1.8585000038146973,0.19401343166828156,-0.03491360321640968,2.239500045776367,-0.22089411318302155,0.07417388260364532,1.6719999313354492,0.2301483303308487,0.03247470408678055,2.13700008392334,-0.06808284670114517,0.07758748531341553,1.5260000228881836
0.02263299562036991,-0.3565859794616699,1.871000051498413,0.04726216942071915,-0.3930601477622986,1.8860000371932983,-0.013655082322657108,-0.3843175172805786,1.8585000038146973,0.14055806398391724,-0.21904949843883514,2.0920000076293945,-0.14145366847515106,-0.1477966457605362,1.8760000467300415,0.19764219224452972,-0.03854233771562576,2.239500045776367,-0.2334863394498825,0.0709349513053894,1.725000023841858,0.23596395552158356,0.03684545308351517,2.190999984741211,-0.08578304946422577,0.07545942813158035,1.5329999923706055
0.019679909572005272,-0.35497158765792847,1.878499984741211,0.044393718242645264,-0.3916585445404053,1.8940000534057617,-0.013673449866473675,-0.3818190395832062,1.8609999418258667,0.1407596319913864,-0.21936362981796265,2.0950000286102295,-0.14934195578098297,-0.14960864186286926,1.8990000486373901,0.2012709379196167,-0.03854233771562576,2.239500045776367,-0.24711501598358154,0.06754190474748611,1.7829999923706055,0.24005644023418427,0.03748449310660362,2.2290000915527344,-0.10034894943237305,0.07457015663385391,1.566499948501587
0.01665823720395565,-0.3554440140724182,1.88100004196167,0.044393718242645264,-0.3916585445404053,1.8940000534057617,-0.01671132631599903,-0.3823319673538208,1.8634999990463257,0.14821796119213104,-0.21353836357593536,2.1045000553131104,-0.15474660694599152,-0.15501736104488373,1.9279999732971191,0.21053040027618408,-0.03891235962510109,2.261000156402588,-0.2512660622596741,0.05917192995548248,1.7920000553131104,0.2654770016670227,0.048709381371736526,2.428500175476074,-0.11061719059944153,0.07900351285934448,1.6050000190734863
0.016724657267332077,-0.3538012206554413,1.8884999752044678,0.044581227004528046,-0.3902309536933899,1.9019999504089355,-0.01677858456969261,-0.37780746817588806,1.871000051498413,0.14800666272640228,-0.21323396265506744,2.1015000343322754,-0.15331339836120605,-0.1599048674106598,1.9495000839233398,0.21959197521209717,-0.028143933042883873,2.2790000438690186,-0.2554462254047394,0.04779623821377754,1.8009999990463257,0.27570411562919617,0.05964303016662598,2.559999942779541,-0.11908317357301712,0.07944652438163757,1.6140000820159912
0.016791077330708504,-0.35213416814804077,1.8960000276565552,0.044581227004528046,-0.38714906573295593,1.9019999504089355,-0.016845842823386192,-0.3793219327926636,1.878499984741211,0.14415425062179565,-0.20578524470329285,2.0950000286102295,-0.1543750762939453,-0.16419288516044617,1.9630000591278076,0.21997739374637604,-0.02449411153793335,2.2829999923706055,-0.2538600265979767,0.03924752399325371,1.810499906539917,0.26740795373916626,0.06793912500143051,2.559999942779541,-0.12952406704425812,0.08373957872390747,1.6470000743865967
0.013758704997599125,-0.3500745892524719,1.9014999866485596,0.0417284332215786,-0.3830885589122772,1.9124999046325684,-0.019942596554756165,-0.37422776222229004,1.883500099182129,0.14415425062179565,-0.20578524470329285,2.0950000286102295,-0.15823803842067719,-0.16490384936332703,1.9714999198913574,0.22070004045963287,-0.024574577808380127,2.2904999256134033,-0.24895158410072327,0.03350935876369476,1.8174999952316284,0.2549637258052826,0.07623522728681564,2.559999942779541,-0.1439017653465271,0.08869045227766037,1.690500020980835
