0.04091908410191536,-0.23702138662338257,2.4130001068115234,0.08099620044231415,-0.27158036828041077,2.442500114440918,0.01305573433637619,-0.2622828483581543,2.325000047683716,0.19893504679203033,-0.15532241761684418,2.4820001125335693,-0.13316300511360168,-0.17444775998592377,2.5260000228881836,0.2963249385356903,0.08318871259689331,2.7934999465942383,-0.23561866581439972,0.033159542828798294,2.442500114440918,0.18316428363323212,0.16919027268886566,2.7934999465942383,-0.1303253173828125,0.10331996530294418,2.3289999961853027
0.03700920194387436,-0.23702138662338257,2.4130001068115234,0.07703851908445358,-0.27158036828041077,2.442500114440918,0.005521143786609173,-0.2660501301288605,2.325000047683716,0.1949133723974228,-0.15532241761684418,2.4820001125335693,-0.13316300511360168,-0.17444775998592377,2.5260000228881836,0.29179850220680237,0.08318871259689331,2.7934999465942383,-0.24041005969047546,0.03327493742108345,2.4509999752044678,0.17828615009784698,0.1688571572303772,2.7880001068115234,-0.1303253173828125,0.10331996530294418,2.3289999961853027
0.03309931606054306,-0.23702138662338257,2.4130001068115234,0.07308083027601242,-0.27158036828041077,2.442500114440918,0.005521143786609173,-0.2660501301288605,2.325000047683716,0.19089166820049286,-0.15532241761684418,2.4820001125335693,-0.13292577862739563,-0.17413699626922607,2.5215001106262207,0.29122400283813477,0.0785074457526207,2.7880001068115234,-0.24522902071475983,0.03737553954124451,2.4594998359680176,0.17828615009784698,0.1688571572303772,2.7880001068115234,-0.1303253173828125,0.10331996530294418,2.3289999961853027
0.029189428314566612,-0.23702138662338257,2.4130001068115234,0.06912314146757126,-0.27158036828041077,2.442500114440918,0.0017538480460643768,-0.2660501301288605,2.325000047683716,0.1949133723974228,-0.15532241761684418,2.4820001125335693,-0.13292577862739563,-0.17822265625,2.5215001106262207,0.29179850220680237,0.07866231352090836,2.7934999465942383,-0.2492142617702484,0.03737553954124451,2.4594998359680176,0.16858333349227905,0.16819092631340027,2.7769999504089355,-0.13052117824554443,0.10347523540258408,2.3324999809265137
0.029237816110253334,-0.23741428554058075,2.4170000553131104,0.06925048679113388,-0.2720807194709778,2.447000026702881,0.0017538480460643768,-0.2660501301288605,2.325000047683716,0.19119931757450104,-0.15557272732257843,2.4860000610351562,-0.1413489729166031,-0.17444775998592377,2.5260000228881836,0.29237300157546997,0.07881719619035721,2.7990000247955322,-0.24567770957946777,0.03345142677426338,2.4639999866485596,0.16858333349227905,0.16819092631340027,2.7769999504089355,-0.13074500858783722,0.09986679255962372,2.3365001678466797
0.029286202043294907,-0.23780719935894012,2.4210000038146973,0.06925048679113388,-0.2720807194709778,2.447000026702881,-0.0020199422724545,-0.26690834760665894,2.3324999809265137,0.19154539704322815,-0.1518189013004303,2.490499973297119,-0.1413489729166031,-0.17444775998592377,2.5260000228881836,0.2878376543521881,0.07881719619035721,2.7990000247955322,-0.24967025220394135,0.03345142677426338,2.4639999866485596,0.17376863956451416,0.16433967649936676,2.7880001068115234,-0.13565370440483093,0.1007002517580986,2.3559999465942383
0.025452403351664543,-0.2386421263217926,2.429500102996826,0.06563235074281693,-0.2735261619091034,2.4600000381469727,-0.0020264373160898685,-0.2677665650844574,2.3399999141693115,0.18347448110580444,-0.15585432946681976,2.490499973297119,-0.1454419642686844,-0.17444775998592377,2.5260000228881836,0.2878376543521881,0.07881719619035721,2.7990000247955322,-0.2576552927494049,0.03744392469525337,2.4639999866485596,0.16925111413002014,0.15982219576835632,2.7880001068115234,-0.13250766694545746,0.10121315717697144,2.368000030517578
0.025541452690958977,-0.2394770383834839,2.437999963760376,0.061972081661224365,-0.2749716341495514,2.4730000495910645,-0.0020264373160898685,-0.26397499442100525,2.3399999141693115,0.18376918137073517,-0.1561046540737152,2.494500160217285,-0.1454419642686844,-0.17444775998592377,2.5260000228881836,0.2838590443134308,0.07897207140922546,2.804500102996826,-0.2576552927494049,0.03744392469525337,2.4639999866485596,0.16473360359668732,0.16433967649936676,2.7880001068115234,-0.1370355784893036,0.10172607004642487,2.380000114440918
0.025541452690958977,-0.2394770383834839,2.437999963760376,0.061972081661224365,-0.2749716341495514,2.4730000495910645,-0.005827982909977436,-0.26442623138427734,2.3439998626708984,0.18376918137073517,-0.1561046540737152,2.494500160217285,-0.1454419642686844,-0.17444775998592377,2.5260000228881836,0.2850230038166046,0.07929589599370956,2.815999984741211,-0.25412604212760925,0.03351252153515816,2.4685001373291016,0.16473360359668732,0.16433967649936676,2.7880001068115234,-0.13387863337993622,0.10226033627986908,2.3924999237060547
0.021591058000922203,-0.2394770383834839,2.437999963760376,0.061972081661224365,-0.2749716341495514,2.4730000495910645,-0.005818037781864405,-0.26397499442100525,2.3399999141693115,0.1841006875038147,-0.15638625621795654,2.499000072479248,-0.1454419642686844,-0.17444775998592377,2.5260000228881836,0.2810576856136322,0.0840374305844307,2.822000026702881,-0.25859639048576355,0.037580691277980804,2.4730000495910645,0.1599000245332718,0.16852404177188873,2.7825000286102295,-0.13387863337993622,0.1061369776725769,2.3924999237060547
0.021591058000922203,-0.2394770383834839,2.437999963760376,0.061972081661224365,-0.2749716341495514,2.4730000495910645,-0.005818037781864405,-0.26397499442100525,2.3399999141693115,0.18005144596099854,-0.15638625621795654,2.499000072479248,-0.14926856756210327,-0.17413699626922607,2.5215001106262207,0.27589723467826843,0.08385875076055527,2.815999984741211,-0.2550525367259979,0.03363470360636711,2.4774999618530273,0.1595839560031891,0.17269058525562286,2.7769999504089355,-0.13775528967380524,0.10226033627986908,2.3924999237060547
0.021591058000922203,-0.2394770383834839,2.437999963760376,0.061972081661224365,-0.2749716341495514,2.4730000495910645,-0.005818037781864405,-0.26397499442100525,2.3399999141693115,0.18005144596099854,-0.15638625621795654,2.499000072479248,-0.14900216460227966,-0.173826202750206,2.5169999599456787,0.2753583788871765,0.08369496464729309,2.810500144958496,-0.25859639048576355,0.037580691277980804,2.4730000495910645,0.1595839560031891,0.17269058525562286,2.7769999504089355,-0.13775528967380524,0.10226033627986908,2.3924999237060547
0.021591058000922203,-0.2355266660451889,2.437999963760376,0.05796497315168381,-0.2749716341495514,2.4730000495910645,-0.009609638713300228,-0.26397499442100525,2.3399999141693115,0.18005144596099854,-0.15638625621795654,2.499000072479248,-0.14900216460227966,-0.173826202750206,2.5169999599456787,0.2764850854873657,0.0840374305844307,2.822000026702881,-0.25906693935394287,0.03363470360636711,2.4774999618530273,0.1595839560031891,0.17269058525562286,2.7769999504089355,-0.13775528967380524,0.10226033627986908,2.3924999237060547
0.021591058000922203,-0.2355266660451889,2.437999963760376,0.05796497315168381,-0.2749716341495514,2.4730000495910645,-0.005818037781864405,-0.26397499442100525,2.3399999141693115,0.1797272264957428,-0.1561046540737152,2.494500160217285,-0.14900216460227966,-0.173826202750206,2.5169999599456787,0.2753583788871765,0.08369496464729309,2.810500144958496,-0.25639086961746216,0.03381119295954704,2.490499973297119,0.1595839560031891,0.17269058525562286,2.7769999504089355,-0.13637343049049377,0.10123453289270401,2.368499994277954
0.021591058000922203,-0.2355266660451889,2.437999963760376,0.05796497315168381,-0.2749716341495514,2.4730000495910645,-0.009609638713300228,-0.26397499442100525,2.3399999141693115,0.1797272264957428,-0.1561046540737152,2.494500160217285,-0.14900216460227966,-0.173826202750206,2.5169999599456787,0.2742316424846649,0.08335249871015549,2.7990000247955322,-0.2595375180244446,0.037717461585998535,2.4820001125335693,0.1595839560031891,0.16819092631340027,2.7769999504089355,-0.1343006193637848,0.10347523540258408,2.3324999809265137
0.021591058000922203,-0.2355266660451889,2.437999963760376,0.061972081661224365,-0.2709645628929138,2.4730000495910645,-0.005809335503727198,-0.26358017325401306,2.3364999294281006,0.18376918137073517,-0.1561046540737152,2.494500160217285,-0.14492374658584595,-0.173826202750206,2.5169999599456787,0.2747705280780792,0.08351629227399826,2.804500102996826,-0.25639086961746216,0.03381119295954704,2.490499973297119,0.15058457851409912,0.17269058525562286,2.7769999504089355,-0.13363847136497498,0.10296507179737091,2.321000099182129
0.021591058000922203,-0.2394770383834839,2.437999963760376,0.057754021137952805,-0.27397093176841736,2.4639999866485596,-0.005800633225589991,-0.2631853222846985,2.3329999446868896,0.1841006875038147,-0.15638625621795654,2.499000072479248,-0.14492374658584595,-0.173826202750206,2.5169999599456787,0.27589723467826843,0.08385875076055527,2.815999984741211,-0.26178571581840515,0.03804418072104454,2.503499984741211,0.14158520102500916,0.17269058525562286,2.7769999504089355,-0.13254448771476746,0.09839218854904175,2.302000045776367
0.021591058000922203,-0.2355266660451889,2.437999963760376,0.061633773148059845,-0.26948535442352295,2.4594998359680176,-0.005790688097476959,-0.2589603364467621,2.3289999961853027,0.1841006875038147,-0.15638625621795654,2.499000072479248,-0.14492374658584595,-0.173826202750206,2.5169999599456787,0.2747705280780792,0.07897207140922546,2.804500102996826,-0.2545846104621887,0.03410986438393593,2.5124998092651367,0.15058457851409912,0.16819092631340027,2.7769999504089355,-0.13168081641197205,0.10145674645900726,2.2869999408721924
0.025541452690958977,-0.23157629370689392,2.437999963760376,0.0615210086107254,-0.2689923048019409,2.4549999237060547,-0.005780742969363928,-0.2585155963897705,2.325000047683716,0.1841006875038147,-0.15638625621795654,2.499000072479248,-0.14492374658584595,-0.173826202750206,2.5169999599456787,0.2742316424846649,0.08335249871015549,2.7990000247955322,-0.25504058599472046,0.034170959144830704,2.5169999599456787,0.14608488976955414,0.16819092631340027,2.7769999504089355,-0.13168081641197205,0.10145674645900726,2.2869999408721924
0.02155563421547413,-0.23514024913311005,2.434000015258789,0.0615210086107254,-0.2689923048019409,2.4549999237060547,-0.005780742969363928,-0.2585155963897705,2.325000047683716,0.1841006875038147,-0.15638625621795654,2.499000072479248,-0.14109717309474945,-0.17822265625,2.5215001106262207,0.2787669897079468,0.08335249871015549,2.7990000247955322,-0.25504058599472046,0.034170959144830704,2.5169999599456787,0.15088282525539398,0.16401547193527222,2.7825000286102295,-0.1351497620344162,0.10127929598093033,2.2829999923706055
