0.31448251008987427,-0.09189121425151825,0.9355000257492065,0.35499319434165955,-0.11502697318792343,0.9265000224113464,0.2661841809749603,-0.12105659395456314,0.862500011920929,0.47437411546707153,-0.06824298948049545,1.0905001163482666,0.14214366674423218,-0.09894842654466629,1.1180000305175781,0.5334334373474121,0.16296644508838654,1.1779999732971191,0.05918816477060318,0.0862177163362503,1.1990000009536743,0.3659347593784332,0.20761093497276306,1.0384999513626099,0.15838521718978882,0.17924119532108307,1.0804998874664307
0.32003188133239746,-0.08871708810329437,0.9340000152587891,0.3584655523300171,-0.1127292811870575,0.9200000166893005,0.2717466652393341,-0.12042499333620071,0.8580000400543213,0.47791558504104614,-0.0574297234416008,1.0865000486373901,0.14550600945949554,-0.10057970881462097,1.1160000562667847,0.5335244536399841,0.162413090467453,1.1740000247955322,0.0609779991209507,0.0840640738606453,1.1959999799728394,0.3777138292789459,0.20424550771713257,1.0384999513626099,0.15879131853580475,0.17393282055854797,1.0485000610351562
0.3220210075378418,-0.08843213319778442,0.9309999942779541,0.3585003912448883,-0.11033173650503159,0.9125000238418579,0.27559584379196167,-0.12028463184833527,0.8569999933242798,0.4789994955062866,-0.0536358542740345,1.0810000896453857,0.1489221602678299,-0.09863866120576859,1.1145000457763672,0.5354982018470764,0.15996390581130981,1.1699999570846558,0.06281071901321411,0.08392350375652313,1.194000005722046,0.3844447433948517,0.20424550771713257,1.0384999513626099,0.15770323574543,0.1740778535604477,1.0195000171661377
0.3223132789134979,-0.08809968084096909,0.9275000095367432,0.3605496287345886,-0.10813742876052856,0.906499981880188,0.2778858542442322,-0.12007410079240799,0.8554999828338623,0.4833083152770996,-0.05682186409831047,1.0750000476837158,0.1503899097442627,-0.09841739386320114,1.1119999885559082,0.5316078662872314,0.15880177915096283,1.1614999771118164,0.06281071901321411,0.08198881894350052,1.194000005722046,0.3928583562374115,0.20424550771713257,1.0384999513626099,0.15274742245674133,0.1773817241191864,1.0195000171661377
0.3236415386199951,-0.08655013889074326,0.9269999861717224,0.36062073707580566,-0.10625675320625305,0.902999997138977,0.2765865623950958,-0.11675325781106949,0.8514999747276306,0.4764769375324249,-0.054695725440979004,1.0674999952316284,0.14818723499774933,-0.09815187752246857,1.1089999675750732,0.5235265493392944,0.159369558095932,1.1519999504089355,0.06275811791419983,0.08385322242975235,1.193000078201294,0.39191263914108276,0.1987178474664688,1.0360000133514404,0.14613966643810272,0.17903363704681396,1.0195000171661377
0.32040196657180786,-0.0860833078622818,0.921999990940094,0.35796433687210083,-0.1073620393872261,0.8999999761581421,0.2726212441921234,-0.11565634608268738,0.843500018119812,0.4729061424732208,-0.052569083869457245,1.059499979019165,0.15143898129463196,-0.10151639580726624,1.1064999103546143,0.5178108811378479,0.1563408225774765,1.1435000896453857,0.05889198184013367,0.08192015439271927,1.193000078201294,0.3913639783859253,0.1942427158355713,1.0390000343322754,0.1329241693019867,0.18068557977676392,1.0195000171661377
0.3146599233150482,-0.08681736886501312,0.9140000343322754,0.3536669909954071,-0.10694452375173569,0.8964999914169312,0.2685210406780243,-0.11719682067632675,0.8350000381469727,0.4683648943901062,-0.05073235556483269,1.0570000410079956,0.1476527452468872,-0.09958832710981369,1.1050000190734863,0.5132059454917908,0.15236814320087433,1.1414999961853027,0.0530482679605484,0.08378292620182037,1.1920000314712524,0.38705700635910034,0.19292983412742615,1.0410000085830688,0.1296202838420868,0.18729330599308014,1.0195000171661377
0.3116370141506195,-0.0863899290561676,0.909500002861023,0.35017481446266174,-0.10676558315753937,0.8949999809265137,0.26470088958740234,-0.11535827070474625,0.8314999938011169,0.4630076289176941,-0.05584399402141571,1.05649995803833,0.14010941982269287,-0.09753234684467316,1.1019999980926514,0.5090604424476624,0.1429947316646576,1.1405000686645508,0.04335462301969528,0.083712637424469,1.190999984741211,0.38030990958213806,0.19124308228492737,1.0410000085830688,0.12879440188407898,0.1943361759185791,1.0394999980926514
0.30868959426879883,-0.0863899290561676,0.909500002861023,0.34727439284324646,-0.10821577906608582,0.8949999809265137,0.260345458984375,-0.11656522005796432,0.8305000066757202,0.4544481635093689,-0.054132115095853806,1.05649995803833,0.13266529142856598,-0.09909263253211975,1.0994999408721924,0.5010882019996643,0.13678790628910065,1.1349999904632568,0.03548571839928627,0.07951777428388596,1.186000108718872,0.373921662569046,0.19142679870128632,1.0420000553131104,0.11227404326200485,0.18138347566127777,1.0425000190734863
0.2969000041484833,-0.0863899290561676,0.909500002861023,0.338194876909256,-0.10809487104415894,0.8939999938011169,0.25227129459381104,-0.11521954089403152,0.8305000066757202,0.4458887279033661,-0.054132115095853806,1.05649995803833,0.12548193335533142,-0.0901438519358635,1.0989999771118164,0.48821455240249634,0.13862697780132294,1.1349999904632568,0.023854367434978485,0.07726892083883286,1.180999994277954,0.3609333038330078,0.19170235097408295,1.0434999465942383,0.10242486000061035,0.1746157556772232,1.062999963760376
0.288057804107666,-0.0863899290561676,0.909500002861023,0.32479390501976013,-0.10652700066566467,0.8930000066757202,0.24419713020324707,-0.11387384682893753,0.8305000066757202,0.4356173872947693,-0.0524202324450016,1.05649995803833,0.11306805908679962,-0.09374796599149704,1.0994999408721924,0.47718003392219543,0.144144207239151,1.1349999904632568,0.008545375429093838,0.07726892083883286,1.180999994277954,0.3414594829082489,0.19555136561393738,1.0460000038146973,0.09593959152698517,0.1718955636024475,1.0674999952316284
0.28216299414634705,-0.08491624146699905,0.909500002861023,0.3204529881477356,-0.10652700066566467,0.8930000066757202,0.2374686300754547,-0.11387384682893753,0.8305000066757202,0.4236341118812561,-0.054132115095853806,1.05649995803833,0.10233210772275925,-0.09726683050394058,1.0989999771118164,0.4677882790565491,0.14096108078956604,1.1389999389648438,0.0008886163122951984,0.07898139208555222,1.1779999732971191,0.32451069355010986,0.20063596963882446,1.0460000038146973,0.09261011332273483,0.1686728149652481,1.069000005722046
0.26904749870300293,-0.0864374190568924,0.9099999666213989,0.3063260018825531,-0.10809487104415894,0.8939999938011169,0.22670309245586395,-0.11521954089403152,0.8305000066757202,0.4135584235191345,-0.0558704249560833,1.0570000410079956,0.0933433249592781,-0.09717833250761032,1.0980000495910645,0.45296069979667664,0.1433708667755127,1.1434999704360962,-0.01054602675139904,0.07884729653596878,1.1759999990463257,0.31494247913360596,0.2112082690000534,1.0480000972747803,0.08757723122835159,0.1603115350008011,1.071000099182129
0.2607722878456116,-0.08810513466596603,0.9120000004768372,0.29684850573539734,-0.10978851467370987,0.8960000276565552,0.21754486858844757,-0.11535827070474625,0.8314999938011169,0.3968065083026886,-0.05592328682541847,1.058000087738037,0.08088937401771545,-0.09006183594465256,1.0980000495910645,0.4368572533130646,0.14726948738098145,1.1449999809265137,-0.02574634552001953,0.07490865886211395,1.1740000247955322,0.30620771646499634,0.224159374833107,1.0529999732971191,0.0844205766916275,0.15220096707344055,1.0750000476837158
0.2450532615184784,-0.0897793397307396,0.9140000343322754,0.2823302447795868,-0.11124033480882645,0.8960000276565552,0.20443986356258392,-0.11556638032197952,0.8330000042915344,0.38345396518707275,-0.050828348845243454,1.059000015258789,0.0684354230761528,-0.09006183594465256,1.0980000495910645,0.4242404103279114,0.14554119110107422,1.1459999084472656,-0.04085991531610489,0.07471723854541779,1.1710000038146973,0.3038017153739929,0.2300400733947754,1.05649995803833,0.07403817027807236,0.15059906244277954,1.0759999752044678
0.2368132621049881,-0.09299496561288834,0.9164999723434448,0.2736862599849701,-0.11332101374864578,0.9010000228881836,0.19592797756195068,-0.1188337504863739,0.8370000123977661,0.3719957768917084,-0.0563197135925293,1.065500020980835,0.05237545818090439,-0.09531231969594955,1.097000002861023,0.41231855750083923,0.14406044781208038,1.1489999294281006,-0.057837747037410736,0.07648380100727081,1.1689999103546143,0.29422497749328613,0.2340162992477417,1.059000015258789,0.05641917139291763,0.1483713984489441,1.0724999904632568
0.21982905268669128,-0.09335009753704071,0.9199999570846558,0.2591996490955353,-0.11695042252540588,0.906499981880188,0.18356405198574066,-0.12097974866628647,0.8424999713897705,0.3556549847126007,-0.05848200246691704,1.0735000371932983,0.03637782111763954,-0.09531231969594955,1.097000002861023,0.4007103145122528,0.1452515423297882,1.1584999561309814,-0.07292874902486801,0.07831092178821564,1.1679999828338623,0.27917638421058655,0.2326294183731079,1.0605000257492065,0.03898640349507332,0.14642852544784546,1.071000099182129
0.2055901437997818,-0.09664563834667206,0.9229999780654907,0.24371270835399628,-0.11727295815944672,0.909000039100647,0.16934776306152344,-0.12292574346065521,0.846500039100647,0.33730489015579224,-0.05861819535493851,1.0759999752044678,0.023957032710313797,-0.08828271180391312,1.0980000495910645,0.38663193583488464,0.1463172733783722,1.1670000553131104,-0.09161841869354248,0.07244671881198883,1.1649999618530273,0.2596530318260193,0.23016521334648132,1.065000057220459,0.018187200650572777,0.1431579887866974,1.0724999904632568
0.19265034794807434,-0.09540779143571854,0.9254999756813049,0.2292357236146927,-0.11740197241306305,0.9100000262260437,0.1575596034526825,-0.12198492139577866,0.8495000004768372,0.32165366411209106,-0.05894506350159645,1.0820000171661377,0.002610966330394149,-0.09374796599149704,1.0994999408721924,0.3626701533794403,0.14467383921146393,1.1689999103546143,-0.11427079141139984,0.07622209191322327,1.1649999618530273,0.24225258827209473,0.22994104027748108,1.0720000267028809,-0.004404417704790831,0.1414201706647873,1.0724999904632568
0.1737164855003357,-0.09722153842449188,0.9284999966621399,0.21363374590873718,-0.12005218118429184,0.9190000295639038,0.14007636904716492,-0.12234391272068024,0.8519999980926514,0.30200430750846863,-0.06626265496015549,1.0870000123977661,-0.015211610123515129,-0.09022587537765503,1.100000023841858,0.3443164825439453,0.14112655818462372,1.1710000038146973,-0.1326334923505783,0.0740472748875618,1.1605000495910645,0.22585158050060272,0.23097144067287445,1.0850000381469727,-0.02523467130959034,0.14128832519054413,1.0715000629425049
