0.1443922221660614,-0.26160746812820435,1.8015000820159912,0.18592728674411774,-0.29184699058532715,1.8079999685287476,0.12087187170982361,-0.299139142036438,1.7990000247955322,0.2616822123527527,-0.07937710732221603,1.9119999408721924,0.004789740312844515,-0.13275934755802155,2.0169999599456787,0.22127868235111237,0.12444621324539185,1.656000018119812,-0.05419914796948433,0.04385404288768768,2.0230000019073486,0.2004973441362381,0.30117714405059814,1.4824999570846558,-0.11505921185016632,0.13854102790355682,2.117500066757202
0.1475156992673874,-0.27366283535957336,1.8040000200271606,0.1861843764781952,-0.3010513484477997,1.810499906539917,0.12053593248128891,-0.3070283830165863,1.7940000295639038,0.2616822123527527,-0.09486747533082962,1.9119999408721924,0.004789740312844515,-0.1392957717180252,2.0169999599456787,0.22477340698242188,0.11143215000629425,1.6619999408721924,-0.05747710168361664,0.03729817643761635,2.0230000019073486,0.2004973441362381,0.2915685772895813,1.4824999570846558,-0.11829443275928497,0.12803588807582855,2.114000082015991
0.14459259808063507,-0.28243207931518555,1.8040000200271606,0.18644146621227264,-0.3132176995277405,1.812999963760376,0.12053593248128891,-0.3186558485031128,1.7940000295639038,0.2616822123527527,-0.10416170209646225,1.9119999408721924,0.0015192471910268068,-0.14887861907482147,2.0139999389648438,0.2307133823633194,0.10900086909532547,1.6660000085830688,-0.06083013489842415,0.02749832347035408,2.0255000591278076,0.1980951875448227,0.28436216711997986,1.4824999570846558,-0.11829443275928497,0.12118512392044067,2.114000082015991
0.14459259808063507,-0.2941243648529053,1.8040000200271606,0.1866985708475113,-0.3195330500602722,1.815500020980835,0.12040156126022339,-0.3270115256309509,1.7920000553131104,0.26478028297424316,-0.11345592886209488,1.9119999408721924,-0.0017415236216038465,-0.15191535651683807,2.010999917984009,0.23909853398799896,0.10372629016637802,1.6679999828338623,-0.06757714599370956,0.02099120244383812,2.0310001373291016,0.19569304585456848,0.2699492871761322,1.4824999570846558,-0.11454300582408905,0.11400984227657318,2.1080000400543213
0.14459259808063507,-0.30289360880851746,1.8040000200271606,0.18695564568042755,-0.3317560851573944,1.8179999589920044,0.12026717513799667,-0.3353477120399475,1.7899999618530273,0.26787838339805603,-0.11655399948358536,1.9119999408721924,-0.0017415236216038465,-0.16494929790496826,2.010999917984009,0.24479717016220093,0.10385066270828247,1.6699999570846558,-0.07437805086374283,0.014451980590820312,2.0369999408721924,0.19387760758399963,0.2563121020793915,1.4869999885559082,-0.11353776603937149,0.10623791068792343,2.0894999504089355
0.14459259808063507,-0.3087397813796997,1.8040000200271606,0.1840098798274994,-0.33764761686325073,1.8179999589920044,0.11736676841974258,-0.3411484956741333,1.7899999618530273,0.26787838339805603,-0.1258482187986374,1.9119999408721924,-0.005000031553208828,-0.1682077795267105,2.010999917984009,0.2556210458278656,0.1011447086930275,1.6699999570846558,-0.07470667362213135,0.014515833929181099,2.0460000038146973,0.19109296798706055,0.24445785582065582,1.503000020980835,-0.11015205085277557,0.09946654736995697,2.0894999504089355
0.14459259808063507,-0.31458595395088196,1.8040000200271606,0.1840098798274994,-0.34353914856910706,1.8179999589920044,0.1144663542509079,-0.3469493091106415,1.7899999618530273,0.26478028297424316,-0.13204437494277954,1.9119999408721924,-0.005000031553208828,-0.1747247576713562,2.010999917984009,0.26531824469566345,0.1071946769952774,1.6800000667572021,-0.08490058779716492,0.01788332313299179,2.052000045776367,0.18476508557796478,0.22862078249454498,1.5110000371932983,-0.10996754467487335,0.09929993748664856,2.0859999656677246
0.14166949689388275,-0.3204320967197418,1.8040000200271606,0.1840098798274994,-0.3494306802749634,1.8179999589920044,0.1144663542509079,-0.35275009274482727,1.7899999618530273,0.26787838339805603,-0.13514244556427002,1.9119999408721924,-0.0017415236216038465,-0.17798325419425964,2.010999917984009,0.2813365161418915,0.10537421703338623,1.6944999694824219,-0.09155046194791794,0.021208245307207108,2.052000045776367,0.1763613075017929,0.21562983095645905,1.5230000019073486,-0.11622399091720581,0.09214064478874207,2.0769999027252197
0.14166949689388275,-0.32335516810417175,1.8040000200271606,0.18106408417224884,-0.3553222119808197,1.8179999589920044,0.1144663542509079,-0.35855087637901306,1.7899999618530273,0.26717785000801086,-0.13787901401519775,1.906999945640564,-0.008258539251983166,-0.17798325419425964,2.010999917984009,0.28758957982063293,0.10840699821710587,1.6990000009536743,-0.09820035099983215,0.027858087792992592,2.052000045776367,0.17200873792171478,0.19691240787506104,1.5504999160766602,-0.11622399091720581,0.09550607949495316,2.0769999027252197
0.13874639570713043,-0.329201340675354,1.8040000200271606,0.18106408417224884,-0.35826796293258667,1.8179999589920044,0.11459425836801529,-0.36475875973701477,1.7920000553131104,0.26955926418304443,-0.14368125796318054,1.9019999504089355,-0.008258539251983166,-0.18450021743774414,2.010999917984009,0.29802510142326355,0.10643137991428375,1.7114999294281006,-0.10152529180049896,0.027858087792992592,2.052000045776367,0.1713458150625229,0.18916615843772888,1.5910000801086426,-0.11285854130983353,0.09887150675058365,2.0769999027252197
0.13874639570713043,-0.33212441205978394,1.8040000200271606,0.1812632828950882,-0.3645600974559784,1.8199999332427979,0.11472214758396149,-0.3680727481842041,1.7940000295639038,0.26570677757263184,-0.14941169321537018,1.8964999914169312,-0.011517046950757504,-0.1812417358160019,2.010999917984009,0.31004559993743896,0.10303648561239243,1.747999906539917,-0.10817517340183258,0.024533167481422424,2.052000045776367,0.16813668608665466,0.1785021871328354,1.6349999904632568,-0.10548893362283707,0.10496681183576584,2.064499855041504
0.13890022039413452,-0.3354189097881317,1.805999994277954,0.18146248161792755,-0.3649607300758362,1.8220000267028809,0.11181525886058807,-0.3680727481842041,1.7940000295639038,0.2680003046989441,-0.14897838234901428,1.8910000324249268,-0.014775554649531841,-0.18450021743774414,2.010999917984009,0.32121899724006653,0.10771608352661133,1.778499960899353,-0.11432144045829773,0.031046241521835327,2.0429999828338623,0.16224637627601624,0.1620119959115982,1.656000018119812,-0.10108000040054321,0.1071840226650238,2.0429999828338623
0.1390540450811386,-0.33579036593437195,1.8079999685287476,0.17851020395755768,-0.36791297793388367,1.8220000267028809,0.11181525886058807,-0.3709796369075775,1.7940000295639038,0.27034762501716614,-0.14247258007526398,1.8860000371932983,-0.014775554649531841,-0.18450021743774414,2.010999917984009,0.3273809850215912,0.10880626738071442,1.7964999675750732,-0.11398568749427795,0.03755629435181618,2.0369999408721924,0.1580166220664978,0.1442669928073883,1.6679999828338623,-0.09036815166473389,0.11611184477806091,2.0254998207092285
0.13924631476402283,-0.33918827772140503,1.810499906539917,0.17851020395755768,-0.36791297793388367,1.8220000267028809,0.11181525886058807,-0.3709796369075775,1.7940000295639038,0.2730411887168884,-0.1453356295824051,1.883500099182129,-0.014731470495462418,-0.18394973874092102,2.004999876022339,0.33166342973709106,0.11022955924272537,1.8199999332427979,-0.11711359024047852,0.04409249499440193,2.0339999198913574,0.15929017961025238,0.1364758461713791,1.7409999370574951,-0.08308009803295135,0.11836227774620056,2.007999897003174
0.13943858444690704,-0.33965665102005005,1.812999963760376,0.17851020395755768,-0.36791297793388367,1.8220000267028809,0.11197107285261154,-0.3714965879917145,1.7964999675750732,0.27267876267433167,-0.14514271914958954,1.88100004196167,-0.017926450818777084,-0.1833992749452591,1.9989999532699585,0.3355814516544342,0.11451556533575058,1.8415000438690186,-0.12040936946868896,0.04738824814558029,2.0339999198913574,0.15810427069664001,0.12531791627407074,1.8250000476837158,-0.06651240587234497,0.12107082456350327,1.9989999532699585
0.13943858444690704,-0.34259432554244995,1.812999963760376,0.17603972554206848,-0.37188297510147095,1.8270000219345093,0.11197107285261154,-0.37440750002861023,1.7964999675750732,0.27267876267433167,-0.14819055795669556,1.88100004196167,-0.0211655143648386,-0.1833992749452591,1.9989999532699585,0.33822381496429443,0.10940258949995041,1.8559999465942383,-0.11694087088108063,0.05390014871954918,2.0310001373291016,0.13673102855682373,0.10338791459798813,1.8559999465942383,-0.03412177041172981,0.12430986016988754,1.9989999532699585
0.13943858444690704,-0.34259432554244995,1.812999963760376,0.17948995530605316,-0.37290069460868835,1.8320000171661377,0.10921189188957214,-0.3749285340309143,1.7990000247955322,0.26963090896606445,-0.15123841166496277,1.88100004196167,-0.0211655143648386,-0.1833992749452591,1.9989999532699585,0.34141290187835693,0.10739844292402267,1.8734999895095825,-0.12005419284105301,0.05382053181529045,2.0280001163482666,0.12169425934553146,0.09135857224464417,1.8559999465942383,-0.03365236148238182,0.1130162924528122,1.9714999198913574
0.13650090992450714,-0.34259432554244995,1.812999963760376,0.17652149498462677,-0.37586915493011475,1.8320000171661377,0.10921189188957214,-0.3749285340309143,1.7990000247955322,0.26963090896606445,-0.1542862504720688,1.88100004196167,-0.024374058470129967,-0.17993491888046265,1.996500015258789,0.34369081258773804,0.10505906492471695,1.8860000371932983,-0.12334024161100388,0.05053449794650078,2.0280001163482666,0.1247016042470932,0.09135857224464417,1.8559999465942383,-0.02970857545733452,0.10400423407554626,1.9229999780654907
0.13650090992450714,-0.34259432554244995,1.812999963760376,0.17652149498462677,-0.37586915493011475,1.8320000171661377,0.10936366766691208,-0.3754495680332184,1.8015000820159912,0.27267876267433167,-0.1542862504720688,1.88100004196167,-0.02434353716671467,-0.17647866904735565,1.99399995803833,0.3456042408943176,0.10257099568843842,1.8964999914169312,-0.12334024161100388,0.05053449794650078,2.0280001163482666,0.13673102855682373,0.08835123479366302,1.8559999465942383,-0.020106708630919456,0.09962920099496841,1.8989999294281006
0.13668914139270782,-0.3430667519569397,1.815500020980835,0.17355303466320038,-0.37586915493011475,1.8320000171661377,0.1065923348069191,-0.3759705722332001,1.8040000200271606,0.2730411887168884,-0.15143942832946777,1.883500099182129,-0.02434353716671467,-0.1829405426979065,1.99399995803833,0.35106727480888367,0.10018006712198257,1.9094998836517334,-0.12936784327030182,0.04705043137073517,2.0195000171661377,0.14124418795108795,0.08322381228208542,1.8760000467300415,-0.01702968031167984,0.09347517788410187,1.8989999294281006
