0.011340239085257053,-0.5648623108863831,2.0195000171661377,0.05868037790060043,-0.6001248359680176,2.073499917984009,-0.008566540665924549,-0.6138827204704285,2.0859999656677246,0.14114028215408325,-0.34718894958496094,2.264500141143799,-0.17105379700660706,-0.34059080481529236,2.0889999866485596,0.21134015917778015,-0.06695353239774704,2.4860000610351562,-0.2674318850040436,-0.0685621052980423,2.1565001010894775,0.280391663312912,0.22811298072338104,2.9099998474121094,-0.3213442862033844,0.1879885345697403,2.2149999141693115
-0.0049788979813456535,-0.5568625926971436,2.002500057220459,0.03845667839050293,-0.5957577228546143,2.069999933242798,-0.02871536836028099,-0.6110869646072388,2.0764999389648438,0.1221974566578865,-0.34550240635871887,2.253499984741211,-0.1913631707429886,-0.34059080481529236,2.0889999866485596,0.197492316365242,-0.06236852705478668,2.4639999866485596,-0.28140896558761597,-0.06506785750389099,2.1565001010894775,0.2698439061641693,0.23186804354190826,2.8980000019073486,-0.34287863969802856,0.18439950048923492,2.2149999141693115
-0.02741546742618084,-0.5545132160186768,1.9824999570846558,0.01833203062415123,-0.5991118550300598,2.069999933242798,-0.052028726786375046,-0.6049419641494751,2.066999912261963,0.10742459446191788,-0.3413200378417969,2.25,-0.2049027383327484,-0.3372059464454651,2.0889999866485596,0.17809659242630005,-0.05727437138557434,2.4175000190734863,-0.29538604617118835,-0.06506785750389099,2.1565001010894775,0.2505411207675934,0.2407599836587906,2.8919999599456787,-0.35836389660835266,0.1849822700023651,2.2220001220703125
-0.05280598998069763,-0.5512966513633728,1.9709999561309814,-0.0051243482157588005,-0.5965070128440857,2.060999870300293,-0.07514484226703644,-0.6056427359580994,2.058000087738037,0.09269709140062332,-0.3407891094684601,2.246500015258789,-0.2255355417728424,-0.3343004584312439,2.0920000076293945,0.15963955223560333,-0.05629117041826248,2.375999927520752,-0.31129974126815796,-0.06195906922221184,2.1700000762939453,0.23550178110599518,0.2537606656551361,2.880000114440918,-0.3739398121833801,0.1783415824174881,2.2290000915527344
-0.07813689857721329,-0.54975825548172,1.965499997138977,-0.03165516257286072,-0.5930339694023132,2.0490000247955322,-0.09805678576231003,-0.6029941439628601,2.0490000247955322,0.08088495582342148,-0.3370725214481354,2.2220001220703125,-0.24622666835784912,-0.3313852548599243,2.0950000286102295,0.14375416934490204,-0.048427749425172806,2.368000030517578,-0.33039605617523193,-0.06224459409713745,2.180000066757202,0.20712247490882874,0.252280592918396,2.811500072479248,-0.3919984996318817,0.1891767382621765,2.2290000915527344
-0.09684978425502777,-0.5506924390792847,1.9574999809265137,-0.05465460196137428,-0.5937345623970032,2.0399999618530273,-0.12094216048717499,-0.6012284159660339,2.0429999828338623,0.05834876373410225,-0.3282194137573242,2.187000036239624,-0.2631997764110565,-0.32799068093299866,2.0950000286102295,0.12610170245170593,-0.047558583319187164,2.325500011444092,-0.34452542662620544,-0.06577692180871964,2.180000066757202,0.17037180066108704,0.25413987040519714,2.7335000038146973,-0.4064455032348633,0.1855650246143341,2.2290000915527344
-0.12539616227149963,-0.5506924390792847,1.9574999809265137,-0.0807408019900322,-0.5911151766777039,2.0310001373291016,-0.14390304684638977,-0.6003454923629761,2.0399999618530273,0.04389122873544693,-0.3261183500289917,2.1730000972747803,-0.27338361740112305,-0.32799068093299866,2.0950000286102295,0.10177968442440033,-0.03935982286930084,2.2869999408721924,-0.35455232858657837,-0.06567131727933884,2.176500082015991,0.14678877592086792,0.2692210376262665,2.7069997787475586,-0.42450419068336487,0.1855650246143341,2.2290000915527344
-0.14759890735149384,-0.5506924390792847,1.9574999809265137,-0.10690996795892715,-0.5902420282363892,2.0280001163482666,-0.16679587960243225,-0.5961620211601257,2.0369999408721924,0.033075153827667236,-0.3236420750617981,2.1565001010894775,-0.2912575602531433,-0.3221980631351471,2.1015000343322754,0.08285064995288849,-0.039170511066913605,2.2760000228881836,-0.36865901947021484,-0.06567131727933884,2.176500082015991,0.11085277050733566,0.2758883237838745,2.686500072479248,-0.44256290793418884,0.1855650246143341,2.2290000915527344
-0.17664019763469696,-0.552239716053009,1.9630000591278076,-0.13648445904254913,-0.5902420282363892,2.0280001163482666,-0.1865997016429901,-0.599462628364563,2.0369999408721924,0.015484423376619816,-0.31769829988479614,2.140000104904175,-0.2959947884082794,-0.3304956257343292,2.1110000610351562,0.06765025854110718,-0.03524878993630409,2.261000156402588,-0.3757123649120331,-0.06567131727933884,2.176500082015991,0.08254239708185196,0.2772318720817566,2.617000102996826,-0.457009881734848,0.1855650246143341,2.2290000915527344
-0.19572457671165466,-0.552239716053009,1.9630000591278076,-0.1527262181043625,-0.5927963852882385,2.0255000591278076,-0.20640352368354797,-0.599462628364563,2.0369999408721924,0.0016071283025667071,-0.31283581256866455,2.130500078201294,-0.3115839958190918,-0.3325308859348297,2.124000072479248,0.04901591315865517,-0.03138265758752823,2.246500015258789,-0.38981905579566956,-0.06567131727933884,2.176500082015991,0.05964086577296257,0.2695515751838684,2.5444998741149902,-0.4714568555355072,0.1891767382621765,2.2290000915527344
-0.21948887407779694,-0.5560376048088074,1.9765000343322754,-0.17849624156951904,-0.5911867022514343,2.0199999809265137,-0.22587420046329498,-0.6018755435943604,2.0339999198913574,-0.01548825018107891,-0.31294766068458557,2.1080000400543213,-0.31996655464172363,-0.3340964913368225,2.134000062942505,0.03424079716205597,-0.02395230159163475,2.2325000762939453,-0.3962342143058777,-0.06204472854733467,2.1730000972747803,0.03860429301857948,0.28295186161994934,2.5169999599456787,-0.4786803424358368,0.1747298538684845,2.2290000915527344
-0.239368736743927,-0.5575848817825317,1.9819999933242798,-0.20051051676273346,-0.588552713394165,2.011000156402588,-0.24235306680202484,-0.6018755435943604,2.0339999198913574,-0.028971202671527863,-0.3110177218914032,2.0950000286102295,-0.3342670798301697,-0.3345661759376526,2.13700008392334,0.023241885006427765,-0.027396803721785545,2.2185001373291016,-0.4027194380760193,-0.06547518819570541,2.1700000762939453,0.021679619327187538,0.2791617214679718,2.447999954223633,-0.48666679859161377,0.17862160503864288,2.2325000762939453
-0.2569083571434021,-0.5608201026916504,1.993499994277954,-0.21712645888328552,-0.5894306898117065,2.0139999389648438,-0.2588319480419159,-0.6018755435943604,2.0339999198913574,-0.04254966974258423,-0.31441229581832886,2.0950000286102295,-0.3416713774204254,-0.33850333094596863,2.140000104904175,0.012320120818912983,-0.027094246819615364,2.194000005722046,-0.4027194380760193,-0.06547518819570541,2.1700000762939453,0.0017689348896965384,0.27501532435417175,2.3450000286102295,-0.4962245523929596,0.17219290137290955,2.243000030517578
-0.2754562199115753,-0.5690017938613892,2.011000156402588,-0.23240013420581818,-0.5932942628860474,2.005000114440918,-0.27161386609077454,-0.607569694519043,2.0310001373291016,-0.05935228243470192,-0.32028159499168396,2.0889999866485596,-0.34513893723487854,-0.34197086095809937,2.140000104904175,0.005153067409992218,-0.03031398542225361,2.1700000762939453,-0.4027194380760193,-0.07250743359327316,2.1700000762939453,-0.013429874554276466,0.27121561765670776,2.3450000286102295,-0.4998590052127838,0.1685584932565689,2.243000030517578
-0.2897813320159912,-0.5715482234954834,2.0199999809265137,-0.24864406883716583,-0.5900455117225647,2.005000114440918,-0.2844270169734955,-0.6035348773002625,2.0285000801086426,-0.06899122893810272,-0.3111855983734131,2.073499917984009,-0.3526498079299927,-0.34253016114234924,2.1435000896453857,-0.008870435878634453,-0.030174288898706436,2.1600000858306885,-0.4097517430782318,-0.06899131089448929,2.1700000762939453,-0.039097510278224945,0.27233508229255676,2.2905001640319824,-0.501418948173523,0.16543878614902496,2.25
-0.3098794221878052,-0.5723971128463745,2.0230000019073486,-0.2677355706691742,-0.5891626477241516,2.002000093460083,-0.3041481673717499,-0.6035348773002625,2.0285000801086426,-0.08181416243314743,-0.3121940791606903,2.058000087738037,-0.3567045331001282,-0.34308943152427673,2.1470000743865967,-0.022870192304253578,-0.023174455389380455,2.1600000858306885,-0.4103182256221771,-0.06908669322729111,2.1730000972747803,-0.057088129222393036,0.28435954451560974,2.2680001258850098,-0.5021989345550537,0.1656961292028427,2.253499984741211
-0.3229912221431732,-0.5723971128463745,2.0230000019073486,-0.2802906334400177,-0.5882797241210938,1.9989999532699585,-0.317295640707016,-0.6035348773002625,2.0285000801086426,-0.0979132130742073,-0.3103736937046051,2.0460000038146973,-0.35959622263908386,-0.34600335359573364,2.1435000896453857,-0.04006150737404823,-0.022997429594397545,2.1435000896453857,-0.4145057797431946,-0.07272462546825409,2.176500082015991,-0.07498034089803696,0.2898443639278412,2.253499984741211,-0.4985474646091461,0.1656961292028427,2.253499984741211
-0.33610305190086365,-0.5723971128463745,2.0230000019073486,-0.2928801476955414,-0.5875440239906311,1.996500015258789,0,0,0,-0.11052203923463821,-0.31184908747673035,2.0339999198913574,-0.35959622263908386,-0.34600335359573364,2.1435000896453857,-0.060431934893131256,-0.0159275084733963,2.127000093460083,-0.4081076681613922,-0.0728415697813034,2.180000066757202,-0.09673850983381271,0.28939419984817505,2.25,-0.49808046221733093,0.15941248834133148,2.2680001258850098
-0.3492148518562317,-0.5723971128463745,2.0230000019073486,-0.30582019686698914,-0.5875440239906311,1.996500015258789,0,0,0,-0.12628287076950073,-0.3100859522819519,2.0225000381469727,-0.36306941509246826,-0.34600335359573364,2.1435000896453857,-0.07720785588026047,-0.008981521241366863,2.114500045776367,-0.4116399884223938,-0.07637389004230499,2.180000066757202,-0.12149818241596222,0.3020857572555542,2.2360000610351562,-0.5001822710037231,0.15755723416805267,2.2944998741149902
-0.36232665181159973,-0.5756750702857971,2.0230000019073486,-0.3187602460384369,-0.5907790064811707,1.996500015258789,0,0,0,-0.13859887421131134,-0.30506429076194763,2.011000156402588,-0.3624765872955322,-0.34890586137771606,2.140000104904175,-0.09266585111618042,-0.005456807091832161,2.077000141143799,-0.4081076681613922,-0.07990621775388718,2.180000066757202,-0.15001174807548523,0.30836352705955505,2.2290000915527344,-0.5001554489135742,0.15615251660346985,2.3289999961853027
