0.025055095553398132,-0.283984512090683,1.4774999618530273,0.05612078309059143,-0.3195703625679016,1.4759999513626099,-0.003717079758644104,-0.31399446725845337,1.4950000047683716,0.21679408848285675,-0.11849673837423325,1.6029999256134033,-0.10585805028676987,-0.11412308365106583,1.6524999141693115,0.428745836019516,0.022916167974472046,1.5080000162124634,-0.1724332869052887,0.1488099843263626,1.7874999046325684,0.29225096106529236,-0.08855003863573074,1.4149999618530273,-0.1834120750427246,0.3932805359363556,1.753999948501587
0.025114446878433228,-0.28465721011161804,1.4809999465942383,0.05612078309059143,-0.3195703625679016,1.4759999513626099,-0.0037220523227006197,-0.31441453099250793,1.496999979019165,0.22458630800247192,-0.11070457100868225,1.6029999256134033,-0.10608226805925369,-0.11436480283737183,1.656000018119812,0.4315889775753021,0.02060846798121929,1.5180000066757202,-0.1784752905368805,0.14901810884475708,1.7899999618530273,0.28766539692878723,-0.07937896996736526,1.4149999618530273,-0.18625415861606598,0.390438437461853,1.753999948501587
0.025114446878433228,-0.28705695271492004,1.4809999465942383,0.05642496421933174,-0.3237070143222809,1.4839999675750732,-0.0037270248867571354,-0.31726348400115967,1.4989999532699585,0.2323785424232483,-0.11070457100868225,1.6029999256134033,-0.1062103807926178,-0.1198759377002716,1.6579999923706055,0.4348585903644562,0.025721188634634018,1.5295000076293945,-0.17267446219921112,0.1432173252105713,1.7899999618530273,0.2867819368839264,-0.08758005499839783,1.3994998931884766,-0.1864665448665619,0.3851930797100067,1.75600004196167
0.027551332488656044,-0.28984755277633667,1.4830000400543213,0.05928543955087662,-0.3262155055999756,1.4954999685287476,-0.0012994311982765794,-0.3175809383392334,1.500499963760376,0.23107385635375977,-0.11008302122354507,1.593999981880188,-0.1008373349905014,-0.1171894297003746,1.6579999923706055,0.439195454120636,0.028319327160716057,1.5360000133514404,-0.17626146972179413,0.14086565375328064,1.7969999313354492,0.2957771122455597,-0.09589101374149323,1.3884999752044678,-0.1866789162158966,0.3799346685409546,1.7580000162124634
0.02757919766008854,-0.29014068841934204,1.4844999313354492,0.05948365107178688,-0.32973748445510864,1.500499963760376,-0.001306359306909144,-0.3217184245586395,1.5084999799728394,0.23305310308933258,-0.10095430165529251,1.5724999904632568,-0.10095896571874619,-0.1200205385684967,1.659999966621399,0.4396919310092926,0.02851291559636593,1.5464999675750732,-0.17129158973693848,0.13279220461845398,1.805999994277954,0.3160257041454315,-0.1161394864320755,1.3884999752044678,-0.186944380402565,0.37476977705955505,1.7604999542236328
0.02757919766008854,-0.2925460934638977,1.4844999313354492,0.05954311415553093,-0.33006712794303894,1.5019999742507935,-0.0013119882205501199,-0.3231046795845032,1.5149999856948853,0.23305310308933258,-0.10605023801326752,1.5724999904632568,-0.09557943046092987,-0.12271028757095337,1.659999966621399,0.42154452204704285,0.03367634862661362,1.5534999370574951,-0.17171838879585266,0.1272558569908142,1.810499906539917,0.3430238366127014,-0.14313745498657227,1.3884999752044678,-0.1872098594903946,0.369588702917099,1.7630000114440918
0.027634931728243828,-0.2955475151538849,1.4874999523162842,0.059662044048309326,-0.33072638511657715,1.5049999952316284,-0.0013132872991263866,-0.3234245777130127,1.5164999961853027,0.225409135222435,-0.11114618182182312,1.5724999904632568,-0.09850600361824036,-0.12570221722126007,1.6640000343322754,0.41785067319869995,0.03631002455949783,1.558500051498413,-0.17195549607276917,0.12155625224113464,1.812999963760376,0.3767715394496918,-0.15663644671440125,1.3884999752044678,-0.19028213620185852,0.36428821086883545,1.7649999856948853
0.022891102358698845,-0.2941226363182068,1.4924999475479126,0.05747057497501373,-0.3321547508239746,1.5115000009536743,-0.003790426766499877,-0.32513073086738586,1.5245000123977661,0.2228611558675766,-0.11369415372610092,1.5724999904632568,-0.09874279052019119,-0.12870709598064423,1.6679999828338623,0.4137271046638489,0.02879869006574154,1.562000036239624,-0.17489318549633026,0.12155625224113464,1.812999963760376,0.41802000999450684,-0.16368012130260468,1.3910000324249268,-0.1904977411031723,0.35897472500801086,1.7669999599456787
0.02067163959145546,-0.29942193627357483,1.5069999694824219,0.05520343407988548,-0.33325353264808655,1.5164999961853027,-0.006287332158535719,-0.32899773120880127,1.531000018119812,0.2177651822566986,-0.11369415372610092,1.5724999904632568,-0.0988611951470375,-0.1288614273071289,1.6700000762939453,0.40158578753471375,0.018698768690228462,1.5640000104904175,-0.17827224731445312,0.12185796350240707,1.8174999952316284,0.45848730206489563,-0.17524075508117676,1.4114999771118164,-0.1909828931093216,0.35414808988571167,1.7714999914169312
0.018362848088145256,-0.30160748958587646,1.5180000066757202,0.05038842186331749,-0.33637484908103943,1.5195000171661377,-0.008796710520982742,-0.33007219433784485,1.5360000133514404,0.22144447267055511,-0.1222272738814354,1.6180000305175781,-0.0988611951470375,-0.13156737387180328,1.6700000762939453,0.403896689414978,0.01625758595764637,1.5729999542236328,-0.17871364951133728,0.11920743435621262,1.8220000267028809,0.4980367422103882,-0.17574484646320343,1.4535000324249268,-0.1914680302143097,0.35504770278930664,1.7760000228881836
0.015955550596117973,-0.305068701505661,1.5230000019073486,0.0479736253619194,-0.33917146921157837,1.5210000276565552,-0.01133698783814907,-0.331576406955719,1.5429999828338623,0.22395113110542297,-0.1266087144613266,1.6759999990463257,-0.10156716406345367,-0.13427333533763885,1.6700000762939453,0.39889535307884216,0.016366109251976013,1.5835000276565552,-0.17600256204605103,0.11050211638212204,1.8245000839233398,0.5117401480674744,-0.16210758686065674,1.4795000553131104,-0.18933363258838654,0.3535580337047577,1.7829999923706055
0.013549761846661568,-0.3089499771595001,1.5299999713897705,0.04310114309191704,-0.33961743116378784,1.5230000019073486,-0.013868562877178192,-0.33483439683914185,1.5464999675750732,0.21631909906864166,-0.12691089510917664,1.6800000667572021,-0.10489752143621445,-0.13779953122138977,1.6800000667572021,0.3937918543815613,0.019057439640164375,1.593999981880188,-0.1764848828315735,0.11080493777990341,1.8294999599456787,0.5262119174003601,-0.1649997979402542,1.5285000801086426,-0.19007694721221924,0.3520457148551941,1.7899999618530273
0.011117670685052872,-0.3102625012397766,1.5364999771118164,0.04315774142742157,-0.3400634229183197,1.524999976158142,-0.01644853688776493,-0.3388671278953552,1.5534999370574951,0.2113768458366394,-0.12721306085586548,1.684000015258789,-0.10800404846668243,-0.13829165697097778,1.6859999895095825,0.38255035877227783,0.021735280752182007,1.6009999513626099,-0.18537813425064087,0.11080493777990341,1.8294999599456787,0.5218591094017029,-0.1692097932100296,1.5674999952316284,-0.19028933346271515,0.34953543543815613,1.7920000553131104
0.00863643828779459,-0.31305745244026184,1.5379999876022339,0.040686722844839096,-0.3425344228744507,1.524999976158142,-0.01907561533153057,-0.34083032608032227,1.5625,0.20616407692432404,-0.1273641437292099,1.6859999895095825,-0.1107359454035759,-0.1355597823858261,1.6859999895095825,0.36439117789268494,0.02432943321764469,1.6009999513626099,-0.19156837463378906,0.1109563559293747,1.8320000171661377,0.48592114448547363,-0.15210694074630737,1.5744999647140503,-0.19050170481204987,0.34701865911483765,1.7940000295639038
0.006150344852358103,-0.31585729122161865,1.5394999980926514,0.03850388154387474,-0.3476071059703827,1.5364999771118164,-0.02170420065522194,-0.34490036964416504,1.5694999694824219,0.19896644353866577,-0.13349755108356476,1.6944999694824219,-0.11373703926801682,-0.1440964788198471,1.690000057220459,0.3440670967102051,0.02955460734665394,1.6029999256134033,-0.1933460384607315,0.10599397867918015,1.8489999771118164,0.43448227643966675,-0.1366693526506424,1.5729999542236328,-0.19076716899871826,0.3416803777217865,1.7964999675750732
0.0036807621363550425,-0.3180115520954132,1.5499999523162842,0.033851854503154755,-0.3510006070137024,1.5514999628067017,-0.024409541860222816,-0.34976786375045776,1.5799999237060547,0.19467398524284363,-0.13985009491443634,1.7049999237060547,-0.11981339007616043,-0.14482121169567108,1.6984999179840088,0.3507734537124634,0.03253309056162834,1.621999979019165,-0.19947460293769836,0.10159748047590256,1.878499984741211,0.38519608974456787,-0.11856347322463989,1.5694999694824219,-0.19129811227321625,0.33387428522109985,1.8015000820159912
-0.0013531232252717018,-0.32057619094848633,1.5625,0.029186204075813293,-0.35541215538978577,1.5709999799728394,-0.03234383836388588,-0.3525350093841553,1.5924999713897705,0.190313458442688,-0.14071135222911835,1.715499997138977,-0.12886157631874084,-0.14571648836135864,1.7089999914169312,0.3362695276737213,0.030255218967795372,1.6410000324249268,-0.20999416708946228,0.10227353125810623,1.8910000324249268,0.3478231132030487,-0.09334004670381546,1.5729999542236328,-0.19156357645988464,0.33141452074050903,1.8040000200271606
-0.009048699401319027,-0.3241666257381439,1.5799999237060547,0.019239861518144608,-0.35982370376586914,1.590499997138977,-0.03779901564121246,-0.35530218482017517,1.6050000190734863,0.17490047216415405,-0.1445365697145462,1.7279999256134033,-0.13569749891757965,-0.14712335169315338,1.7254999876022339,0.3332708179950714,0.0277896448969841,1.6524999141693115,-0.21760806441307068,0.09680640697479248,1.9040000438690186,0.31243759393692017,-0.09342905879020691,1.5744999647140503,-0.19230689108371735,0.32976606488227844,1.8109999895095825
-0.019502907991409302,-0.3277570903301239,1.597499966621399,0.011587992310523987,-0.35971730947494507,1.6015000343322754,-0.04875720664858818,-0.3593975603580475,1.6234999895095825,0.15810076892375946,-0.1445365697145462,1.7279999256134033,-0.14798769354820251,-0.14823178946971893,1.7384999990463257,0.33466243743896484,0.025628725066781044,1.6864999532699585,-0.22530622780323029,0.10057355463504791,1.9170000553131104,0.2948596477508545,-0.10117899626493454,1.5759999752044678,-0.19305020570755005,0.32514917850494385,1.8179999589920044
-0.03255709633231163,-0.3236907124519348,1.6029999256134033,0.0012193957809358835,-0.3578479290008545,1.616499900817871,-0.060046494007110596,-0.3587171137332916,1.6445000171661377,0.1553008109331131,-0.14733649790287018,1.7279999256134033,-0.15742842853069305,-0.1491696983575821,1.749500036239624,0.33921194076538086,0.026190992444753647,1.7235000133514404,-0.23499198257923126,0.10384198278188705,1.9200000762939453,0.282449334859848,-0.11153493821620941,1.5780000686645508,-0.19352805614471436,0.3230009377002716,1.8224999904632568
