-0.2310272455215454,-0.24893192946910858,1.815500020980835,-0.20449723303318024,-0.29427069425582886,1.8415000438690186,-0.2674899399280548,-0.27650925517082214,1.8034999370574951,-0.042819198220968246,-0.09687695652246475,1.9524999856948853,-0.3818252980709076,-0.055820267647504807,1.9550000429153442,0.1502303183078766,0.03613339737057686,1.8015000820159912,-0.4351797103881836,0.23150821030139923,2.0894999504089355,0.0235590860247612,-0.11026328057050705,1.7174999713897705,-0.41415879130363464,0.47910740971565247,2.0199999809265137
-0.23541004955768585,-0.247355118393898,1.8040000200271606,-0.209379181265831,-0.28978416323661804,1.8320000171661377,-0.2726525068283081,-0.275819331407547,1.7990000247955322,-0.0519486628472805,-0.10249077528715134,1.9390000104904175,-0.3849930763244629,-0.055820267647504807,1.9550000429153442,0.1456349492073059,0.03283640742301941,1.781000018119812,-0.43930721282958984,0.23012326657772064,2.0769999027252197,-0.006958774756640196,-0.08133015036582947,1.6944999694824219,-0.419455349445343,0.48747435212135315,2.0139999389648438
-0.23998574912548065,-0.24605251848697662,1.7944999933242798,-0.2144346386194229,-0.28859782218933105,1.8245000839233398,-0.2780954837799072,-0.2725251019001007,1.7964999675750732,-0.061200108379125595,-0.09280133247375488,1.933500051498413,-0.3928820788860321,-0.052437059581279755,1.9470000267028809,0.14342711865901947,0.03233860433101654,1.753999948501587,-0.44528651237487793,0.23645497858524323,2.073499917984009,-0.02285890094935894,-0.06862466782331467,1.652999997138977,-0.41820570826530457,0.4892756938934326,2.007999897003174
-0.2409985065460205,-0.24124792218208313,1.7804999351501465,-0.2168547660112381,-0.2849369943141937,1.8199999332427979,-0.28249505162239075,-0.271159827709198,1.787500023841858,-0.07019725441932678,-0.09227336943149567,1.9225000143051147,-0.39591118693351746,-0.0488772839307785,1.930999994277954,0.13934269547462463,0.037686727941036224,1.7384999990463257,-0.44594162702560425,0.24504803121089935,2.060999870300293,-0.027618322521448135,-0.06192823499441147,1.6180000305175781,-0.4175809621810913,0.49179354310035706,2.005000114440918
-0.23950961232185364,-0.2368903011083603,1.7695000171661377,-0.21841491758823395,-0.28313660621643066,1.808500051498413,-0.2810727059841156,-0.2669127881526947,1.7785000801086426,-0.06662853062152863,-0.08855538815259933,1.909500002861023,-0.3967669606208801,-0.045487817376852036,1.9200000762939453,0.14146460592746735,0.045911990106105804,1.7300000190734863,-0.44139784574508667,0.24916213750839233,2.0399999618530273,-0.01952732540667057,-0.06122015044093132,1.5994999408721924,-0.4087255001068115,0.5018932819366455,1.993499994277954
-0.23490385711193085,-0.23514993488788605,1.756500005722046,-0.21405471861362457,-0.28125786781311035,1.7964999675750732,-0.27506256103515625,-0.2639112174510956,1.758500099182129,-0.05499621480703354,-0.08620932698249817,1.7374999523162842,-0.39037540555000305,-0.042023640125989914,1.9040000438690186,0.14130106568336487,0.05705864727497101,1.7280000448226929,-0.4355153739452362,0.2509825527667999,2.0280001163482666,-0.006568639539182186,-0.07417875528335571,1.5994999408721924,-0.4020374119281769,0.5072210431098938,1.9765000343322754
-0.2274499535560608,-0.2305184006690979,1.7430000305175781,-0.20429328083992004,-0.27695250511169434,1.787500023841858,-0.2666831910610199,-0.25846388936042786,1.7410000562667847,-0.04195544496178627,-0.0650128424167633,1.565999984741211,-0.38413745164871216,-0.03862153738737106,1.8884999752044678,0.14355897903442383,0.06800162047147751,1.721500039100647,-0.42651084065437317,0.24955929815769196,2.0164999961853027,0.02453220635652542,-0.08972908556461334,1.5994999408721924,-0.39453125,0.509003221988678,1.9709999561309814
-0.2180977463722229,-0.2267797291278839,1.7359999418258667,-0.19727902114391327,-0.26949113607406616,1.7764999866485596,-0.26006653904914856,-0.25468844175338745,1.7345000505447388,-0.036468397825956345,-0.06679540872573853,1.5485000610351562,-0.37396466732025146,-0.032415490597486496,1.883500099182129,0.13991095125675201,0.07590401917695999,1.7109999656677246,-0.42291519045829773,0.2539350986480713,1.999500036239624,0.06599999964237213,-0.10787113010883331,1.5994999408721924,-0.3870607912540436,0.5139524340629578,1.965499997138977
-0.2061311900615692,-0.22038957476615906,1.7300000190734863,-0.18195977807044983,-0.2652618885040283,1.7674999237060547,-0.24581202864646912,-0.24882841110229492,1.7135000228881836,-0.02392289787530899,-0.059268154203891754,1.5485000610351562,-0.35537225008010864,-0.026067230850458145,1.8659999370574951,0.1478816419839859,0.08679019659757614,1.7070000171661377,-0.4088280200958252,0.2596984803676605,1.99399995803833,0.10487605631351471,-0.10527940839529037,1.5994999408721924,-0.37385720014572144,0.521600067615509,1.9465000629425049
-0.19305936992168427,-0.21551117300987244,1.7135000228881836,-0.1683817356824875,-0.2563036382198334,1.745500087738037,-0.22908732295036316,-0.24303646385669708,1.6924999952316284,-0.02392289787530899,-0.05424998700618744,1.5485000610351562,-0.34129080176353455,-0.0316496342420578,1.8389999866485596,0.15617941319942474,0.08679019659757614,1.7070000171661377,-0.3872673511505127,0.2635144293308258,1.9505000114440918,0.21272562444210052,-0.15143771469593048,2.245500087738037,-0.3599022626876831,0.5213989615440369,1.9224998950958252
-0.17760856449604034,-0.21087242662906647,1.6984999179840088,-0.14915654063224792,-0.24969972670078278,1.7195000648498535,-0.2108110785484314,-0.2355164736509323,1.6779999732971191,-0.003850099164992571,-0.05174090340733528,1.5485000610351562,-0.31790563464164734,-0.025487495586276054,1.8245000839233398,0.17191462218761444,0.0946144312620163,1.6985000371932983,-0.3539537489414215,0.2532467544078827,1.874500036239624,0.26002582907676697,-0.1696300059556961,2.245500087738037,-0.3410133123397827,0.5163816809654236,1.9040000438690186
-0.15773755311965942,-0.2073238492012024,1.6920000314712524,-0.13147668540477753,-0.2451186180114746,1.7070000171661377,-0.1908642053604126,-0.23168767988681793,1.6699999570846558,0.016296032816171646,-0.041893091052770615,1.5555000305175781,-0.29566389322280884,-0.01653207652270794,1.815000057220459,0.19204789400100708,0.10187150537967682,1.6820000410079956,-0.3328935503959656,0.25184062123298645,1.8420000076293945,0.3255184292793274,-0.16235308349132538,2.245500087738037,-0.3268602788448334,0.5166020393371582,1.8935000896453857
-0.1354835480451584,-0.20683372020721436,1.687999963760376,-0.10605263710021973,-0.24114589393138885,1.6984999179840088,-0.1688111275434494,-0.2284332513809204,1.6659998893737793,0.03315575048327446,-0.04154948890209198,1.6414999961853027,-0.2704122066497803,-0.013505058363080025,1.8034999370574951,0.21425892412662506,0.10078132152557373,1.6640000343322754,-0.3115774095058441,0.25447943806648254,1.8394999504089355,0.37318798899650574,-0.18619123101234436,2.2260000705718994,-0.3068225681781769,0.5199775695800781,1.883500099182129
-0.11007915437221527,-0.20264765620231628,1.6759999990463257,-0.08106792718172073,-0.23776216804981232,1.694000005722046,-0.14619901776313782,-0.22685645520687103,1.6545000076293945,0.06039812043309212,-0.04114041104912758,1.7365000247955322,-0.24289347231388092,-0.01343766413629055,1.7944999933242798,0.2404729276895523,0.11264879256486893,1.6405000686645508,-0.28616827726364136,0.2530960142612457,1.8294999599456787,0.4381118714809418,-0.18258437514305115,2.2260000705718994,-0.27787214517593384,0.5202525854110718,1.873500108718872
-0.07649676501750946,-0.19736722111701965,1.6545000076293945,-0.04807279258966446,-0.23748145997524261,1.6920000314712524,-0.11271925270557404,-0.22425125539302826,1.6354999542236328,0.09697654098272324,-0.029885584488511086,1.7365000247955322,-0.21533524990081787,-0.0017953418428078294,1.7829999923706055,0.2619789242744446,0.11952032893896103,1.625499963760376,-0.25484153628349304,0.25732582807540894,1.8174999952316284,0.4994288384914398,-0.14651577174663544,2.2260000705718994,-0.25290969014167786,0.5309745073318481,1.868499994277954
-0.04380405694246292,-0.1897425651550293,1.6349999904632568,-0.017787927761673927,-0.23035289347171783,1.6800000667572021,-0.08005259186029434,-0.21660837531089783,1.6180000305175781,0.13074122369289398,-0.021444465965032578,1.7365000247955322,-0.1817024201154709,0.0010826685465872288,1.7649999856948853,0.2978418469429016,0.13486555218696594,1.6200000047683716,-0.22745734453201294,0.2592683434486389,1.810499906539917,0.37119174003601074,-0.08905971050262451,1.5429999828338623,-0.22445347905158997,0.5311441421508789,1.8585000038146973
-0.009274916723370552,-0.1800713837146759,1.619499921798706,0.020128970965743065,-0.22276659309864044,1.6640000343322754,-0.043040499091148376,-0.20986269414424896,1.6064999103546143,0.16169218719005585,-0.010189639404416084,1.7365000247955322,-0.14608928561210632,0.009577473625540733,1.749500036239624,0.33077025413513184,0.15408511459827423,1.6015000343322754,-0.19177596271038055,0.26447659730911255,1.805999994277954,0.3750109374523163,-0.07581459730863571,1.527999997138977,-0.189063161611557,0.5278324484825134,1.8364999294281006
0.02209135703742504,-0.17907068133354187,1.6104999780654907,0.05740691348910332,-0.21828491985797882,1.6505000591278076,-0.011737419292330742,-0.20868699252605438,1.597499966621399,0.20389805734157562,-0.007375933695584536,1.7365000247955322,-0.1084253191947937,0.012320012785494328,1.7365000247955322,0.3647317886352539,0.1673772782087326,1.5799999237060547,-0.16233260929584503,0.27002984285354614,1.8040000200271606,0.3677808344364166,-0.05040435865521431,1.5084999799728394,-0.16060243546962738,0.5341514348983765,1.8174999952316284
0.058424998074769974,-0.1758585125207901,1.6050000190734863,0.0948481559753418,-0.2156105786561966,1.6505000591278076,0.024179445579648018,-0.2033892273902893,1.5764999389648438,0.22697754204273224,-0.0017314024735242128,1.7195000648498535,-0.07700590044260025,0.00944882445037365,1.7260000705718994,0.3980136513710022,0.17249752581119537,1.5799999237060547,-0.12949299812316895,0.2773309051990509,1.7944999933242798,0.35567528009414673,-0.037423644214868546,1.4784998893737793,-0.1332491934299469,0.5307716727256775,1.805999994277954
0.09439093619585037,-0.17762522399425507,1.597499966621399,0.12827999889850616,-0.2133897989988327,1.6334999799728394,0.05667770653963089,-0.20339633524417877,1.556999921798706,0.2661129832267761,-0.0017142846481874585,1.7024999856948853,-0.04590718820691109,0.006603955756872892,1.7135000228881836,0.4331413805484772,0.1878875344991684,1.559000015258789,-0.0908753052353859,0.277739942073822,1.778499960899353,0.34047433733940125,-0.020179055631160736,1.4444999694824219,-0.10543220490217209,0.543624997138977,1.781000018119812
