-0.21845456957817078,-0.20280253887176514,1.6334999799728394,-0.19192752242088318,-0.23978449404239655,1.6330000162124634,-0.2484515905380249,-0.22527052462100983,1.6050000190734863,-0.0014908169396221638,-0.15515048801898956,1.7214999198913574,-0.31417250633239746,-0.1610788255929947,1.8199999332427979,0.11689132452011108,0.0667000561952591,1.9254999160766602,-0.3840494751930237,0.06985265016555786,1.843999981880188,-0.05977574363350868,0.206178218126297,1.8884999752044678,-0.29207688570022583,0.12715156376361847,1.6920000314712524
-0.21825896203517914,-0.19758255779743195,1.6124999523162842,-0.19655531644821167,-0.23370273411273956,1.627500057220459,-0.24909700453281403,-0.22093571722507477,1.5924999713897705,-0.0014886519638821483,-0.1521398425102234,1.718999981880188,-0.315117746591568,-0.15420028567314148,1.808500051498413,0.11344638466835022,0.07584264874458313,1.9200000762939453,-0.386092871427536,0.0756433829665184,1.8394999504089355,-0.07163447141647339,0.21421784162521362,1.878499984741211,-0.29615318775177,0.12382174283266068,1.684000015258789
-0.21390759944915771,-0.1933979094028473,1.5994999408721924,-0.18998825550079346,-0.23212315142154694,1.616499900817871,-0.24512341618537903,-0.21712130308151245,1.5835000276565552,0.0012952073011547327,-0.1463986039161682,1.7170000076293945,-0.3130268156528473,-0.1444443315267563,1.7964999675750732,0.11592001467943192,0.07852190732955933,1.909500002861023,-0.3890734910964966,0.07266277819871902,1.8394999504089355,-0.062170300632715225,0.219132661819458,1.868499994277954,-0.29471102356910706,0.12478438764810562,1.6605000495910645
-0.2131720781326294,-0.18240168690681458,1.5940001010894775,-0.18740259110927582,-0.2212131917476654,1.5945000648498535,-0.24373024702072144,-0.21078485250473022,1.5745000839233398,0.004047651309520006,-0.13980908691883087,1.7044999599456787,-0.31023892760276794,-0.14027287065982819,1.7804999351501465,0.11742471903562546,0.0896841287612915,1.8840000629425049,-0.3899228274822235,0.07819657027721405,1.8294999599456787,-0.0762946829199791,0.23119884729385376,1.8440001010894775,-0.2905060946941376,0.12451934069395065,1.621999979019165
-0.20683200657367706,-0.17880357801914215,1.5850000381469727,-0.18034954369068146,-0.21636717021465302,1.5780000686645508,-0.23719638586044312,-0.20228596031665802,1.5485000610351562,0.0039942204020917416,-0.12706196308135986,1.681999921798706,-0.3096067011356354,-0.1358446180820465,1.7604999542236328,0.1128239557147026,0.09750440716743469,1.8585000038146973,-0.38438141345977783,0.08585207164287567,1.8034999370574951,-0.06940363347530365,0.234087735414505,1.8199999332427979,-0.28874221444129944,0.13182690739631653,1.5834999084472656
-0.202008455991745,-0.17174966633319855,1.5674999952316284,-0.1748470664024353,-0.21078483760356903,1.5744999647140503,-0.22835476696491241,-0.19648702442646027,1.5230000019073486,0.01471876073628664,-0.11747214943170547,1.6619999408721924,-0.29882586002349854,-0.1263469159603119,1.747499942779541,0.12136641889810562,0.1091078594326973,1.8509999513626099,-0.3775612413883209,0.09006961435079575,1.7714999914169312,-0.06906042993068695,0.24760226905345917,1.8109999895095825,-0.28011807799339294,0.13527193665504456,1.5640000104904175
-0.18695399165153503,-0.16459651291370392,1.5479999780654907,-0.16100995242595673,-0.20431075990200043,1.563999891281128,-0.2168339043855667,-0.1901051253080368,1.5115000009536743,0.02268805168569088,-0.11154664307832718,1.6540000438690186,-0.2881714105606079,-0.12821747362613678,1.7345000505447388,0.13199448585510254,0.11689324676990509,1.8320000171661377,-0.3677109479904175,0.09402566403150558,1.7384999990463257,-0.06835495680570602,0.2595951557159424,1.7925000190734863,-0.2816583216190338,0.13732153177261353,1.558500051498413
-0.17554935812950134,-0.16332058608531952,1.5360000133514404,-0.14701104164123535,-0.20248189568519592,1.5499999523162842,-0.20546209812164307,-0.1910892128944397,1.5,0.03062600828707218,-0.10583348572254181,1.6484999656677246,-0.28075850009918213,-0.12181904911994934,1.7235000133514404,0.13924631476402283,0.1301894634962082,1.810499906539917,-0.3563496172428131,0.09808312356472015,1.7109999656677246,-0.053412191569805145,0.2633311450481415,1.7785000801086426,-0.27033740282058716,0.13921868801116943,1.5514999628067017
-0.1570979654788971,-0.16225729882717133,1.5260000228881836,-0.13066500425338745,-0.20052239298820496,1.534999966621399,-0.18763190507888794,-0.19026117026805878,1.493499994277954,0.04383493959903717,-0.10015597194433212,1.6430000066757202,-0.2623941898345947,-0.11830127239227295,1.7130000591278076,0.15039709210395813,0.1384529173374176,1.8034999370574951,-0.34599828720092773,0.0947536900639534,1.7009999752044678,-0.03566454350948334,0.2713809311389923,1.75600004196167,-0.2622026801109314,0.1414128988981247,1.5479999780654907
-0.14350175857543945,-0.16087502241134644,1.5130000114440918,-0.11434673517942429,-0.1956484466791153,1.5164999961853027,-0.1687491089105606,-0.18809549510478973,1.4765000343322754,0.05931684374809265,-0.0993330255150795,1.6295000314712524,-0.24916450679302216,-0.12005201727151871,1.6985000371932983,0.1635446399450302,0.14301729202270508,1.787500023841858,-0.32626524567604065,0.09383456408977509,1.684499979019165,-0.03217442333698273,0.27162790298461914,1.7214999198913574,-0.24804843962192535,0.13800731301307678,1.5379999876022339
-0.12257900089025497,-0.16159939765930176,1.496999979019165,-0.09406435489654541,-0.1967993527650833,1.506500005722046,-0.1493254154920578,-0.1871335804462433,1.4505000114440918,0.0771547332406044,-0.09065471589565277,1.6160000562667847,-0.23367130756378174,-0.12463226169347763,1.686000108718872,0.17558635771274567,0.14391370117664337,1.7630000114440918,-0.31113526225090027,0.08988820761442184,1.6619999408721924,-0.020735956728458405,0.2707509994506836,1.6985000371932983,-0.23158034682273865,0.1420617252588272,1.527999997138977
-0.10217443853616714,-0.16003413498401642,1.4824999570846558,-0.07156852632761002,-0.1953623741865158,1.4954999685287476,-0.1282733529806137,-0.1862180382013321,1.4255000352859497,0.0977686271071434,-0.09034617245197296,1.6105000972747803,-0.2187068909406662,-0.12389303743839264,1.6759999990463257,0.1992982178926468,0.15097005665302277,1.745500087738037,-0.30123281478881836,0.09202415496110916,1.6519999504089355,-0.012372966855764389,0.2738969027996063,1.684000015258789,-0.22566451132297516,0.14392274618148804,1.5214999914169312
-0.07686129957437515,-0.15738938748836517,1.4579999446868896,-0.048678167164325714,-0.1911167949438095,1.4630000591278076,-0.10627874732017517,-0.18412789702415466,1.409500002861023,0.11757689714431763,-0.09211879223585129,1.5959999561309814,-0.19713528454303741,-0.12230371683835983,1.6545000076293945,0.21490514278411865,0.15845005214214325,1.7345000505447388,-0.283532053232193,0.09415636211633682,1.6424999237060547,0.006703655701130629,0.28379666805267334,1.6779999732971191,-0.21374648809432983,0.14743481576442719,1.5069999694824219
-0.056788887828588486,-0.15189027786254883,1.4285000562667847,-0.024477548897266388,-0.18268129229545593,1.434000015258789,-0.0853893980383873,-0.18113446235656738,1.4040000438690186,0.14359904825687408,-0.07787369191646576,1.5694999694824219,-0.17075936496257782,-0.11277639865875244,1.6330000162124634,0.23639120161533356,0.16976740956306458,1.7070000171661377,-0.26544588804244995,0.09341113269329071,1.629499912261963,0.028353380039334297,0.2909094989299774,1.6719999313354492,-0.20113664865493774,0.15019595623016357,1.4860000610351562
-0.033371467143297195,-0.143779456615448,1.4170000553131104,0.0010760705918073654,-0.17710304260253906,1.4264999628067017,-0.06214902177453041,-0.17745819687843323,1.3930000066757202,0.1665532886981964,-0.06420329213142395,1.5464999675750732,-0.15360282361507416,-0.10921993851661682,1.619499921798706,0.255621075630188,0.174205482006073,1.6700000762939453,-0.24876131117343903,0.10362152010202408,1.6239999532699585,0.05205816403031349,0.29251745343208313,1.6505000591278076,-0.1777149885892868,0.15588334202766418,1.471500039100647
-0.012568244710564613,-0.13766492903232574,1.4014999866485596,0.02413937821984291,-0.1698109656572342,1.4235000610351562,-0.04094884544610977,-0.169281467795372,1.3634999990463257,0.18557454645633698,-0.061358340084552765,1.5379999876022339,-0.13142238557338715,-0.1056414246559143,1.6050000190734863,0.27303507924079895,0.17953936755657196,1.6445000171661377,-0.22793006896972656,0.10253681242465973,1.6069999933242798,0.0660412609577179,0.29921603202819824,1.6004999876022339,-0.16951879858970642,0.15492993593215942,1.4625000953674316
0.012163789011538029,-0.13046351075172424,1.3734999895095825,0.048363715410232544,-0.1613682210445404,1.3905000686645508,-0.01836456172168255,-0.158418670296669,1.3280000686645508,0.20665089786052704,-0.05353178828954697,1.527999997138977,-0.11184229701757431,-0.09921985119581223,1.5855000019073486,0.2876967787742615,0.18759562075138092,1.621999979019165,-0.20821119844913483,0.10821974277496338,1.5759999752044678,0.08415818214416504,0.30020788311958313,1.5520000457763672,-0.1557294875383377,0.14834195375442505,1.4444999694824219
0.025191910564899445,-0.1266040802001953,1.3559999465942383,0.06249791383743286,-0.15505287051200867,1.3550000190734863,-0.0011327265528962016,-0.15603284537792206,1.308000087738037,0.21795454621315002,-0.05023729056119919,1.503499984741211,-0.0979980081319809,-0.09821857511997223,1.5694999694824219,0.2983208894729614,0.19216592609882355,1.5945000648498535,-0.1928386688232422,0.09921888262033463,1.5550000667572021,0.10786210000514984,0.3012056052684784,1.531499981880188,-0.1468546837568283,0.14649346470832825,1.4265000820159912
0.04030291736125946,-0.12358120083808899,1.347000002861023,0.07703359425067902,-0.1490495204925537,1.340499997138977,0.011415453627705574,-0.1516776978969574,1.2890000343322754,0.22909119725227356,-0.04708576947450638,1.4809999465942383,-0.08723794668912888,-0.09250930696725845,1.559000015258789,0.30528560280799866,0.19609272480010986,1.5640000104904175,-0.1815260499715805,0.1035541221499443,1.5444999933242798,0.12441525608301163,0.3066348731517792,1.5214999914169312,-0.13621024787425995,0.14271648228168488,1.4119999408721924
0.052843522280454636,-0.11797696352005005,1.3329999446868896,0.08919256180524826,-0.145453080534935,1.3275001049041748,0.021595710888504982,-0.14572679996490479,1.2734999656677246,0.24644489586353302,-0.04197227209806442,1.4700000286102295,-0.07376990467309952,-0.0914708822965622,1.5415000915527344,0.31941068172454834,0.19891026616096497,1.5464999675750732,-0.17023852467536926,0.10278308391571045,1.5329999923706055,0.13383540511131287,0.3080844283103943,1.5164999961853027,-0.13084198534488678,0.1418573409318924,1.403499960899353
