0.02944345958530903,-0.2311963587999344,2.434000015258789,0.06528551131486893,-0.268115758895874,2.447000026702881,-0.002016911283135414,-0.2589603364467621,2.3289999961853027,0.1841006875038147,-0.15638625621795654,2.499000072479248,-0.14162877202033997,-0.1747930645942688,2.5310001373291016,0.2838590443134308,0.08351629227399826,2.804500102996826,-0.25185954570770264,0.034293144941329956,2.5260000228881836,0.1602160930633545,0.15982219576835632,2.7880001068115234,-0.13491296768188477,0.09740912169218063,2.2790000438690186
0.029395073652267456,-0.23081642389297485,2.430000066757202,0.06528551131486893,-0.26415079832077026,2.447000026702881,-0.002016911283135414,-0.2589603364467621,2.3289999961853027,0.1841006875038147,-0.15638625621795654,2.499000072479248,-0.14162877202033997,-0.1747930645942688,2.5310001373291016,0.2838590443134308,0.08351629227399826,2.804500102996826,-0.2514108717441559,0.0383177176117897,2.5215001106262207,0.1602160930633545,0.15982219576835632,2.7880001068115234,-0.13122020661830902,0.10110185295343399,2.2790000438690186
0.029395073652267456,-0.23081642389297485,2.430000066757202,0.06925048679113388,-0.26415079832077026,2.447000026702881,-0.0020234063267707825,-0.2597942650318146,2.3364999294281006,0.18814989924430847,-0.15233705937862396,2.499000072479248,-0.14162877202033997,-0.17889413237571716,2.5310001373291016,0.28896886110305786,0.08368007093667984,2.809999942779541,-0.2514108717441559,0.0383177176117897,2.5215001106262207,0.1602160930633545,0.16433967649936676,2.7880001068115234,-0.1386057287454605,0.10110185295343399,2.2790000438690186
0.029395073652267456,-0.23081642389297485,2.430000066757202,0.06912314146757126,-0.26366502046585083,2.442500114440918,-0.0020234063267707825,-0.2597942650318146,2.3364999294281006,0.19219915568828583,-0.15233705937862396,2.499000072479248,-0.14601773023605347,-0.17513836920261383,2.5360000133514404,0.28896886110305786,0.08368007093667984,2.809999942779541,-0.2514108717441559,0.0383177176117897,2.5215001106262207,0.1644086241722107,0.16401547193527222,2.7825000286102295,-0.1386057287454605,0.10110185295343399,2.2790000438690186
0.02944345958530903,-0.2311963587999344,2.434000015258789,0.06899578869342804,-0.2631792426109314,2.437999963760376,-0.0020264373160898685,-0.2601834237575531,2.3399999141693115,0.18814989924430847,-0.15638625621795654,2.499000072479248,-0.14190855622291565,-0.17513836920261383,2.5360000133514404,0.2941487729549408,0.08385875076055527,2.815999984741211,-0.2554965615272522,0.0383177176117897,2.5215001106262207,0.16925111413002014,0.15982219576835632,2.7880001068115234,-0.1351497620344162,0.10127929598093033,2.2829999923706055
0.02944345958530903,-0.2311963587999344,2.434000015258789,0.06899578869342804,-0.2631792426109314,2.437999963760376,0.001768180401995778,-0.2606281638145447,2.3439998626708984,0.19219915568828583,-0.15233705937862396,2.499000072479248,-0.14190855622291565,-0.17513836920261383,2.5360000133514404,0.29352203011512756,0.08368007093667984,2.809999942779541,-0.2545846104621887,0.03410986810922623,2.512500047683716,0.16925111413002014,0.1688571572303772,2.7880001068115234,-0.13145050406455994,0.10127929598093033,2.2829999923706055
0.03338737413287163,-0.23514024913311005,2.434000015258789,0.06888258457183838,-0.2666913568973541,2.434000015258789,0.005566262174397707,-0.26442623138427734,2.3439998626708984,0.19185306131839752,-0.1561046540737152,2.494500160217285,-0.13779936730861664,-0.17513836920261383,2.5360000133514404,0.2987116575241089,0.08385875076055527,2.815999984741211,-0.25680267810821533,0.03386550024151802,2.494500160217285,0.17828615009784698,0.1688571572303772,2.7880001068115234,-0.13145050406455994,0.10127929598093033,2.2829999923706055
0.03338737413287163,-0.2311963587999344,2.434000015258789,0.07282650470733643,-0.2666913568973541,2.434000015258789,0.005566262174397707,-0.2606281638145447,2.3439998626708984,0.1955416053533554,-0.15178842842578888,2.490000009536743,-0.13369017839431763,-0.17513836920261383,2.5360000133514404,0.30451303720474243,0.08420120924711227,2.8274998664855957,-0.2563394010066986,0.02976977825164795,2.490000009536743,0.18846337497234344,0.1698867827653885,2.805000066757202,-0.12861861288547516,0.09824258834123611,2.2985000610351562
0.03733128681778908,-0.23514024913311005,2.434000015258789,0.07689657807350159,-0.2671296298503876,2.437999963760376,0.005566262174397707,-0.2606281638145447,2.3439998626708984,0.1995762437582016,-0.15582303702831268,2.490000009536743,-0.13342659175395966,-0.17069199681282043,2.5310001373291016,0.3032745122909546,0.08385875076055527,2.815999984741211,-0.251443475484848,0.029668156057596207,2.4815001487731934,0.19417819380760193,0.18006153404712677,2.822000026702881,-0.1294579803943634,0.09138642996549606,2.313499927520752
0.04127519577741623,-0.23514024913311005,2.434000015258789,0.07689657807350159,-0.2671296298503876,2.437999963760376,0.009364343248307705,-0.2606281638145447,2.3439998626708984,0.19925564527511597,-0.15154458582401276,2.4860000610351562,-0.13342659175395966,-0.17069199681282043,2.5310001373291016,0.30451303720474243,0.08878270536661148,2.8274998664855957,-0.2501262426376343,0.03351252153515816,2.4685001373291016,0.1987507939338684,0.18006153404712677,2.822000026702881,-0.12965382635593414,0.07650744915008545,2.316999912261963
0.041207365691661835,-0.23475381731987,2.430000066757202,0.08099620044231415,-0.267622709274292,2.442500114440918,0.013097848743200302,-0.2593494951725006,2.3324999809265137,0.19857434928417206,-0.1510264277458191,2.4774999618530273,-0.124754399061203,-0.16596564650535583,2.5215001106262207,0.30783742666244507,0.08842161297798157,2.815999984741211,-0.24567770957946777,0.03345142677426338,2.4639999866485596,0.19832822680473328,0.17967869341373444,2.815999984741211,-0.12965382635593414,0.07275314629077911,2.316999912261963
0.04506119713187218,-0.2343190759420395,2.42549991607666,0.08114542067050934,-0.268115758895874,2.447000026702881,0.013078195042908192,-0.2589603364467621,2.3289999961853027,0.20660316944122314,-0.1510264277458191,2.4774999618530273,-0.12453175336122513,-0.16566944122314453,2.5169999599456787,0.3032745122909546,0.08842161297798157,2.815999984741211,-0.2395763397216797,0.03711720183491707,2.442500114440918,0.1884297877550125,0.178944930434227,2.804500102996826,-0.11503230035305023,0.06923706829547882,2.3249998092651367
0.044977594166994095,-0.23388434946537018,2.4210000038146973,0.08511039614677429,-0.268115758895874,2.447000026702881,0.016768762841820717,-0.257681667804718,2.317500114440918,0.2109576165676117,-0.15127027034759521,2.4815001487731934,-0.12408646196126938,-0.1650770604610443,2.507999897003174,0.30783742666244507,0.08842161297798157,2.815999984741211,-0.23277291655540466,0.044488631188869476,2.4130001068115234,0.19751830399036407,0.178944930434227,2.804500102996826,-0.0924285277724266,0.0730043426156044,2.3249998092651367
0.04890044033527374,-0.23388434946537018,2.4210000038146973,0.08922097831964493,-0.26855403184890747,2.4509999752044678,0.02045748382806778,-0.2568477392196655,2.309999942779541,0.21497850120067596,-0.15127027034759521,2.4815001487731934,-0.1159588173031807,-0.1650770604610443,2.507999897003174,0.30783742666244507,0.08842161297798157,2.815999984741211,-0.22304201126098633,0.04411066696047783,2.3924999237060547,0.193765327334404,0.18424156308174133,2.815999984741211,-0.08166748285293579,0.06590626388788223,2.3404998779296875
0.05273601785302162,-0.22958159446716309,2.4170000553131104,0.0931924432516098,-0.26855403184890747,2.4509999752044678,0.02045748382806778,-0.2568477392196655,2.309999942779541,0.2153683453798294,-0.15154458582401276,2.4860000610351562,-0.1159588173031807,-0.16101327538490295,2.507999897003174,0.3071815073490143,0.09278633445501328,2.809999942779541,-0.21692101657390594,0.04749590903520584,2.368000030517578,0.193765327334404,0.18424156308174133,2.815999984741211,-0.07029026001691818,0.07349103689193726,2.3404998779296875
0.052648745477199554,-0.23702138662338257,2.4130001068115234,0.0931924432516098,-0.27252545952796936,2.4509999752044678,0.02045748382806778,-0.26059070229530334,2.309999942779541,0.21939651668071747,-0.15154458582401276,2.4860000610351562,-0.11189500242471695,-0.1650770604610443,2.507999897003174,0.3071815073490143,0.09278633445501328,2.809999942779541,-0.21508891880512238,0.04709475859999657,2.3480000495910645,0.1892024427652359,0.18424156308174133,2.815999984741211,-0.04374338686466217,0.0886605829000473,2.3404998779296875
0.056558627635240555,-0.23311151564121246,2.4130001068115234,0.10113535076379776,-0.27252545952796936,2.4509999752044678,0.027943462133407593,-0.26059070229530334,2.309999942779541,0.22418861091136932,-0.15206274390220642,2.494500160217285,-0.10376737266778946,-0.16914084553718567,2.507999897003174,0.30929404497146606,0.09657739102840424,2.7880001068115234,-0.21056444942951202,0.04693429917097092,2.3399999141693115,0.17934128642082214,0.18348915874958038,2.804500102996826,-0.04007899761199951,0.09655378013849258,2.3480000495910645
0.060468513518571854,-0.23311151564121246,2.4130001068115234,0.10130040347576141,-0.2689923048019409,2.4549999237060547,0.027846690267324448,-0.25968822836875916,2.302000045776367,0.2286422699689865,-0.15233705937862396,2.499000072479248,-0.10395355522632599,-0.16944432258605957,2.5124998092651367,0.3119543790817261,0.09600582718849182,2.7715001106262207,-0.2061101347208023,0.05056329816579819,2.3324999809265137,0.18352492153644562,0.18312931060791016,2.7990000247955322,-0.028616473078727722,0.10398539900779724,2.3439998626708984
0.060468513518571854,-0.23311151564121246,2.4130001068115234,0.10113535076379776,-0.26855403184890747,2.4509999752044678,0.0316864550113678,-0.26059070229530334,2.309999942779541,0.2286422699689865,-0.15233705937862396,2.499000072479248,-0.1000613421201706,-0.173826202750206,2.5169999599456787,0.3100971579551697,0.09989827126264572,2.755000114440918,-0.2061101347208023,0.05434272065758705,2.3324999809265137,0.17411142587661743,0.17824305593967438,2.7934999465942383,-0.02481839247047901,0.10398539900779724,2.3439998626708984
0.06828828901052475,-0.23311151564121246,2.4130001068115234,0.10493528097867966,-0.268115758895874,2.447000026702881,0.03548312559723854,-0.25723689794540405,2.313499927520752,0.22459302842617035,-0.1482878476381302,2.499000072479248,-0.09581133723258972,-0.1735154241323471,2.5124998092651367,0.30829620361328125,0.09488000720739365,2.738999843597412,-0.20133313536643982,0.05783558636903763,2.321000099182129,0.1734258383512497,0.18204976618289948,2.7825000286102295,-0.02481839247047901,0.10398539900779724,2.3439998626708984
