0.24205327033996582,-0.3740570843219757,1.9795000553131104,0.2820907235145569,-0.4179287254810333,2.0369999408721924,0.2064780741930008,-0.3993609845638275,1.9465000629425049,0.3845789432525635,-0.2036733627319336,2.073499917984009,0.0920703113079071,-0.21437188982963562,2.1470000743865967,0.5427606701850891,0.053282663226127625,2.2870001792907715,0.04787042737007141,-0.009319203905761242,2.194000005722046,0.31213051080703735,0.027980269864201546,2.060999870300293,0.03565950691699982,0.11821160465478897,2.325000047683716
0.2612980902194977,-0.3740570843219757,1.9795000553131104,0.30189454555511475,-0.4179287254810333,2.0369999408721924,0.2256915271282196,-0.39987391233444214,1.9490000009536743,0.39734625816345215,-0.20332956314086914,2.069999933242798,0.10979609191417694,-0.21502089500427246,2.1535000801086426,0.5687007904052734,0.053282663226127625,2.2870001792907715,0.06920061260461807,-0.016429219394922256,2.194000005722046,0.33216768503189087,0.02464076690375805,2.060999870300293,0.04696139320731163,0.11444433778524399,2.325000047683716
0.28375035524368286,-0.3740570843219757,1.9795000553131104,0.32596272230148315,-0.4149537980556488,2.0225000381469727,0.2477978616952896,-0.39987391233444214,1.9490000009536743,0.4135166108608246,-0.19968564808368683,2.066999912261963,0.13812699913978577,-0.2156699001789093,2.1600000858306885,0.590600848197937,0.05590440705418587,2.243499994277954,0.08711451292037964,-0.016455428674817085,2.197499990463257,0.3573167026042938,0.024533167481422424,2.052000045776367,0.062030576169490814,0.11067706346511841,2.325000047683716
0.3053518235683441,-0.3730177879333496,1.9739999771118164,0.34220775961875916,-0.4108504354953766,2.002500057220459,0.2699041962623596,-0.39987391233444214,1.9490000009536743,0.4430159032344818,-0.1993958204984665,2.063999891281128,0.1591266393661499,-0.2156699001789093,2.1600000858306885,0.6051816344261169,0.06169648841023445,2.190999984741211,0.10135731846094131,-0.012894749641418457,2.197499990463257,0.37947845458984375,0.031091829761862755,2.0460000038146973,0.08086705207824707,0.11444433778524399,2.325000047683716
0.33001819252967834,-0.3719784617424011,1.9684998989105225,0.3666028678417206,-0.4058755338191986,1.99399995803833,0.29562291502952576,-0.4004894196987152,1.9520000219345093,0.4664266109466553,-0.1993958204984665,2.063999891281128,0.18041814863681793,-0.2125137895345688,2.1635000705718994,0.630154013633728,0.06453192979097366,2.1670000553131104,0.1262822300195694,-0.012894749641418457,2.197499990463257,0.4035137891769409,0.030651133507490158,2.0169999599456787,0.1034708246588707,0.11067706346511841,2.325000047683716
0.35508379340171814,-0.3683204650878906,1.965999960899353,0.39186012744903564,-0.4020388126373291,1.9909999370574951,0.3218303918838501,-0.4016178250312805,1.9574999809265137,0.4965260624885559,-0.1927071064710617,2.063999891281128,0.20880027115345,-0.20934630930423737,2.1670000553131104,0.654731810092926,0.06384700536727905,2.1440000534057617,0.15501435101032257,-0.009348937310278416,2.2009999752044678,0.4228430390357971,0.04303028807044029,1.9850000143051147,0.12585769593715668,0.11048665642738342,2.321000099182129
0.38056856393814087,-0.3651348948478699,1.965999960899353,0.4196266531944275,-0.3976109027862549,1.9850000143051147,0.34818053245544434,-0.3963848650455475,1.9630000591278076,0.5291996598243713,-0.18240848183631897,2.060999870300293,0.2368905246257782,-0.19881252944469452,2.1670000553131104,0.6608385443687439,0.0688963383436203,2.0865001678466797,0.1835453361272812,-0.0022162352688610554,2.2009999752044678,0.46208104491233826,0.05238743871450424,1.9739999771118164,0.152183398604393,0.11800823360681534,2.321000099182129
0.40543368458747864,-0.3645777106285095,1.9630000591278076,0.4384661018848419,-0.391116201877594,1.968500018119812,0.3730553686618805,-0.3957790732383728,1.9600000381469727,0.5617759823799133,-0.17880834639072418,2.058000087738037,0.2649807631969452,-0.2023237943649292,2.1670000553131104,0.6831610798835754,0.07108207046985626,2.052000045776367,0.2120763212442398,-0.0022162352688610554,2.2009999752044678,0.4798078238964081,0.06455419212579727,1.9549999237060547,0.17444710433483124,0.11780484765768051,2.316999912261963
0.4333969056606293,-0.3608447015285492,1.9600000381469727,0.46641993522644043,-0.38783785700798035,1.9520000219345093,0.3979540765285492,-0.39527425169944763,1.9574999809265137,0.583412766456604,-0.1749621033668518,2.052000045776367,0.2930710017681122,-0.19881252944469452,2.1670000553131104,0.6981422901153564,0.06727834790945053,2.0374999046325684,0.23273202776908875,0.004900829866528511,2.194000005722046,0.5086076259613037,0.07364075630903244,1.944000005722046,0.19697310030460358,0.12531346082687378,2.316999912261963
0.46068334579467773,-0.35983213782310486,1.9544999599456787,0.4909674823284149,-0.38724178075790405,1.9490000009536743,0.4221391975879669,-0.39100074768066406,1.9520000219345093,0.6091204881668091,-0.17802637815475464,2.0490000247955322,0.32116127014160156,-0.19530126452445984,2.1670000553131104,0.7194603681564331,0.06650237739086151,2.0139999389648438,0.26742637157440186,0.008428860455751419,2.187000036239624,0.536266565322876,0.08612954616546631,1.941499948501587,0.22700776159763336,0.12155916541814804,2.316999912261963
0.4846513867378235,-0.35881954431533813,1.9490000009536743,0.5162318348884583,-0.38724178075790405,1.9490000009536743,0.4506053924560547,-0.39100074768066406,1.9520000219345093,0.6319582462310791,-0.17368315160274506,2.0370001792907715,0.34868744015693665,-0.19148024916648865,2.1635000705718994,0.7315180897712708,0.06259533762931824,1.993499994277954,0.2957758605480194,0.004885193891823292,2.187000036239624,0.5615262389183044,0.09505032747983932,1.930999994277954,0.26369476318359375,0.1211656853556633,2.309499979019165
0.5061076879501343,-0.36151325702667236,1.9465000629425049,0.5408016443252563,-0.3898990750312805,1.9465000629425049,0.47590866684913635,-0.3941636383533478,1.9520000219345093,0.6612105369567871,-0.1727026104927063,2.0255000591278076,0.37962278723716736,-0.19817030429840088,2.1600000858306885,0.7529903650283813,0.05902274325489998,1.9819999933242798,0.3236066699028015,0.004877375904470682,2.183500051498413,0.5950180888175964,0.10427465289831161,1.9279999732971191,0.28521859645843506,0.12077221274375916,2.302000045776367
0.5268288850784302,-0.36687639355659485,1.941499948501587,0.5621566772460938,-0.39254820346832275,1.944000005722046,0.4980489909648895,-0.4004894196987152,1.9520000219345093,0.6735062599182129,-0.17576739192008972,2.0230000019073486,0.39362257719039917,-0.19817030429840088,2.1600000858306885,0.7626456618309021,0.05216185748577118,1.965499997138977,0.34428203105926514,0.0048695579171180725,2.180000066757202,0.6231342554092407,0.10739865899085999,1.9279999732971191,0.3113287687301636,0.11704219877719879,2.302000045776367
0.5450016260147095,-0.3664039969444275,1.9390000104904175,0.584206223487854,-0.3956981301307678,1.944000005722046,0.5170264840126038,-0.4004894196987152,1.9520000219345093,0.6931739449501038,-0.1724894493818283,2.0230000019073486,0.41812214255332947,-0.20167024433612823,2.1600000858306885,0.7647353410720825,0.04850364848971367,1.9465000629425049,0.36606287956237793,0.0013393807457759976,2.183500051498413,0.6392150521278381,0.11628613620996475,1.9200000762939453,0.32997891306877136,0.12077221274375916,2.302000045776367
0.5575689077377319,-0.3695457875728607,1.9390000104904175,0.5968060493469238,-0.3956981301307678,1.944000005722046,0.5288640260696411,-0.4061899483203888,1.9490000009536743,0.709563672542572,-0.17576739192008972,2.0230000019073486,0.4321218729019165,-0.2051701545715332,2.1600000858306885,0.7690626978874207,0.04523317888379097,1.941499948501587,0.3796054720878601,-0.0021950900554656982,2.180000066757202,0.6551401615142822,0.1312919706106186,1.9119999408721924,0.3448990285396576,0.10585219413042068,2.302000045776367
0.572391152381897,-0.3721109926700592,1.9359999895095825,0.6094058752059937,-0.3988480567932129,1.944000005722046,0.540107011795044,-0.405147910118103,1.944000005722046,0.7193975448608398,-0.18232324719429016,2.0230000019073486,0.44262170791625977,-0.20867006480693817,2.1600000858306885,0.7668391466140747,0.04491865634918213,1.9279999732971191,0.3937348425388336,-0.009259738028049469,2.180000066757202,0.6710860133171082,0.1431206613779068,1.9045000076293945,0.3567078411579132,0.10229963064193726,2.305999994277954
0.5786651372909546,-0.3721109926700592,1.9359999895095825,0.6131719350814819,-0.4003436863422394,1.9359999895095825,0.5450016260147095,-0.4072476923465729,1.9390000104904175,0.7268505692481995,-0.18583053350448608,2.0255000591278076,0.4496215879917145,-0.21216998994350433,2.1600000858306885,0.755304753780365,0.04116600379347801,1.8990000486373901,0.39726722240448,-0.01632438413798809,2.180000066757202,0.6783789396286011,0.15501537919044495,1.8989999294281006,0.36418089270591736,0.09109017252922058,2.305999994277954
0.5809005498886108,-0.3746664822101593,1.9329999685287476,0.6168861985206604,-0.4018133580684662,1.9279999732971191,0.5504323244094849,-0.40975457429885864,1.9359999895095825,0.728824257850647,-0.1797533631324768,2.0310001373291016,0.45312151312828064,-0.21916982531547546,2.1600000858306885,0.7340909242630005,0.028394469991326332,1.868499994277954,0.3966293931007385,-0.023351483047008514,2.176500082015991,0.674031674861908,0.1519542634487152,1.8615000247955322,0.36855554580688477,0.0800192803144455,2.309999942779541
0.5809005498886108,-0.3746664822101593,1.9329999685287476,0.6168861985206604,-0.4018133580684662,1.9279999732971191,0.549579381942749,-0.4091196060180664,1.9329999685287476,0.7299007773399353,-0.18331460654735565,2.0339999198913574,0.4566214382648468,-0.21916982531547546,2.1600000858306885,0.7063832879066467,0.024715226143598557,1.8204998970031738,0.3937348425388336,-0.030453680083155632,2.180000066757202,0.6533951163291931,0.15179120004177094,1.7885000705718994,0.36855554580688477,0.0800192803144455,2.309999942779541
0.5777684450149536,-0.37779858708381653,1.9329999685287476,0.6137621998786926,-0.4018133580684662,1.9279999732971191,0.548157811164856,-0.4111853539943695,1.9279999732971191,0.7243760824203491,-0.18358498811721802,2.0369999408721924,0.45312151312828064,-0.2261696606874466,2.1600000858306885,0.6744982600212097,0.021317074075341225,1.7829999923706055,0.3908289968967438,-0.03757856413722038,2.183500051498413,0.6336671710014343,0.15845003724098206,1.7344999313354492,0.36161667108535767,0.08014052361249924,2.313499927520752
