0.32150018215179443,-0.15387260913848877,1.3639999628067017,0.3534417152404785,-0.18427777290344238,1.3765000104904175,0.2853391468524933,-0.19234701991081238,1.3394999504089355,0.40803709626197815,-0.009095272980630398,1.5499999523162842,0.06881426274776459,-0.021732334047555923,1.3940000534057617,0.4327308237552643,0.25728121399879456,1.6140000820159912,-0.11779041588306427,0.06014643609523773,1.2634999752044678,0.9043601155281067,0.9803504347801208,3.1449999809265137,-0.0010513225570321083,-0.1074448898434639,1.2139999866485596
0.33719202876091003,-0.16395597159862518,1.3559999465942383,0.3727012574672699,-0.19945481419563293,1.3734999895095825,0.2976156175136566,-0.1990777552127838,1.3265000581741333,0.4260297417640686,-0.01664591021835804,1.5514999628067017,0.10721313208341599,-0.03980227932333946,1.3940000534057617,0.4547130763530731,0.2485855519771576,1.6085000038146973,-0.10309082269668579,0.04361224174499512,1.2589999437332153,0.9567199349403381,0.9562677145004272,3.1665000915527344,0.03808556869626045,-0.08730409294366837,1.2074999809265137
0.35306891798973083,-0.1762898862361908,1.3494999408721924,0.38972875475883484,-0.20455557107925415,1.3629999160766602,0.3118441104888916,-0.20784737169742584,1.3140000104904175,0.45619726181030273,-0.01915985532104969,1.5514999628067017,0.1250135600566864,-0.05323990806937218,1.3910000324249268,0.4875321090221405,0.2298402339220047,1.6050000190734863,-0.08055461198091507,0.03133487328886986,1.2574999332427979,1.0080280303955078,0.9306138157844543,3.1665000915527344,0.08029009401798248,-0.090272918343544,1.1949999332427979
0.3753056526184082,-0.18414519727230072,1.343000054359436,0.41037750244140625,-0.2158890813589096,1.3510000705718994,0.3325015604496002,-0.21595217287540436,1.3114999532699585,0.4887005686759949,-0.03655609115958214,1.5429999828338623,0.160902202129364,-0.06218830496072769,1.3895000219345093,0.5135385990142822,0.22723959386348724,1.6050000190734863,-0.05376511439681053,0.012924419716000557,1.250499963760376,1.0593361854553223,0.9152215123176575,3.1665000915527344,0.10814531147480011,-0.0950365662574768,1.181999921798706
0.3989456593990326,-0.18835704028606415,1.3420000076293945,0.43349266052246094,-0.21977809071540833,1.3480000495910645,0.35357096791267395,-0.2208864390850067,1.3029999732971191,0.505570113658905,-0.03615333512425423,1.5260000228881836,0.1763446182012558,-0.05982901528477669,1.3870000839233398,0.535773515701294,0.21636418998241425,1.6015000343322754,-0.03729993849992752,0.012836568988859653,1.2419999837875366,1.1260387897491455,0.8987952470779419,3.180999994277954,0.12453391402959824,-0.10770922899246216,1.1740000247955322
0.41990694403648376,-0.19234701991081238,1.3394999504089355,0.4588507413864136,-0.22373080253601074,1.3454999923706055,0.3740481734275818,-0.22346778213977814,1.2934999465942383,0.5348955392837524,-0.03596380352973938,1.5180000066757202,0.194183811545372,-0.07101478427648544,1.3860000371932983,0.5669132471084595,0.21636418998241425,1.6015000343322754,-0.01717528887093067,0.012836568988859653,1.2419999837875366,1.1698474884033203,0.8916745185852051,3.1740000247955322,0.1274639219045639,-0.12775763869285583,1.1659998893737793
0.43879449367523193,-0.18925972282886505,1.318000078201294,0.4760144352912903,-0.22057145833969116,1.3264999389648438,0.39424383640289307,-0.22094404697418213,1.2910000085830688,0.5584626197814941,-0.03801847621798515,1.5019999742507935,0.2167980819940567,-0.062076419591903687,1.3870000839233398,0.590268075466156,0.21895916759967804,1.6015000343322754,0.010999218560755253,0.008811664767563343,1.2419999837875366,1.2264201641082764,0.8968174457550049,3.1740000247955322,0.12179595977067947,-0.15609724819660187,1.1659998893737793
0.45246973633766174,-0.18610060214996338,1.2960000038146973,0.49094486236572266,-0.21978256106376648,1.309000015258789,0.41275060176849365,-0.2228631228208542,1.2899999618530273,0.5717763304710388,-0.032797861844301224,1.4860000610351562,0.24645788967609406,-0.06443975120782852,1.3895000219345093,0.612281858921051,0.21330206096172333,1.5980000495910645,0.029111400246620178,0.004786760080605745,1.2419999837875366,1.2771316766738892,0.9029593467712402,3.1595001220703125,0.11801733076572418,-0.1768796145915985,1.1659998893737793
0.46764007210731506,-0.1812690943479538,1.2915000915527344,0.5071370005607605,-0.2152111977338791,1.306999921798706,0.4328126609325409,-0.22034505009651184,1.287500023841858,0.5944377183914185,-0.03498060628771782,1.4765000343322754,0.2737707197666168,-0.06676320731639862,1.3910000324249268,0.6385588049888611,0.2177286595106125,1.5924999713897705,0.049573011696338654,0.006845744326710701,1.250499963760376,1.3180874586105347,0.9029593467712402,3.1595001220703125,0.10396181792020798,-0.19206124544143677,1.1779999732971191
0.48438146710395813,-0.18336176872253418,1.2915000915527344,0.5220744609832764,-0.21649760007858276,1.3020000457763672,0.4489784836769104,-0.22008834779262543,1.2860000133514404,0.6049624085426331,-0.027737434953451157,1.4730000495910645,0.28729405999183655,-0.06901708245277405,1.3910000324249268,0.6566215753555298,0.21514827013015747,1.5924999713897705,0.06383315473794937,0.00482530053704977,1.2519999742507935,1.3590431213378906,0.9080787897109985,3.1595001220703125,0.09060047566890717,-0.20160502195358276,1.1779999732971191
0.4980641305446625,-0.18300682306289673,1.2890000343322754,0.5347325801849365,-0.21649760007858276,1.3020000457763672,0.4614810347557068,-0.22008834779262543,1.2860000133514404,0.6192830204963684,-0.034897685050964355,1.4730000495910645,0.2997440695762634,-0.07381556183099747,1.3964999914169312,0.6638021469116211,0.21670326590538025,1.5850000381469727,0.07712823897600174,-0.0012792943743988872,1.2704999446868896,1.396138072013855,0.9122462272644043,3.1740000247955322,0.07914789766073227,-0.20160502195358276,1.1779999732971191
0.5043299794197083,-0.1850954294204712,1.2890000343322754,0.5431713461875916,-0.21860726177692413,1.3020000457763672,0.46981608867645264,-0.22425583004951477,1.2860000133514404,0.6264433264732361,-0.034897685050964355,1.4730000495910645,0.30653247237205505,-0.07834114879369736,1.3964999914169312,0.670024037361145,0.21366217732429504,1.5815000534057617,0.09373626112937927,0.002906098496168852,1.3009999990463257,1.405118465423584,0.9080787897109985,3.1595001220703125,0.06781025975942612,-0.19812332093715668,1.1800000667572021
0.5064186453819275,-0.18927264213562012,1.2890000343322754,0.5452810525894165,-0.22282661497592926,1.3020000457763672,0.4739835858345032,-0.2284233123064041,1.2860000133514404,0.628830075263977,-0.03967118263244629,1.4730000495910645,0.31623759865760803,-0.08363814651966095,1.409500002861023,0.6721608638763428,0.2127164751291275,1.5745000839233398,0.10495787113904953,0.002925085136666894,1.309499979019165,1.4153573513031006,0.9080787897109985,3.1595001220703125,0.06102898344397545,-0.2048567235469818,1.1970000267028809
0.5043299794197083,-0.19344985485076904,1.2890000343322754,0.5452810525894165,-0.22493627667427063,1.3020000457763672,0.4749050438404083,-0.23304297029972076,1.2885000705718994,0.628830075263977,-0.03967118263244629,1.4730000495910645,0.31814467906951904,-0.08644015341997147,1.4179999828338623,0.6647282242774963,0.206888809800148,1.569000005722046,0.10957681387662888,0.0008060206891968846,1.3140000104904175,1.4102379083633423,0.8978399634361267,3.1595001220703125,0.05411635711789131,-0.20416776835918427,1.2160000801086426
0.4973222613334656,-0.20235224068164825,1.2925000190734863,0.5334410071372986,-0.2337334305047989,1.303999900817871,0.46381354331970215,-0.24214354157447815,1.2925000190734863,0.6163867712020874,-0.04697449505329132,1.4774999618530273,0.3227021396160126,-0.09861891716718674,1.4279999732971191,0.6574792265892029,0.19759726524353027,1.5759999752044678,0.1097852885723114,-0.0034587797708809376,1.316499948501587,1.350258708000183,0.8368028402328491,3.1040000915527344,0.04905765876173973,-0.20777761936187744,1.2374999523162842
0.4864442050457001,-0.2093614637851715,1.2969999313354492,0.5252822637557983,-0.23905417323112488,1.309999942779541,0.45719826221466064,-0.24728502333164215,1.2975000143051147,0.6082479953765869,-0.05188519507646561,1.4809999465942383,0.3157515227794647,-0.10400575399398804,1.4385000467300415,0.6472645998001099,0.18738268315792084,1.5759999752044678,0.10612005740404129,-0.007769123651087284,1.3240000009536743,1.2889965772628784,0.8005036115646362,3.0425000190734863,0.05793164670467377,-0.20477838814258575,1.25600004196167
0.47566139698028564,-0.2143879234790802,1.3020000457763672,0.5123719573020935,-0.2442280799150467,1.315000057220459,0.4486956298351288,-0.25169387459754944,1.309499979019165,0.5940457582473755,-0.05693339928984642,1.4874999523162842,0.29834380745887756,-0.10678012669086456,1.4444999694824219,0.6293889880180359,0.17972175776958466,1.5759999752044678,0.09912263602018356,-0.012255595996975899,1.3454999923706055,1.2462409734725952,0.7707542777061462,3.0225000381469727,0.06691393256187439,-0.20944811403751373,1.2720000743865967
0.4649503529071808,-0.22368355095386505,1.3194999694824219,0.5012396574020386,-0.25037920475006104,1.3250000476837158,0.43617162108421326,-0.25857606530189514,1.3229999542236328,0.5850391387939453,-0.06233510747551918,1.5015000104904175,0.28371649980545044,-0.10980058461427689,1.4535000324249268,0.6053048372268677,0.17063650488853455,1.5864999294281006,0.08492100238800049,-0.01903354935348034,1.3624999523162842,1.1942815780639648,0.7529028058052063,2.990499973297119,0.08201290667057037,-0.20702089369297028,1.2825000286102295
0.4549735188484192,-0.23158760368824005,1.340499997138977,0.4839341342449188,-0.2547178864479065,1.3365000486373901,0.4242478311061859,-0.26397135853767395,1.3394999504089355,0.5698935985565186,-0.07046866416931152,1.5195000171661377,0.27181118726730347,-0.11545627564191818,1.465499997138977,0.5900866389274597,0.1611119657754898,1.5940001010894775,0.06760482490062714,-0.028007514774799347,1.369499921798706,0.9182665348052979,0.5815021991729736,2.3864998817443848,0.09712419658899307,-0.20614129304885864,1.2899999618530273
0.4426257312297821,-0.2388167679309845,1.3695000410079956,0.47628673911094666,-0.264667809009552,1.377000093460083,0.4084034264087677,-0.2700161933898926,1.3589999675750732,0.5626608729362488,-0.07926397025585175,1.5469999313354492,0.24937592446804047,-0.11833185702562332,1.502000093460083,0.579363226890564,0.15533588826656342,1.6145000457763672,0.05065320059657097,-0.037476204335689545,1.3914999961853027,0.6634485721588135,0.4258952736854553,1.8079999685287476,0.11670029908418655,-0.20960360765457153,1.2985000610351562
