0.12795749306678772,-0.10854066908359528,1.1050000190734863,0.16533277928829193,-0.14057797193527222,1.1035000085830688,0.09689842164516449,-0.14792588353157043,1.118499994277954,0.28269556164741516,0.05997982621192932,1.2599999904632568,-0.04852534830570221,0.04820363223552704,1.2725000381469727,0.3459101915359497,0.341464638710022,1.3140000104904175,-0.14036627113819122,0.297749787569046,1.2639999389648438,0.18608827888965607,0.3944883346557617,1.2030000686645508,-0.01334987860172987,0.36744022369384766,1.093500018119812
0.1352991759777069,-0.103724904358387,1.0920000076293945,0.169768825173378,-0.13803532719612122,1.0975000858306885,0.10515493154525757,-0.14500315487384796,1.1099998950958252,0.2882544696331024,0.06505540013313293,1.2400000095367432,-0.039882149547338486,0.04568849876523018,1.2599999904632568,0.3500434160232544,0.3414984941482544,1.2899999618530273,-0.13278838992118835,0.2965959310531616,1.250499963760376,0.18840563297271729,0.38902151584625244,1.1689999103546143,-0.00967167504131794,0.3658949136734009,1.0785000324249268
0.14126859605312347,-0.1011618971824646,1.0835000276565552,0.17879468202590942,-0.13501547276973724,1.0875000953674316,0.11342798173427582,-0.1440887302160263,1.1029999256134033,0.28814810514450073,0.0680989995598793,1.2225000858306885,-0.03534429520368576,0.04913971200585365,1.24399995803833,0.353542298078537,0.34717512130737305,1.2725000381469727,-0.129402756690979,0.2955177128314972,1.2374999523162842,0.18550461530685425,0.3960864841938019,1.1510000228881836,-0.00784698873758316,0.36406320333480835,1.068000078201294
0.14538593590259552,-0.09862642735242844,1.0750000476837158,0.1831943541765213,-0.13309110701084137,1.0720000267028809,0.116958849132061,-0.1418679654598236,1.0859999656677246,0.2959800660610199,0.06959258764982224,1.2139999866485596,-0.030947906896471977,0.04657474905252457,1.2295000553131104,0.35190409421920776,0.3496968150138855,1.252000093460083,-0.12652254104614258,0.29348793625831604,1.2290000915527344,0.1753375232219696,0.39924755692481995,1.1334999799728394,-0.007788208778947592,0.36305364966392517,1.059999942779541
0.14829982817173004,-0.09882775694131851,1.058500051498413,0.1844046711921692,-0.13319307565689087,1.059000015258789,0.11864776164293289,-0.13971251249313354,1.0694999694824219,0.30051371455192566,0.06927730143070221,1.2085000276565552,-0.028755510225892067,0.044274330139160156,1.2209999561309814,0.3497065007686615,0.3455449342727661,1.2300000190734863,-0.12544159591197968,0.28703173995018005,1.218500018119812,0.17436066269874573,0.3929074704647064,1.1154999732971191,-0.007677999325096607,0.3579161465167999,1.0450000762939453
0.14979495108127594,-0.09926056116819382,1.0450000762939453,0.18570809066295624,-0.13338026404380798,1.0469999313354492,0.1215428039431572,-0.14250904321670532,1.064500093460083,0.30423325300216675,0.06684564054012299,1.2000000476837158,-0.028637759387493134,0.04409303143620491,1.2160000801086426,0.3451574444770813,0.3390829861164093,1.2139999866485596,-0.12250459939241409,0.2847939133644104,1.2089999914169312,0.17395718395709991,0.38797634840011597,1.1015000343322754,-0.009236740879714489,0.3527785539627075,1.0299999713897705
0.15061841905117035,-0.10205769538879395,1.0390000343322754,0.18684343993663788,-0.1351403445005417,1.034500002861023,0.12222545593976974,-0.14301443099975586,1.0555000305175781,0.3023504316806793,0.06408996880054474,1.184999942779541,-0.0265029463917017,0.043821074068546295,1.2085000276565552,0.3432644009590149,0.3333670496940613,1.2005000114440918,-0.12436063587665558,0.28455832600593567,1.2079999446868896,0.17190411686897278,0.3851611316204071,1.0885000228881836,-0.007523703388869762,0.3507235050201416,1.0239999294281006
0.15156902372837067,-0.10156655311584473,1.0339999198913574,0.18697071075439453,-0.13402995467185974,1.0260000228881836,0.12060428410768509,-0.1428050845861435,1.0415000915527344,0.29688093066215515,0.06333278864622116,1.1710000038146973,-0.030230527743697166,0.04354911670088768,1.2009999752044678,0.33776527643203735,0.32604601979255676,1.187999963760376,-0.12563832104206085,0.28497400879859924,1.2014999389648438,0.17047689855098724,0.3763529062271118,1.06850004196167,-0.007457577623426914,0.3476409912109375,1.0149999856948853
0.15112927556037903,-0.10127188265323639,1.031000018119812,0.1844954788684845,-0.1367524415254593,1.0214999914169312,0.11961998045444489,-0.1416395902633667,1.0329999923706055,0.298012912273407,0.06317053735256195,1.1679999828338623,-0.03209618106484413,0.043440330773591995,1.1979999542236328,0.3363437354564667,0.32275694608688354,1.183000087738037,-0.12700113654136658,0.28366953134536743,1.1959999799728394,0.17043538391590118,0.3724784255027771,1.0575000047683716,-0.007406146265566349,0.34687677025794983,1.0080000162124634
0.14578129351139069,-0.09989669919013977,1.0169999599456787,0.18167684972286224,-0.13588225841522217,1.0149999856948853,0.1150905042886734,-0.14351347088813782,1.0225000381469727,0.29183468222618103,0.06265673041343689,1.1584999561309814,-0.0374765582382679,0.04293268546462059,1.184000015258789,0.3311046361923218,0.3213927745819092,1.1779999732971191,-0.12978269159793854,0.28321942687034607,1.1859999895095825,0.16784435510635376,0.3688366115093231,1.0520000457763672,-0.010667460970580578,0.3450722098350525,1.0074999332427979
0.13876040279865265,-0.10167045146226883,1.002000093460083,0.17750880122184753,-0.13848595321178436,1.0099999904632568,0.11073838919401169,-0.14546290040016174,1.0130000114440918,0.2801327109336853,0.05841941386461258,1.1490000486373901,-0.04272082448005676,0.040529247373342514,1.1699999570846558,0.3239973187446594,0.31622737646102905,1.1730000972747803,-0.137863427400589,0.2801149785518646,1.1729999780654907,0.1621118038892746,0.36743417382240295,1.0479999780654907,-0.013904793187975883,0.34601643681526184,1.0054999589920044
0.13147404789924622,-0.10751704126596451,0.9960000514984131,0.16935454308986664,-0.14366793632507324,1.000499963760376,0.10324723273515701,-0.15067777037620544,1.003999948501587,0.2734721302986145,0.052627209573984146,1.1445000171661377,-0.04828410595655441,0.03475254401564598,1.1670000553131104,0.31612491607666016,0.30836161971092224,1.1720000505447388,-0.14509403705596924,0.27750280499458313,1.1699999570846558,0.1598014086484909,0.3609568476676941,1.0439999103546143,-0.018764520063996315,0.3422466516494751,1.003999948501587
0.1221657320857048,-0.11282813549041748,0.9860000014305115,0.15883126854896545,-0.14790134131908417,0.9854999780654907,0.09416577219963074,-0.15400882065296173,0.9939999580383301,0.2659189701080322,0.04487356171011925,1.1359999179840088,-0.06107257679104805,0.032622262835502625,1.1584999561309814,0.30584481358528137,0.2981014847755432,1.1690000295639038,-0.15182903409004211,0.2721906006336212,1.1634999513626099,0.15566901862621307,0.3541775941848755,1.0390000343322754,-0.020330412313342094,0.3396020233631134,1.000999927520752
0.11336685717105865,-0.12154495716094971,0.9789999723434448,0.15000517666339874,-0.15501554310321808,0.9800000190734863,0.08411949872970581,-0.16132819652557373,0.9894999861717224,0.2570767104625702,0.03729614242911339,1.129499912261963,-0.07000227272510529,0.02681606635451317,1.1510000228881836,0.2996487319469452,0.29002776741981506,1.1670000553131104,-0.15806885063648224,0.2680983245372772,1.1540000438690186,0.14703874289989471,0.34526073932647705,1.0374999046325684,-0.029957076534628868,0.3351820707321167,0.9975000023841858
0.10315947234630585,-0.1254652887582779,0.9724999666213989,0.14019086956977844,-0.16103793680667877,0.9780000448226929,0.07352076470851898,-0.16553770005702972,0.9765000343322754,0.24489735066890717,0.02982952632009983,1.124000072479248,-0.08059276640415192,0.022915571928024292,1.1425000429153442,0.2894480228424072,0.27985185384750366,1.1640000343322754,-0.16855460405349731,0.26135140657424927,1.1489999294281006,0.14507745206356049,0.3378838300704956,1.0355000495910645,-0.039595190435647964,0.334678053855896,0.9959999918937683
0.09132375568151474,-0.12749266624450684,0.9639999866485596,0.12705698609352112,-0.16361963748931885,0.9745000004768372,0.06174148991703987,-0.1668018102645874,0.965499997138977,0.23644956946372986,0.020621852949261665,1.118499994277954,-0.08742005378007889,0.015408835373818874,1.1349999904632568,0.2819037139415741,0.2760797142982483,1.1640000343322754,-0.17755386233329773,0.2608964741230011,1.1469999551773071,0.13294611871242523,0.3352319300174713,1.0325000286102295,-0.04434754326939583,0.3340059816837311,0.9939999580383301
0.08005611598491669,-0.13007470965385437,0.9599999785423279,0.11576573550701141,-0.1664353907108307,0.9724999666213989,0.04912399873137474,-0.17270106077194214,0.9635000228881836,0.2193511575460434,0.01874224655330181,1.1145000457763672,-0.10154785960912704,0.013492045924067497,1.128499984741211,0.27435940504074097,0.26476332545280457,1.1640000343322754,-0.1885405331850052,0.2588120996952057,1.1459999084472656,0.12440010905265808,0.3347449004650116,1.031000018119812,-0.05390258878469467,0.33333396911621094,0.9919999837875366
0.06750625371932983,-0.13453072309494019,0.9585000276565552,0.10310643911361694,-0.17107470333576202,0.972000002861023,0.036615390330553055,-0.17573219537734985,0.9629999995231628,0.2022782564163208,0.013270865194499493,1.1100000143051147,-0.11514683067798615,0.016997171565890312,1.118499994277954,0.2625909447669983,0.26619118452072144,1.1619999408721924,-0.20136305689811707,0.2604415714740753,1.1449999809265137,0.1124328151345253,0.33060020208358765,1.0285000801086426,-0.06666067242622375,0.32962003350257874,0.9904999732971191
0.05341667681932449,-0.1373497098684311,0.9564999938011169,0.0905066505074501,-0.1742246299982071,0.972000002861023,0.02403203584253788,-0.17655615508556366,0.9589999914169312,0.19411730766296387,0.009625795297324657,1.1045000553131104,-0.1290660947561264,0.01331271044909954,1.1134999990463257,0.2517264485359192,0.2609911859035492,1.1640000343322754,-0.21119572222232819,0.2606932818889618,1.1380000114440918,0.10243368148803711,0.3272671401500702,1.0285000801086426,-0.07107863575220108,0.32938578724861145,0.9850000143051147
0.04245641455054283,-0.14008231461048126,0.9539999961853027,0.07754618674516678,-0.1765533685684204,0.9674999713897705,0.009947337210178375,-0.17634566128253937,0.9494999647140503,0.1759812831878662,0.009612721391022205,1.1029999256134033,-0.14298461377620697,0.013264886103570461,1.1094999313354492,0.2368411272764206,0.2574400007724762,1.1649999618530273,-0.22455750405788422,0.2572571337223053,1.13100004196167,0.08875497430562973,0.32267430424690247,1.0245000123977661,-0.08500924706459045,0.326125830411911,0.9800000190734863
