-0.3438572585582733,-0.3821659982204437,2.3439998626708984,-0.3204936683177948,-0.4295569360256195,2.3965001106262207,-0.37433061003685,-0.40474167466163635,2.321000099182129,-0.14679503440856934,-0.24629828333854675,2.549499988555908,-0.4701160192489624,-0.18647591769695282,2.4685001373291016,0.06609924882650375,-0.14299768209457397,2.4774999618530273,-0.5249525904655457,0.07325577735900879,2.6015000343322754,0.13687849044799805,-0.36386844515800476,2.4509999752044678,-0.48886510729789734,0.344829261302948,2.680999994277954
-0.34275704622268677,-0.3771573305130005,2.3364999294281006,-0.31935691833496094,-0.42803335189819336,2.388000011444092,-0.3774397671222687,-0.40404412150382996,2.316999912261963,-0.15450981259346008,-0.2371959537267685,2.5405001640319824,-0.4812365472316742,-0.18613597750663757,2.4639999866485596,0.06208484619855881,-0.14299768209457397,2.4774999618530273,-0.5333831906318665,0.07747106999158859,2.6015000343322754,0.08127806335687637,-0.3559255599975586,2.4509999752044678,-0.49662545323371887,0.35285818576812744,2.6760001182556152
-0.34224361181259155,-0.37659236788749695,2.3329999446868896,-0.3188219666481018,-0.41959065198898315,2.384000062942505,-0.37368544936180115,-0.4002898037433624,2.316999912261963,-0.15393203496932983,-0.2363089770078659,2.5310001373291016,-0.4763724207878113,-0.18579602241516113,2.4594998359680176,0.06563235074281693,-0.130029559135437,2.4600000381469727,-0.5333831906318665,0.07747106999158859,2.6015000343322754,0.025677645578980446,-0.33209699392318726,2.4509999752044678,-0.504353404045105,0.35219886898994446,2.6710000038146973
-0.33410924673080444,-0.37217292189598083,2.3289999961853027,-0.30671781301498413,-0.418886661529541,2.380000114440918,-0.3656236231327057,-0.3996851444244385,2.313499927520752,-0.1405935436487198,-0.23051060736179352,2.512500047683716,-0.4707546830177307,-0.18118247389793396,2.4509999752044678,0.07346979528665543,-0.12581299245357513,2.4555001258850098,-0.5333831906318665,0.0859016627073288,2.6015000343322754,-0.025686614215373993,-0.309054970741272,2.4260001182556152,-0.5077290534973145,0.3515395522117615,2.6659998893737793
-0.3206396996974945,-0.3696960210800171,2.313499927520752,-0.293660432100296,-0.41677460074424744,2.368000030517578,-0.35207998752593994,-0.3970937132835388,2.2985000610351562,-0.13958631455898285,-0.22077536582946777,2.494500160217285,-0.4612067639827728,-0.1765964925289154,2.442500114440918,0.08071433007717133,-0.1207674890756607,2.434000015258789,-0.5230355858802795,0.08978787064552307,2.5920000076293945,-0.06106516718864441,-0.2972622215747833,2.4260001182556152,-0.5039201378822327,0.3574771285057068,2.6459999084472656
-0.3068527579307556,-0.3629419803619385,2.2944998741149902,-0.2835710346698761,-0.4094499945640564,2.3480000495910645,-0.3423072397708893,-0.39071670174598694,2.2829999923706055,-0.1310543268918991,-0.21196676790714264,2.4860000610351562,-0.4564066231250763,-0.17627112567424774,2.437999963760376,0.09254606813192368,-0.11682360619306564,2.434000015258789,-0.5098705291748047,0.09727852046489716,2.567999839782715,-0.08465085923671722,-0.2815385162830353,2.4260001182556152,-0.5010634660720825,0.3639768362045288,2.63100004196167
-0.2974596321582794,-0.35687577724456787,2.2795000076293945,-0.2670384645462036,-0.4036586582660675,2.3364999294281006,-0.32435426115989685,-0.38695159554481506,2.261000156402588,-0.11856304109096527,-0.199198916554451,2.4774999618530273,-0.4383459687232971,-0.16357700526714325,2.42549991607666,0.10437779873609543,-0.10893583297729492,2.434000015258789,-0.5088778138160706,0.10124202817678452,2.562999963760376,-0.0775802731513977,-0.2645825743675232,2.4509999752044678,-0.49680036306381226,0.3682399094104767,2.63100004196167
-0.27807384729385376,-0.35570159554481506,2.2720000743865967,-0.25108617544174194,-0.39481544494628906,2.3289999961853027,-0.30723434686660767,-0.3802366256713867,2.243000030517578,-0.10540197789669037,-0.1891639232635498,2.4514999389648438,-0.42365381121635437,-0.16636763513088226,2.4089999198913574,0.12015345692634583,-0.09710416197776794,2.434000015258789,-0.4863991141319275,0.10502484440803528,2.553999900817871,-0.042827170342206955,-0.27490901947021484,2.508999824523926,-0.49585622549057007,0.37179508805274963,2.625999927520752
-0.26573675870895386,-0.3576430082321167,2.261000156402588,-0.23482581973075867,-0.39662110805511475,2.317500114440918,-0.2917831838130951,-0.382673054933548,2.2360000610351562,-0.08653705567121506,-0.1943957358598709,2.369999885559082,-0.4066851735115051,-0.17359597980976105,2.4010000228881836,0.1411372870206833,-0.07808417081832886,2.4560000896453857,-0.4723138213157654,0.10877850651741028,2.5450000762939453,0.006086318287998438,-0.2849786877632141,2.562999963760376,-0.4854903817176819,0.3661405146121979,2.616000175476074
-0.2450660765171051,-0.35061344504356384,2.239500045776367,-0.21497800946235657,-0.39465296268463135,2.305999994277954,-0.27555468678474426,-0.3802770674228668,2.2220001220703125,-0.062290165573358536,-0.1831701248884201,2.3249998092651367,-0.39361539483070374,-0.16522812843322754,2.3924999237060547,0.16188745200634003,-0.06249508261680603,2.4689998626708984,-0.4533112943172455,0.10407905280590057,2.5310001373291016,0.056336116045713425,-0.2912749946117401,2.5820000171661377,-0.4667440354824066,0.37740862369537354,2.6059999465942383
-0.22550371289253235,-0.35202765464782715,2.2255001068115234,-0.19531650841236115,-0.39640262722969055,2.2944998741149902,-0.25235220789909363,-0.38145872950553894,2.2079999446868896,-0.04345369338989258,-0.17563559114933014,2.3249998092651367,-0.37165117263793945,-0.16408862173557281,2.375999927520752,0.17698934674263,-0.058198343962430954,2.4565000534057617,-0.4337134063243866,0.10331828892230988,2.5124998092651367,0.1370985358953476,-0.3294880986213684,2.689000129699707,-0.4431515038013458,0.37530869245529175,2.5915000438690186
-0.20649448037147522,-0.35395577549934387,2.2149999141693115,-0.17530225217342377,-0.3968944549560547,2.2760000228881836,-0.23334865272045135,-0.3796447515487671,2.197499990463257,-0.013249472714960575,-0.16726958751678467,2.313499927520752,-0.3423804044723511,-0.1668076366186142,2.3600001335144043,0.2008715718984604,-0.058198343962430954,2.4565000534057617,-0.41047874093055725,0.1025986596941948,2.494999885559082,0.236078679561615,-0.34027087688446045,2.7769999504089355,-0.41152238845825195,0.38581037521362305,2.5774998664855957
-0.1802247017621994,-0.35171860456466675,2.2009999752044678,-0.1487644910812378,-0.39497625827789307,2.265000104904175,-0.2077598124742508,-0.3784354031085968,2.190500020980835,0.005493834614753723,-0.16726958751678467,2.313499927520752,-0.31400755047798157,-0.1659594625234604,2.3480000495910645,0.22873415052890778,-0.06217868998646736,2.4565000534057617,-0.3775075674057007,0.10134445130825043,2.4644999504089355,0.3080737292766571,-0.34027087688446045,2.7769999504089355,-0.4100056290626526,0.38438835740089417,2.567999839782715
-0.1583213359117508,-0.350600004196167,2.194000005722046,-0.12612850964069366,-0.39305806159973145,2.254000186920166,-0.18471862375736237,-0.3784099221229553,2.1700000762939453,0.03173446282744408,-0.16726958751678467,2.313499927520752,-0.29303744435310364,-0.1686433106660843,2.3324999809265137,0.25487321615219116,-0.0617610439658165,2.440000057220459,-0.3468051254749298,0.0915774330496788,2.4175000190734863,0.39434733986854553,-0.3364362120628357,2.7825000286102295,-0.3808411657810211,0.36785030364990234,2.5399999618530273
-0.12908193469047546,-0.3484427332878113,2.180500030517578,-0.09613658487796783,-0.3862960934638977,2.2360000610351562,-0.15862999856472015,-0.37143856287002563,2.1500000953674316,0.05006321147084236,-0.16217800974845886,2.2944998741149902,-0.2639526426792145,-0.15949608385562897,2.309499979019165,0.27244648337364197,-0.06126745417714119,2.420499801635742,-0.31828704476356506,0.0940132811665535,2.380000114440918,0.44845056533813477,-0.3364362120628357,2.7825000286102295,-0.3570006191730499,0.36044102907180786,2.5169999599456787
-0.11036866903305054,-0.3451668322086334,2.1600000858306885,-0.07728840410709381,-0.3826681077480316,2.2150001525878906,-0.13711902499198914,-0.36979731917381287,2.140500068664551,0.08352407813072205,-0.15846015512943268,2.2944998741149902,-0.24731285870075226,-0.15470857918262482,2.2939999103546143,0.28620976209640503,-0.05098456144332886,2.309999942779541,-0.30133435130119324,0.10121315717697144,2.368000030517578,0.484519362449646,-0.33192765712738037,2.7825000286102295,-0.34291625022888184,0.37067726254463196,2.503499984741211
-0.08895529061555862,-0.3435688614845276,2.1500000953674316,-0.05540165677666664,-0.38024941086769104,2.2009999752044678,-0.11595577746629715,-0.3686743676662445,2.134000062942505,0.1058313325047493,-0.15846015512943268,2.2944998741149902,-0.2287275344133377,-0.15470857918262482,2.2939999103546143,0.2921202480792999,-0.034929193556308746,2.240499973297119,-0.2778424024581909,0.10487265139818192,2.364000082015991,0.49438074231147766,-0.303345650434494,2.689000129699707,-0.32492849230766296,0.38078227639198303,2.490000009536743
-0.07132033258676529,-0.33905696868896484,2.1435000896453857,-0.03733082115650177,-0.37783074378967285,2.187000036239624,-0.10181347280740738,-0.36755138635635376,2.127500057220459,0.11326708644628525,-0.15846015512943268,2.2944998741149902,-0.20982161164283752,-0.15818391740322113,2.2904999256134033,0.2971959114074707,-0.016455428674817085,2.197499990463257,-0.26840993762016296,0.0965743362903595,2.3485000133514404,0.4738609492778778,-0.2710595428943634,2.511000156402588,-0.3082938492298126,0.3801705837249756,2.4860000610351562
-0.05725337937474251,-0.33802878856658936,2.13700008392334,-0.022976072505116463,-0.37489378452301025,2.1700000762939453,-0.08748649060726166,-0.3618793189525604,2.114500045776367,0.12442070245742798,-0.15846015512943268,2.2944998741149902,-0.19708265364170074,-0.15690627694129944,2.2719998359680176,0.31094270944595337,-0.012874212116003036,2.194000005722046,-0.2506549060344696,0.10314250737428665,2.3249998092651367,0.43660426139831543,-0.25411155819892883,2.3540000915527344,-0.295196533203125,0.37887072563171387,2.4774999618530273
-0.04679957404732704,-0.3375542461872101,2.134000062942505,-0.008899183012545109,-0.37437549233436584,2.1670000553131104,-0.07345014810562134,-0.3636642396450043,2.1050000190734863,0.13792631030082703,-0.1532249003648758,2.2720000743865967,-0.1881750226020813,-0.15197724103927612,2.253499984741211,0.32058170437812805,0.00134152767714113,2.187000036239624,-0.2377573549747467,0.11742352694272995,2.309499979019165,0.39684638381004333,-0.2364310473203659,2.257999897003174,-0.29012438654899597,0.3934935927391052,2.4685001373291016
