0.12987975776195526,-0.2588732838630676,1.7630000114440918,0.17401628196239471,-0.29445046186447144,1.805999994277954,0.09775020182132721,-0.2883559763431549,1.7009999752044678,0.2809975743293762,-0.19238239526748657,1.8960000276565552,-0.03648241609334946,-0.22020478546619415,1.9520000219345093,0.35465458035469055,0.030385198071599007,1.999500036239624,-0.13891001045703888,-0.02065316028892994,1.9249999523162842,0.2073456346988678,0.09449203312397003,1.9850000143051147,-0.052334561944007874,0.03396106883883476,1.8420000076293945
0.13273639976978302,-0.2588732838630676,1.7630000114440918,0.17358268797397614,-0.29371678829193115,1.8015000820159912,0.10326260328292847,-0.2883559763431549,1.7009999752044678,0.2840697467327118,-0.19545453786849976,1.8960000276565552,-0.036426346749067307,-0.22934043407440186,1.9490000009536743,0.35465458035469055,0.023905491456389427,1.999500036239624,-0.13948731124401093,-0.014474787749350071,1.933000087738037,0.21442456543445587,0.09155156463384628,1.9909999370574951,-0.05531923100352287,0.03694571927189827,1.8420000076293945
0.13273639976978302,-0.2588732838630676,1.7630000114440918,0.17942078411579132,-0.29079777002334595,1.8015000820159912,0.10350543260574341,-0.2862713932991028,1.7049999237060547,0.2809975743293762,-0.19545453786849976,1.8960000276565552,-0.03326829895377159,-0.22934043407440186,1.9490000009536743,0.35465458035469055,0.023905491456389427,1.999500036239624,-0.1412552446126938,-0.017830047756433487,1.9574999809265137,0.2176506668329239,0.08832548558712006,1.9909999370574951,-0.05531923100352287,0.04291502386331558,1.8420000076293945
0.13540078699588776,-0.258506178855896,1.7604999542236328,0.17942078411579132,-0.29079777002334595,1.8015000820159912,0.10651742666959763,-0.28971216082572937,1.7089999914169312,0.2875962555408478,-0.19576379656791687,1.8989999294281006,-0.03326829895377159,-0.22934043407440186,1.9490000009536743,0.3578944504261017,0.023905491456389427,1.999500036239624,-0.13885937631130219,-0.01793024130165577,1.9684998989105225,0.2244405448436737,0.08845856785774231,1.99399995803833,-0.05567961931228638,0.04920279234647751,1.8540000915527344
0.13825340569019318,-0.25565358996391296,1.7604999542236328,0.17986895143985748,-0.29152414202690125,1.805999994277954,0.1092865914106369,-0.2869429886341095,1.7089999914169312,0.28496867418289185,-0.19607305526733398,1.9019999504089355,-0.03007163107395172,-0.2290462702512741,1.9465000629425049,0.3621276915073395,0.027220014482736588,2.005000114440918,-0.13903573155403137,-0.021146690472960472,1.9709999561309814,0.22829949855804443,0.08546271920204163,1.999500036239624,-0.056115083396434784,0.04958760365843773,1.868499994277954
0.13825340569019318,-0.25565358996391296,1.7604999542236328,0.1829977184534073,-0.29184699058532715,1.8079999685287476,0.1092865914106369,-0.2869429886341095,1.7089999914169312,0.2875962555408478,-0.19576379656791687,1.8989999294281006,-0.030033007264137268,-0.22875209152698517,1.944000005722046,0.368625283241272,0.023971248418092728,2.005000114440918,-0.13903573155403137,-0.027534037828445435,1.9709999561309814,0.2250596135854721,0.08546271920204163,1.999500036239624,-0.05634032562375069,0.05282638594508171,1.8760000467300415
0.1411060094833374,-0.258506178855896,1.7604999542236328,0.18592728674411774,-0.29184699058532715,1.8079999685287476,0.11205576360225677,-0.28971216082572937,1.7089999914169312,0.29113247990608215,-0.18990932404994965,1.9019999504089355,-0.026883061975240707,-0.2350519299507141,1.944000005722046,0.3697284162044525,0.027301471680402756,2.011000156402588,-0.13903573155403137,-0.027534037828445435,1.9709999561309814,0.23287105560302734,0.08269576728343964,2.011000156402588,-0.05046173930168152,0.046933792531490326,1.883500099182129
0.14130640029907227,-0.25601664185523987,1.7630000114440918,0.18592728674411774,-0.29184699058532715,1.8079999685287476,0.11469054222106934,-0.28660720586776733,1.7070000171661377,0.2942143678665161,-0.19607305526733398,1.9019999504089355,-0.026883061975240707,-0.23190200328826904,1.944000005722046,0.3773679733276367,0.024114714935421944,2.0169999599456787,-0.13584204018115997,-0.027534037828445435,1.9709999561309814,0.23287105560302734,0.08269576728343964,2.011000156402588,-0.04441678524017334,0.040884193032979965,1.8860000371932983
0.14130640029907227,-0.25601664185523987,1.7630000114440918,0.18592728674411774,-0.2889174222946167,1.8079999685287476,0.11469054222106934,-0.28660720586776733,1.7070000171661377,0.2942143678665161,-0.1929911971092224,1.9019999504089355,-0.026883061975240707,-0.22245222330093384,1.944000005722046,0.3773679733276367,0.030651133507490158,2.0169999599456787,-0.13584204018115997,-0.03072771057486534,1.9709999561309814,0.23287105560302734,0.08269576728343964,2.011000156402588,-0.04447566345334053,0.03787838667631149,1.8884999752044678
0.1443266123533249,-0.25630706548690796,1.7649999856948853,0.18572162091732025,-0.29152414202690125,1.805999994277954,0.11469054222106934,-0.28660720586776733,1.7070000171661377,0.2942143678665161,-0.18990932404994965,1.9019999504089355,-0.020583173260092735,-0.2350519299507141,1.944000005722046,0.3779292404651642,0.02742365375161171,2.0199999809265137,-0.1356697380542755,-0.027499113231897354,1.9684998989105225,0.23287105560302734,0.08269576728343964,2.011000156402588,-0.03835562989115715,0.034818388521671295,1.8884999752044678
0.14449015259742737,-0.25659748911857605,1.7669999599456787,0.1881779283285141,-0.28787872195243835,1.8015000820159912,0.11745647341012955,-0.2838413119316101,1.7070000171661377,0.2972962558269501,-0.18990932404994965,1.9019999504089355,-0.020667877048254013,-0.23285633325576782,1.9520000219345093,0.37849053740501404,0.027464382350444794,2.0230000019073486,-0.13549743592739105,-0.024278616532683372,1.965999960899353,0.2322341352701187,0.08246958255767822,2.005499839782715,-0.03529561683535576,0.034818388521671295,1.8884999752044678
0.14756177365779877,-0.25696054100990295,1.7695000171661377,0.1913621574640274,-0.2882782220840454,1.8040000200271606,0.11745647341012955,-0.2838413119316101,1.7070000171661377,0.30037814378738403,-0.18990932404994965,1.9019999504089355,-0.02072611078619957,-0.23668423295021057,1.9574999809265137,0.38176846504211426,0.027464382350444794,2.0230000019073486,-0.12912625074386597,-0.027464188635349274,1.965999960899353,0.23378117382526398,0.081873320043087,1.9909999370574951,-0.03835562989115715,0.034818388521671295,1.8884999752044678
0.1477702558040619,-0.25445234775543213,1.7719999551773071,0.1913621574640274,-0.2882782220840454,1.8040000200271606,0.12022240459918976,-0.2810753881931305,1.7070000171661377,0.3038589060306549,-0.19015894830226898,1.9045000076293945,-0.01755429245531559,-0.23668423295021057,1.9574999809265137,0.38176846504211426,0.024186450988054276,2.0230000019073486,-0.12912625074386597,-0.027464188635349274,1.965999960899353,0.2356383353471756,0.08140042424201965,1.9795000553131104,-0.03825408220291138,0.034726206213235855,1.883500099182129
0.14793702960014343,-0.25473955273628235,1.7739999294281006,0.1913621574640274,-0.2882782220840454,1.8040000200271606,0.12022240459918976,-0.2810753881931305,1.7070000171661377,0.3007729649543762,-0.19015894830226898,1.9045000076293945,-0.014382471330463886,-0.22716884315013885,1.9574999809265137,0.38504642248153687,0.030742313712835312,2.0230000019073486,-0.12912625074386597,-0.037020906805992126,1.965999960899353,0.23782017827033997,0.08105088770389557,1.9709999561309814,-0.041196342557668686,0.037677813321352005,1.878499984741211
0.15081150829792023,-0.25473955273628235,1.7739999294281006,0.1910969763994217,-0.28495970368385315,1.8015000820159912,0.12022240459918976,-0.2810753881931305,1.7070000171661377,0.3038589060306549,-0.19015894830226898,1.9045000076293945,-0.014382471330463886,-0.22716884315013885,1.9574999809265137,0.38504642248153687,0.030742313712835312,2.0230000019073486,-0.12912625074386597,-0.04020648077130318,1.965999960899353,0.24101388454437256,0.08105088770389557,1.9709999561309814,-0.038152530789375305,0.037677813321352005,1.878499984741211
0.15081150829792023,-0.25186505913734436,1.7739999294281006,0.19374676048755646,-0.28164929151535034,1.7990000247955322,0.12022240459918976,-0.27830949425697327,1.7070000171661377,0.3038589060306549,-0.19324485957622528,1.9045000076293945,-0.014422882348299026,-0.22780713438987732,1.9630000591278076,0.3883243799209595,0.030742313712835312,2.0230000019073486,-0.12594066560268402,-0.04020648077130318,1.965999960899353,0.24420756101608276,0.08105088770389557,1.9709999561309814,-0.038152530789375305,0.04072161018848419,1.878499984741211
0.15081150829792023,-0.25186505913734436,1.7739999294281006,0.19374676048755646,-0.28164929151535034,1.7990000247955322,0.12022240459918976,-0.27830949425697327,1.7070000171661377,0.30654194951057434,-0.1929911971092224,1.9019999504089355,-0.011210652068257332,-0.22716884315013885,1.9574999809265137,0.39102160930633545,0.024150583893060684,2.0199999809265137,-0.12929044663906097,-0.03706797957420349,1.9684998989105225,0.24708746373653412,0.08094808459281921,1.9684998989105225,-0.038152530789375305,0.04072161018848419,1.878499984741211
0.15064148604869843,-0.2515811324119568,1.7719999551773071,0.19374676048755646,-0.28164929151535034,1.7990000247955322,0.12008153647184372,-0.2779833972454071,1.7049999237060547,0.306944876909256,-0.19015894830226898,1.9045000076293945,-0.011196334846317768,-0.23321421444416046,1.9550000429153442,0.3942946791648865,0.030696723610162735,2.0199999809265137,-0.12965169548988342,-0.04037008807063103,1.9739999771118164,0.24995926022529602,0.08084528148174286,1.965999960899353,-0.040867388248443604,0.049454908818006516,1.8634999990463257
0.15351274609565735,-0.24870988726615906,1.7719999551773071,0.19666177034378052,-0.2787342965602875,1.7990000247955322,0.12270012497901917,-0.2748979330062866,1.7030000686645508,0.31003081798553467,-0.19324485957622528,1.9045000076293945,-0.011196334846317768,-0.23321421444416046,1.9550000429153442,0.3981582522392273,0.030742313712835312,2.0230000019073486,-0.12680546939373016,-0.040482569485902786,1.9795000553131104,0.24995926022529602,0.08084528148174286,1.965999960899353,-0.04388689249753952,0.049454908818006516,1.8634999990463257
0.15351274609565735,-0.24870988726615906,1.7719999551773071,0.19666177034378052,-0.2787342965602875,1.7990000247955322,0.12194360047578812,-0.2732030153274536,1.6924999952316284,0.3122124671936035,-0.1926867812871933,1.8989999294281006,-0.008028565905988216,-0.22687873244285583,1.9550000429153442,0.39697733521461487,0.030651133507490158,2.0169999599456787,-0.12696561217308044,-0.04053369536995888,1.9819999933242798,0.2495778501033783,0.08072192221879959,1.9630000591278076,-0.041196342557668686,0.052896782755851746,1.878499984741211
