-0.012563761323690414,-0.20571836829185486,1.4010000228881836,0.017219707369804382,-0.24131380021572113,1.4235000610351562,-0.04694797843694687,-0.23690848052501678,1.4110000133514404,0.11198220402002335,-0.06858552992343903,1.590000033378601,-0.1584058701992035,-0.03283651918172836,1.3860000371932983,0.15857286751270294,0.14453475177288055,1.7029999494552612,-0.0773613303899765,0.184214785695076,1.2719999551773071,0.18212255835533142,0.26826977729797363,1.6659998893737793,0.004402520135045052,0.32744184136390686,1.1019999980926514
-0.028423987329006195,-0.20323042571544647,1.3994998931884766,0.0010749390348792076,-0.23925907909870148,1.4249999523162842,-0.06503033638000488,-0.23387393355369568,1.406499981880188,0.09652413427829742,-0.06858552992343903,1.590000033378601,-0.17188063263893127,-0.028344957157969475,1.3860000371932983,0.14184944331645966,0.13609646260738373,1.7009999752044678,-0.0958356037735939,0.188188835978508,1.2709999084472656,0.16322611272335052,0.26826977729797363,1.6659998893737793,-0.011668032966554165,0.33279865980148315,1.1019999980926514
-0.04421854019165039,-0.20060379803180695,1.3969999551773071,-0.012778986245393753,-0.2369501143693924,1.4249999523162842,-0.07862047106027603,-0.23362450301647186,1.4049999713897705,0.0810660719871521,-0.06858552992343903,1.590000033378601,-0.1876012086868286,-0.026099175214767456,1.3860000371932983,0.12821899354457855,0.14177532494068146,1.7029999494552612,-0.110251784324646,0.188188835978508,1.2709999084472656,0.1497286707162857,0.27366870641708374,1.6659998893737793,-0.0223817341029644,0.33279865980148315,1.1019999980926514
-0.05780024826526642,-0.19834019243717194,1.3969999551773071,-0.028941897675395012,-0.2369501143693924,1.4249999523162842,-0.09218143671751022,-0.23110094666481018,1.403499960899353,0.07076069712638855,-0.06600920855998993,1.590000033378601,-0.19883015751838684,-0.030590737238526344,1.3860000371932983,0.11731884628534317,0.14746715128421783,1.7049999237060547,-0.1287868767976761,0.188188835978508,1.2709999084472656,0.13704894483089447,0.2753114104270935,1.6759999990463257,-0.03666666895151138,0.3185138404369354,1.1019999980926514
-0.06904412060976028,-0.19586604833602905,1.3954999446868896,-0.03817784786224365,-0.2369501143693924,1.4249999523162842,-0.10571323335170746,-0.2285822331905365,1.4019999504089355,0.06818434596061707,-0.06600920855998993,1.590000033378601,-0.21291765570640564,-0.02842676267027855,1.3900001049041748,0.10903079807758331,0.14746715128421783,1.7049999237060547,-0.15380226075649261,0.19474948942661285,1.2734999656677246,0.12453869730234146,0.28043246269226074,1.690500020980835,-0.04738037288188934,0.311371386051178,1.1019999980926514
-0.07778111100196838,-0.19509410858154297,1.3900001049041748,-0.049722783267498016,-0.2369501143693924,1.4249999523162842,-0.11459539085626602,-0.22817462682724,1.3994998931884766,0.057878971099853516,-0.06600920855998993,1.590000033378601,-0.22256538271903992,-0.028508564457297325,1.3940000534057617,0.09786514192819595,0.14453476667404175,1.7030000686645508,-0.1789148896932602,0.19926691055297852,1.2760000228881836,0.11428741365671158,0.27941808104515076,1.7009999752044678,-0.061665307730436325,0.29708656668663025,1.1019999980926514
-0.08635313808917999,-0.19187070429325104,1.3830000162124634,-0.05889667943120003,-0.2343941628932953,1.4235000610351562,-0.1231800839304924,-0.2250192016363144,1.3940000534057617,0.05014994367957115,-0.05828022211790085,1.590000033378601,-0.22999972105026245,-0.02859036810696125,1.3980000019073486,0.092454694211483,0.1557551473379135,1.7049999237060547,-0.21423108875751495,0.20563055574893951,1.2769999504089355,0.10810356587171555,0.28864994645118713,1.690500020980835,-0.08145465701818466,0.27794840931892395,1.1039999723434448
-0.09287402778863907,-0.1892184317111969,1.3799999952316284,-0.06567763537168503,-0.23390017449855804,1.4205000400543213,-0.12953683733940125,-0.2242927998304367,1.3895000219345093,0.047573599964380264,-0.055703889578580856,1.590000033378601,-0.23798111081123352,-0.026456953957676888,1.4049999713897705,0.08937638998031616,0.1579599827528,1.6990000009536743,-0.24519923329353333,0.21149367094039917,1.2874999046325684,0.10262518376111984,0.28864994645118713,1.690500020980835,-0.10872890800237656,0.2611199915409088,1.1085000038146973
-0.0995822474360466,-0.1892184317111969,1.3799999952316284,-0.0702810287475586,-0.23390017449855804,1.4205000400543213,-0.13604600727558136,-0.22164185345172882,1.3870000839233398,0.042327526956796646,-0.053010616451501846,1.5864999294281006,-0.24382895231246948,-0.026598185300827026,1.412500023841858,0.08649596571922302,0.15772756934165955,1.6965000629425049,-0.2769635021686554,0.2134648859500885,1.2994999885559082,0.09988600015640259,0.28864994645118713,1.690500020980835,-0.13249588012695312,0.24752996861934662,1.1119999885559082
-0.10375278443098068,-0.18866996467113495,1.375999927520752,-0.07467355579137802,-0.230946347117424,1.4165000915527344,-0.14043951034545898,-0.221482053399086,1.3860000371932983,0.0345064178109169,-0.05284355208277702,1.5815000534057617,-0.2506926357746124,-0.02453319914638996,1.4255000352859497,0.08649596571922302,0.15222978591918945,1.6965000629425049,-0.3060931861400604,0.21469688415527344,1.306999921798706,0.09440762549638748,0.29412829875946045,1.690500020980835,-0.15432561933994293,0.22982147336006165,1.1134999990463257
-0.10567428916692734,-0.18367533385753632,1.371999979019165,-0.07904015481472015,-0.23029416799545288,1.412500023841858,-0.1425308883190155,-0.2189989984035492,1.3845000267028809,0.034397322684526443,-0.04756757244467735,1.5764999389648438,-0.2594292461872101,-0.0223793163895607,1.4355000257492065,0.08629202842712402,0.1573556661605835,1.6924999952316284,-0.33391621708869934,0.2119911015033722,1.316499948501587,0.09223780035972595,0.30146753787994385,1.7009999752044678,-0.1834404170513153,0.21567769348621368,1.1150000095367432
-0.10967905819416046,-0.18293900787830353,1.366499900817871,-0.08098341524600983,-0.22931592166423798,1.406499981880188,-0.14669905602931976,-0.21852445602416992,1.381500005722046,0.03166106715798378,-0.04729601740837097,1.5674999952316284,-0.26696401834487915,-0.02242608554661274,1.4385000467300415,0.08030584454536438,0.15637944638729095,1.681999921798706,-0.3511008322238922,0.20906594395637512,1.3250000476837158,0.08619005978107452,0.29960665106773376,1.690500020980835,-0.20005877315998077,0.2070150375366211,1.1170001029968262
-0.1155555322766304,-0.17953453958034515,1.3574999570846558,-0.08710239827632904,-0.22518061101436615,1.3949999809265137,-0.15297037363052368,-0.2156597524881363,1.377500057220459,0.029019003733992577,-0.04459910839796066,1.562000036239624,-0.2768636643886566,-0.02480856142938137,1.441499948501587,0.07721144706010818,0.15563568472862244,1.6740000247955322,-0.36834007501602173,0.2060084044933319,1.3329999446868896,0.08345086872577667,0.30234581232070923,1.690500020980835,-0.21972042322158813,0.1975604146718979,1.125
-0.12170445173978806,-0.17887327075004578,1.3524999618530273,-0.09324418008327484,-0.2236471176147461,1.3854999542236328,-0.15902890264987946,-0.21479865908622742,1.371999979019165,0.01889510452747345,-0.04206814989447594,1.562000036239624,-0.28680220246315,-0.02251962386071682,1.4444999694824219,0.07161500304937363,0.1552637815475464,1.6699999570846558,-0.38822299242019653,0.1943524032831192,1.3420000076293945,0.08011487126350403,0.3028290867805481,1.6779999732971191,-0.25277361273765564,0.20212626457214355,1.1510000228881836
-0.12789961695671082,-0.178344264626503,1.3485000133514404,-0.10185521841049194,-0.22284004092216492,1.380500078201294,-0.16896633803844452,-0.2133113592863083,1.3624999523162842,0.013819871470332146,-0.03949922323226929,1.5605000257492065,-0.2967796325683594,-0.015530102886259556,1.4474999904632568,0.06349709630012512,0.15796975791454315,1.6699999570846558,-0.4127218723297119,0.19554318487644196,1.3654999732971191,0.07170076668262482,0.3044554591178894,1.6719999313354492,-0.27439841628074646,0.20430031418800354,1.1965000629425049
-0.13789823651313782,-0.17498354613780975,1.3394999504089355,-0.11024090647697449,-0.21948455274105072,1.3734999895095825,-0.17694900929927826,-0.21229371428489685,1.3559999465942383,0.0062202573753893375,-0.039410628378391266,1.556999921798706,-0.3085068464279175,-0.020220963284373283,1.4474999904632568,0.05801558494567871,0.1631859838962555,1.6679999828338623,-0.43192481994628906,0.20050738751888275,1.3845000267028809,0.06580663472414017,0.3076498806476593,1.659999966621399,-0.3062376081943512,0.19891680777072906,1.2230000495910645
-0.1500195860862732,-0.17393849790096283,1.3315000534057617,-0.12052913755178452,-0.2179664522409439,1.3639999628067017,-0.18887017667293549,-0.20870210230350494,1.347000002861023,-0.006379731930792332,-0.041839223355054855,1.5534999370574951,-0.3225795328617096,-0.017875533550977707,1.4474999904632568,0.04154860973358154,0.16758067905902863,1.6579999923706055,-0.4498717188835144,0.19153399765491486,1.3845000267028809,0.055047567933797836,0.3076498806476593,1.659999966621399,-0.3288423418998718,0.19983360171318054,1.2409999370574951
-0.16265851259231567,-0.16930504143238068,1.3289999961853027,-0.13510280847549438,-0.214332714676857,1.3550000190734863,-0.20061634480953217,-0.20513968169689178,1.3380000591278076,-0.021434539929032326,-0.03421041741967201,1.5499999523162842,-0.3366521894931793,-0.01318467129021883,1.4474999904632568,0.038545653223991394,0.16888082027435303,1.6445000171661377,-0.46866336464881897,0.18963244557380676,1.3870000839233398,0.040383342653512955,0.3012724816799164,1.6115000247955322,-0.34844473004341125,0.20101088285446167,1.2609999179840088
-0.1944465935230255,-0.16671143472194672,1.3255000114440918,-0.16723018884658813,-0.20893451571464539,1.3485000133514404,-0.23442529141902924,-0.20005324482917786,1.3329999446868896,-0.05389251932501793,-0.0315864272415638,1.5444999933242798,-0.3691055476665497,-0.008485008962452412,1.4459999799728394,0.0038921094965189695,0.17097172141075134,1.6390000581741333,-0.5100345015525818,0.17646554112434387,1.3895000219345093,0.008762783370912075,0.3043805658817291,1.560499906539917,-0.39620405435562134,0.20656119287014008,1.2699999809265137
-0.21429522335529327,-0.16332216560840607,1.315500020980835,-0.1885196566581726,-0.20613624155521393,1.3445000648498535,-0.2545839846134186,-0.19463218748569489,1.3255000114440918,-0.07609449326992035,-0.02896142192184925,1.5379999876022339,-0.39172127842903137,0.0032232897356152534,1.4429999589920044,-0.012027640827000141,0.17341558635234833,1.6370000839233398,-0.5302976965904236,0.18547135591506958,1.3895000219345093,-0.008845390751957893,0.30876755714416504,1.5444999933242798,-0.418840229511261,0.20861901342868805,1.2699999809265137
