0.017763670533895493,-0.41617515683174133,2.4549999237060547,0.05013255029916763,-0.4569472372531891,2.4820001125335693,-0.017787976190447807,-0.43787118792533875,2.4210000038146973,0.23934701085090637,-0.24848385155200958,2.616000175476074,-0.10439454764127731,-0.23666872084140778,2.625999927520752,0.4374006688594818,-0.10526185482740402,2.5355000495910645,-0.19095368683338165,-0.024656929075717926,2.7069997787475586,0.478982537984848,-0.3409031927585602,2.6760001182556152,-0.32795846462249756,0.142666295170784,2.996999979019165
0.021741610020399094,-0.41617515683174133,2.4549999237060547,0.05415423959493637,-0.4569472372531891,2.4820001125335693,-0.01386512815952301,-0.43787118792533875,2.4210000038146973,0.23510819673538208,-0.24848385155200958,2.616000175476074,-0.10439454764127731,-0.2409237027168274,2.625999927520752,0.4456173777580261,-0.10526185482740402,2.5355000495910645,-0.19169437885284424,-0.029155824333429337,2.7174999713897705,0.4374920725822449,-0.34330400824546814,2.6610000133514404,-0.32310229539871216,0.16209083795547485,2.996999979019165
0.021741610020399094,-0.41617515683174133,2.4549999237060547,0.05424151569604874,-0.45768365263938904,2.4860000610351562,-0.009942280128598213,-0.43787118792533875,2.4210000038146973,0.23510819673538208,-0.24848385155200958,2.616000175476074,-0.10459332168102264,-0.2413824498653412,2.63100004196167,0.45141083002090454,-0.10565624386072159,2.5450000762939453,-0.18729110062122345,-0.024752570316195488,2.7174999713897705,0.4019526243209839,-0.3175135552883148,2.625999927520752,-0.29882147908210754,0.17180311679840088,2.996999979019165
0.025719549506902695,-0.41617515683174133,2.4549999237060547,0.05836343765258789,-0.458420068025589,2.490000009536743,-0.009960759431123734,-0.4386850595474243,2.42549991607666,0.23888954520225525,-0.23954753577709198,2.6110000610351562,-0.10459332168102264,-0.2413824498653412,2.63100004196167,0.45884591341018677,-0.10227055102586746,2.563499927520752,-0.18767015635967255,-0.020390504971146584,2.7230000495910645,0.3595722019672394,-0.30132511258125305,2.5964999198913574,-0.27454066276550293,0.18637152016162872,2.996999979019165
0.025719549506902695,-0.41617515683174133,2.4549999237060547,0.05836343765258789,-0.458420068025589,2.490000009536743,-0.009960759431123734,-0.4386850595474243,2.42549991607666,0.23465882241725922,-0.24377822875976562,2.6110000610351562,-0.10459332168102264,-0.2413824498653412,2.63100004196167,0.4722559452056885,-0.11598488688468933,2.5915000438690186,-0.18767015635967255,-0.020390504971146584,2.7230000495910645,0.32834169268608093,-0.29551589488983154,2.5824999809265137,-0.24921603500843048,0.1952659636735916,2.984499931335449
0.021741610020399094,-0.41617515683174133,2.4549999237060547,0.05836343765258789,-0.458420068025589,2.490000009536743,-0.009960759431123734,-0.4386850595474243,2.42549991607666,0.24265466630458832,-0.24331139028072357,2.6059999465942383,-0.10479209572076797,-0.2418411821126938,2.636000156402588,0.4773743152618408,-0.128830224275589,2.5964999198913574,-0.18839381635189056,-0.016039954498410225,2.7335000038146973,0.3056929409503937,-0.28137362003326416,2.567999839782715,-0.2245463728904724,0.2141420841217041,2.9779999256134033
0.021741610020399094,-0.41617515683174133,2.4549999237060547,0.054328788071870804,-0.458420068025589,2.490000009536743,-0.009960759431123734,-0.4386850595474243,2.42549991607666,0.24041993916034698,-0.24107062816619873,2.5820000171661377,-0.09624966233968735,-0.2418411821126938,2.636000156402588,0.4791209101676941,-0.12930159270763397,2.6059999465942383,-0.19356371462345123,-0.016101567074656487,2.74399995803833,0.2925652265548706,-0.27682650089263916,2.5264999866485596,-0.19391925632953644,0.20274034142494202,2.9524998664855957
0.021741610020399094,-0.41617515683174133,2.4549999237060547,0.05424151569604874,-0.45768365263938904,2.4860000610351562,-0.009960759431123734,-0.4386850595474243,2.42549991607666,0.22913160920143127,-0.22977414727210999,2.549499988555908,-0.09624966233968735,-0.2418411821126938,2.636000156402588,0.4791209101676941,-0.13352417945861816,2.6059999465942383,-0.19356371462345123,-0.01165537629276514,2.74399995803833,0.29665905237197876,-0.29729533195495605,2.5264999866485596,-0.17333266139030457,0.21054667234420776,2.927999973297119
0.017763670533895493,-0.4121972322463989,2.4549999237060547,0.05424151569604874,-0.45365551114082336,2.4860000610351562,-0.009925853461027145,-0.4332314133644104,2.4170000553131104,0.23613670468330383,-0.22855745255947113,2.5360000133514404,-0.09588451683521271,-0.2409237027168274,2.625999927520752,0.49367591738700867,-0.13403655588626862,2.616000175476074,-0.18911747634410858,-0.01165537629276514,2.74399995803833,0.3171280324459076,-0.31367042660713196,2.5264999866485596,-0.14892536401748657,0.21229501068592072,2.8249998092651367
0.017734728753566742,-0.4075542092323303,2.4509999752044678,0.05424151569604874,-0.445599228143692,2.4860000610351562,-0.013819312676787376,-0.4286045730113983,2.4130001068115234,0.24387332797050476,-0.2363089770078659,2.5310001373291016,-0.09533681720495224,-0.23954753577709198,2.6110000610351562,0.49317899346351624,-0.13933248817920685,2.636000156402588,-0.18911747634410858,-0.007209185045212507,2.74399995803833,0.34987837076187134,-0.32185792922973633,2.5264999866485596,-0.130838081240654,0.20988649129867554,2.7339999675750732
0.013715540058910847,-0.4021831750869751,2.442500114440918,0.046110861003398895,-0.44488224387168884,2.4820001125335693,-0.017729198560118675,-0.4246947467327118,2.4130001068115234,0.23929855227470398,-0.23174916207790375,2.5260000228881836,-0.09533681720495224,-0.23954753577709198,2.6110000610351562,0.49317899346351624,-0.13933248817920685,2.636000156402588,-0.18022504448890686,-0.002762993797659874,2.74399995803833,0.37444111704826355,-0.33413925766944885,2.5264999866485596,-0.1217326670885086,0.2138853222131729,2.7284998893737793
0.009739876724779606,-0.39749181270599365,2.437999963760376,0.04208917170763016,-0.44488224387168884,2.4820001125335693,-0.021639084443449974,-0.4246947467327118,2.4130001068115234,0.23929855227470398,-0.23993508517742157,2.5260000228881836,-0.09533681720495224,-0.23954753577709198,2.6110000610351562,0.49317899346351624,-0.1478748917579651,2.636000156402588,-0.1805862933397293,-0.0027685321401804686,2.749500036239624,0.41694095730781555,-0.34361401200294495,2.5360000133514404,-0.11531231552362442,0.21458595991134644,2.682000160217285
0.005789482966065407,-0.39749181270599365,2.437999963760376,0.03806748613715172,-0.4408605694770813,2.4820001125335693,-0.025548970326781273,-0.4246947467327118,2.4130001068115234,0.22701959311962128,-0.24402804672718048,2.5260000228881836,-0.10379824042320251,-0.23531685769557953,2.6110000610351562,0.4759005904197693,-0.15073196589946747,2.6115000247955322,-0.17167602479457855,0.0016865707002580166,2.749500036239624,0.45633819699287415,-0.36864015460014343,2.5964999198913574,-0.11673575639724731,0.21358489990234375,2.616499900817871
-0.00210784119553864,-0.3968396484851837,2.434000015258789,0.02996966615319252,-0.4400612413883209,2.4774999618530273,-0.02930624969303608,-0.41860508918762207,2.4005000591278076,0.22746896743774414,-0.24451108276844025,2.5310001373291016,-0.10359946638345718,-0.2348662167787552,2.6059999465942383,0.4588603973388672,-0.15770146250724792,2.5869998931884766,-0.16722090542316437,0.010596776381134987,2.749500036239624,0.48999595642089844,-0.3770545423030853,2.5964999198913574,-0.11984261125326157,0.22418467700481415,2.5920000076293945
-0.009960759431123734,-0.39152368903160095,2.42549991607666,0.02186116948723793,-0.43846267461776733,2.4685001373291016,-0.036892399191856384,-0.41642528772354126,2.388000011444092,0.22746896743774414,-0.2486121654510498,2.5310001373291016,-0.11163623631000519,-0.22980283200740814,2.5964999198913574,0.4537898302078247,-0.1699477583169937,2.5820000171661377,-0.16722090542316437,0.015051878988742828,2.749500036239624,0.5194464921951294,-0.3854689598083496,2.5964999198913574,-0.13664232194423676,0.23258449137210846,2.5920000076293945
-0.01386512815952301,-0.39079731702804565,2.4210000038146973,0.0177962314337492,-0.4368640184402466,2.4594998359680176,-0.04463115334510803,-0.41642528772354126,2.388000011444092,0.21969996392726898,-0.24910327792167664,2.5360000133514404,-0.11961142718791962,-0.22477024793624878,2.5869998931884766,0.43981578946113586,-0.1760706901550293,2.549499988555908,-0.16722090542316437,0.015051878988742828,2.749500036239624,0.549829363822937,-0.39335304498672485,2.621000051498413,-0.14504218101501465,0.23258449137210846,2.5920000076293945
-0.021674955263733864,-0.39015164971351624,2.4170000553131104,0.005829852540045977,-0.4360647201538086,2.4549999237060547,-0.056239280849695206,-0.41642528772354126,2.388000011444092,0.20737239718437195,-0.24910327792167664,2.5360000133514404,-0.13193142414093018,-0.22433583438396454,2.5820000171661377,0.42529064416885376,-0.1816575825214386,2.5124998092651367,-0.17613115906715393,0.03287229314446449,2.749500036239624,0.5861914157867432,-0.4107418656349182,2.6510000228881836,-0.15344204008579254,0.24518419802188873,2.5920000076293945
-0.03336874023079872,-0.3895059823989868,2.4130001068115234,-0.0021260271314531565,-0.4360647201538086,2.4549999237060547,-0.06397803872823715,-0.41642528772354126,2.388000011444092,0.19504483044147491,-0.24499410390853882,2.5360000133514404,-0.1400543600320816,-0.21976841986179352,2.5774998664855957,0.41565418243408203,-0.17289388179779053,2.503499984741211,-0.1850414127111435,0.028417186811566353,2.749500036239624,0.6016255021095276,-0.38505303859710693,2.68149995803833,-0.17024174332618713,0.24518419802188873,2.5920000076293945
-0.04118851199746132,-0.39341580867767334,2.4130001068115234,-0.01008190680295229,-0.4360647201538086,2.4549999237060547,-0.07558616995811462,-0.41642528772354126,2.388000011444092,0.1789250373840332,-0.24542884528636932,2.5405001640319824,-0.15231727063655853,-0.223553866147995,2.572999954223633,0.39537155628204346,-0.15666785836219788,2.503499984741211,-0.202861949801445,0.028417186811566353,2.749500036239624,0.579888105392456,-0.36061856150627136,2.6614999771118164,-0.17864158749580383,0.2577838897705078,2.5920000076293945
-0.052918169647455215,-0.39341580867767334,2.4130001068115234,-0.018037786707282066,-0.4360647201538086,2.4549999237060547,-0.08332491666078568,-0.41642528772354126,2.388000011444092,0.17099440097808838,-0.24173982441425323,2.5450000762939453,-0.16065554320812225,-0.21521563827991486,2.572999954223633,0.3832019865512848,-0.1404418647289276,2.503499984741211,-0.20694008469581604,0.032812513411045074,2.744500160217285,0.5583254098892212,-0.35199350118637085,2.6614999771118164,-0.19998781383037567,0.2666458189487457,2.5964999198913574
