0.026556268334388733,-0.29054996371269226,1.9359999895095825,0.059736281633377075,-0.3352145850658417,1.996500015258789,-0.011056022718548775,-0.32413309812545776,1.9305000305175781,0.16259793937206268,-0.0993768498301506,2.070499897003174,-0.1823858618736267,-0.10846544802188873,1.9909999370574951,0.23310329020023346,0.17582125961780548,2.197499990463257,-0.3701927363872528,-0.005150731652975082,1.9605000019073486,0.33529460430145264,0.5290154218673706,2.6040000915527344,-0.4825705885887146,-0.33202922344207764,2.450500011444092
0.029693249613046646,-0.29054996371269226,1.9359999895095825,0.06297129392623901,-0.3319796025753021,1.996500015258789,-0.004793665371835232,-0.3205893635749817,1.9279999732971191,0.16595284640789032,-0.08931215852499008,2.070499897003174,-0.1630292534828186,-0.10846544802188873,1.9909999370574951,0.23666398227214813,0.18294262886047363,2.197499990463257,-0.3574860394001007,-0.005150731652975082,1.9605000019073486,0.3674156665802002,0.586188793182373,2.817999839782715,-0.49845317006111145,-0.3280586004257202,2.450500011444092
0.039104193449020386,-0.2842760384082794,1.9359999895095825,0.07267633080482483,-0.3287445902824402,1.996500015258789,0.004578393418341875,-0.3174653649330139,1.9279999732971191,0.17266270518302917,-0.08595726639032364,2.070499897003174,-0.15980316698551178,-0.09878720343112946,1.9909999370574951,0.240224689245224,0.19362467527389526,2.197499990463257,-0.35894477367401123,-0.005171749275177717,1.9684998989105225,0.41262558102607727,0.6494874358177185,3.0510001182556152,-0.5103651285171509,-0.32011735439300537,2.450500011444092
0.04537815973162651,-0.281139075756073,1.9359999895095825,0.08017706871032715,-0.3264715373516083,2.0225000381469727,0.007692425046116114,-0.31393373012542725,1.9254999160766602,0.18272745609283447,-0.0826023668050766,2.070499897003174,-0.14689874649047852,-0.09878720343112946,1.9909999370574951,0.24774004518985748,0.19749940931797028,2.2009999752044678,-0.355072945356369,0.0044283936731517315,1.9824999570846558,0.44764766097068787,0.6986000537872314,3.2325000762939453,-0.6264170408248901,-0.38020384311676025,2.984499931335449
0.05478910729289055,-0.27800214290618896,1.9359999895095825,0.09314598888158798,-0.3344602584838867,2.0929999351501465,0.01705233007669449,-0.3108138144016266,1.9254999160766602,0.19279219210147858,-0.07589257508516312,2.070499897003174,-0.1436726450920105,-0.092335045337677,1.9909999370574951,0.2703571915626526,0.21406878530979156,2.302500009536743,-0.35758039355278015,0.0109296515583992,1.996500015258789,0.4591861069202423,0.7107206583023071,3.240000009536743,-0.6199054718017578,-0.38027313351631165,3.0234999656677246
0.06438244134187698,-0.27564603090286255,1.941499948501587,0.11303362995386124,-0.3542754054069519,2.2170000076293945,0.0264122374355793,-0.30769383907318115,1.9254999160766602,0.20715802907943726,-0.06950020790100098,2.0799999237060547,-0.1505395770072937,-0.09259011596441269,1.996500015258789,0.2897038459777832,0.23878824710845947,2.4010000228881836,-0.3520776331424713,0.02069147489964962,2.002000093460083,0.4696859121322632,0.7264702916145325,3.240000009536743,-0.5905108451843262,-0.38027313351631165,3.0234999656677246
0.0708562359213829,-0.27004796266555786,1.9465000629425049,0.13689260184764862,-0.3952326774597168,2.5244998931884766,0.032652173191308975,-0.30145394802093506,1.9254999160766602,0.22433267533779144,-0.059474993497133255,2.0829999446868896,-0.1408345252275467,-0.0796501487493515,1.996500015258789,0.314101904630661,0.25370633602142334,2.4704999923706055,-0.3526052236557007,0.023971248418092728,2.005000114440918,0.4854356348514557,0.7527197003364563,3.240000009536743,-0.5513180494308472,-0.39007124304771423,3.0234999656677246
0.08357942849397659,-0.26723676919937134,1.9490000009536743,0.17477546632289886,-0.44606783986091614,2.879000186920166,0.04519064351916313,-0.2987213432788849,1.9279999732971191,0.23246975243091583,-0.059831902384757996,2.0954999923706055,-0.12789447605609894,-0.07641515135765076,1.996500015258789,0.3470993936061859,0.27855604887008667,2.629499912261963,-0.35585400462150574,0.027220014482736588,2.005000114440918,0.5064352750778198,0.7527197003364563,3.240000009536743,-0.472932368516922,-0.3753740191459656,3.0234999656677246
0.10472701489925385,-0.2874515652656555,2.121500015258789,0.19732698798179626,-0.4614109396934509,3.009500026702881,0.054562706500291824,-0.2955973744392395,1.9279999732971191,0.2498934417963028,-0.0581197589635849,2.1579999923706055,-0.11495441943407059,-0.07318016141653061,1.996500015258789,0.40201735496520996,0.3169369101524353,2.9029998779296875,-0.3563864231109619,0.030514365062117577,2.007999897003174,0.5221850275993347,0.7737191319465637,3.240000009536743,-0.3994458019733429,-0.34597957134246826,3.0234999656677246
0.14039677381515503,-0.3406331241130829,2.5139999389648438,0.22170908749103546,-0.4614109396934509,3.009500026702881,0.07056501507759094,-0.29720720648765564,1.938499927520752,0.29915738105773926,-0.057203296571969986,2.4144999980926514,-0.0987793579697609,-0.06994516402482986,1.996500015258789,0.46820566058158875,0.35636451840400696,3.125,-0.3547155261039734,0.03718755394220352,2.0169999599456787,0.534199059009552,0.7839863896369934,3.2174999713897705,-0.346571683883667,-0.3071299195289612,3.0759999752044678
0.18512853980064392,-0.3922565281391144,2.8949999809265137,0.24609117209911346,-0.4614109396934509,3.009500026702881,0.08347222208976746,-0.3015877306461334,1.9465000629425049,0.37494444847106934,-0.06647854298353195,2.805999994277954,-0.09863092750310898,-0.07307019829750061,1.993499994277954,0.5001564621925354,0.36628565192222595,3.1670000553131104,-0.3496464192867279,0.04390823841094971,2.0255000591278076,0.5654797554016113,0.8048400282859802,3.2174999713897705,-0.2886632978916168,-0.27429598569869995,3.0434999465942383
0.22660811245441437,-0.42176514863967896,3.0759999752044678,0.27594441175460815,-0.4672943949699402,3.0160000324249268,0.10297485440969467,-0.30329203605651855,1.9574999809265137,0.43053504824638367,-0.0662909671664238,3.003499984741211,-0.0822526142001152,-0.05998372286558151,1.9880000352859497,0.5206829905509949,0.381680428981781,3.1670000553131104,-0.33651840686798096,0.04390823841094971,2.0255000591278076,0.5863335728645325,0.8152669072151184,3.2174999713897705,-0.24839119613170624,-0.23461651802062988,2.9179999828338623
0.25651314854621887,-0.4267492890357971,3.0759999752044678,0.311541348695755,-0.47429487109184265,3.0295000076293945,0.13253909349441528,-0.3329222500324249,2.126499891281128,0.467540979385376,-0.0618128664791584,3.0225000381469727,-0.06936764717102051,-0.05998372286558151,1.9880000352859497,0.5514727234840393,0.39194363355636597,3.1670000553131104,-0.32667240500450134,0.04390823841094971,2.0255000591278076,0.62804114818573,0.8361205458641052,3.2174999713897705,-0.22063131630420685,-0.21647946536540985,2.805500030517578
0.2926812469959259,-0.4236162006855011,3.0894999504089355,0.3425138294696808,-0.4764084219932556,3.0429999828338623,0.1930147111415863,-0.41442927718162537,2.619999885559082,0.5058039426803589,-0.057932257652282715,3.0764999389648438,-0.053261447697877884,-0.05998372286558151,1.9880000352859497,0.5822624564170837,0.39707523584365845,3.1670000553131104,-0.3069803714752197,0.04390823841094971,2.0255000591278076,0.6525837182998657,0.8445740342140198,3.2100000381469727,-0.19216275215148926,-0.2083430290222168,2.44350004196167
0.3177115023136139,-0.4336282014846802,3.0894999504089355,0.37209802865982056,-0.48133906722068787,3.0429999828338623,0.24888280034065247,-0.472085565328598,2.984499931335449,0.5478167533874512,-0.0536443255841732,3.117000102996826,-0.033934008330106735,-0.05354128032922745,1.9880000352859497,0.6284470558166504,0.4176015853881836,3.1670000553131104,-0.29092898964881897,0.057106565684080124,2.0280001163482666,0.6895444989204407,0.8492501378059387,3.188499927520752,-0.20008136332035065,-0.24001729488372803,2.44350004196167
0.35275381803512573,-0.4336282014846802,3.0894999504089355,0.40661293268203735,-0.48133906722068787,3.0429999828338623,0.28083133697509766,-0.4819551706314087,3.0160000324249268,0.5730698108673096,-0.0536443255841732,3.117000102996826,-0.014606566168367863,-0.05354128032922745,1.9880000352859497,0.6643684506416321,0.4176015853881836,3.1670000553131104,-0.27449873089790344,0.06367863714694977,2.0280001163482666,0.7308762073516846,0.869915783405304,3.188499927520752,-0.2317558079957962,-0.25981369614601135,2.44350004196167
0.38779616355895996,-0.4336282014846802,3.0894999504089355,0.43917080760002136,-0.47920364141464233,3.0295000076293945,0.31571897864341736,-0.48299387097358704,3.0225000381469727,0.6084240674972534,-0.04859374836087227,3.117000102996826,0.0014996343525126576,-0.050320062786340714,1.9880000352859497,0.690026581287384,0.42786476016044617,3.1670000553131104,-0.2625143527984619,0.0705624669790268,2.0370001792907715,0.777414858341217,0.901788055896759,3.2100000381469727,-0.21880830824375153,-0.23944510519504547,2.0924999713897705
0.38528576493263245,-0.43082109093666077,3.069499969482422,0.43721380829811096,-0.4770682156085968,3.0160000324249268,0.31712913513183594,-0.48515114188194275,3.0360000133514404,0.6084240674972534,-0.04859374836087227,3.117000102996826,0.0014996343525126576,-0.050320062786340714,1.9880000352859497,0.690026581287384,0.42786476016044617,3.1670000553131104,-0.2640608251094818,0.07097814232110977,2.0490000247955322,0.7810475826263428,0.9060019254684448,3.2249999046325684,-0.21880830824375153,-0.23944510519504547,2.0924999713897705
0.4133017957210541,-0.4289263188838959,3.055999994277954,0.4665355086326599,-0.4770682156085968,3.0160000324249268,0.3432454466819763,-0.48730844259262085,3.049499988555908,0.6387277245521545,-0.038492601364851,3.117000102996826,0.01776081509888172,-0.047513447701931,2.005500078201294,0.7242287993431091,0.4370904266834259,3.1595001220703125,-0.2375001758337021,0.08093832433223724,2.0490000247955322,0.833855390548706,0.9333710074424744,3.247499942779541,-0.24254226684570312,-0.22588293254375458,2.0924999713897705
0.4410553574562073,-0.4221016764640808,3.0425000190734863,0.49807673692703247,-0.47429487109184265,3.0295000076293945,0.3728928565979004,-0.48236721754074097,3.049499988555908,0.6667290925979614,-0.028081756085157394,3.0829999446868896,0.027825098484754562,-0.0546320378780365,2.0285000801086426,0.7582607865333557,0.44626739621162415,3.1519999504089355,-0.22323499619960785,0.08388828486204147,2.0399999618530273,0.8759518265724182,0.9491570591926575,3.247499942779541,-0.25558871030807495,-0.22248253226280212,2.060999870300293
