-0.1511916071176529,-0.32331985235214233,1.7109999656677246,-0.12083624303340912,-0.35422971844673157,1.7130000591278076,-0.17149630188941956,-0.34176328778266907,1.6924999952316284,0.0222821906208992,-0.15108732879161835,1.8420000076293945,-0.23369954526424408,-0.15956342220306396,1.8364999294281006,0.0630514845252037,0.0319012850522995,1.590499997138977,-0.2930527627468109,0.03603523597121239,1.9544999599456787,0.262094110250473,0.4682725965976715,3.2699999809265137,-0.3283461630344391,0.23990611732006073,1.938499927520752
-0.12469429522752762,-0.3265322744846344,1.7280000448226929,-0.09354164451360703,-0.35598742961883545,1.721500039100647,-0.1451360434293747,-0.3442873954772949,1.7049999237060547,0.05218549072742462,-0.14527559280395508,1.843999981880188,-0.20911477506160736,-0.1642649918794632,1.8559999465942383,0.07834163308143616,0.031831081956624985,1.5870000123977661,-0.26603907346725464,0.03623804450035095,1.965499997138977,0.3097807765007019,0.4682725965976715,3.2699999809265137,-0.3111763894557953,0.2285734862089157,1.9490000009536743
-0.09705851227045059,-0.32495009899139404,1.7345000505447388,-0.06631480157375336,-0.3567884862422943,1.7390000820159912,-0.11837072670459747,-0.3468115031719208,1.7174999713897705,0.0792696624994278,-0.14263492822647095,1.8485000133514404,-0.183029443025589,-0.17119711637496948,1.8659999370574951,0.09878884255886078,0.03179096803069115,1.5850000381469727,-0.24799825251102448,0.020402083173394203,1.9739999771118164,0.3493102192878723,0.476902037858963,3.2930002212524414,-0.29470208287239075,0.21776951849460602,1.965499997138977
-0.0754130408167839,-0.3286032974720001,1.753999948501587,-0.0412609800696373,-0.3594556450843811,1.7519999742507935,-0.09167476743459702,-0.3511529862880707,1.7390000820159912,0.10297998040914536,-0.1422877013683319,1.843999981880188,-0.16101163625717163,-0.17966635525226593,1.8914999961853027,0.11419828981161118,0.034359198063611984,1.5850000381469727,-0.22595122456550598,0.01082290057092905,1.9769999980926514,0.3759891390800476,0.476902037858963,3.2930002212524414,-0.28113195300102234,0.20915089547634125,2.005000114440918
-0.05040255934000015,-0.3323501944541931,1.7739999294281006,-0.012986470945179462,-0.3626357614994049,1.7674999237060547,-0.06982826441526413,-0.357532799243927,1.756500005722046,0.114931620657444,-0.14527559280395508,1.843999981880188,-0.1509934365749359,-0.18859553337097168,1.9199999570846558,0.1321759968996048,0.03692742437124252,1.5850000381469727,-0.21051819622516632,0.001216085278429091,1.9825000762939453,0.4080038368701935,0.476902037858963,3.2930002212524414,-0.2757169306278229,0.19928650557994843,2.0370001792907715
-0.02475343644618988,-0.3382481336593628,1.7899999618530273,0.007115143816918135,-0.36829137802124023,1.781000018119812,-0.04728694632649422,-0.3621228337287903,1.7649999856948853,0.13036417961120605,-0.1428278386592865,1.8509999513626099,-0.13046108186244965,-0.1904127299785614,1.938499927520752,0.1475854367017746,0.03692742437124252,1.5850000381469727,-0.1982172578573227,-0.005222980864346027,1.9880000352859497,0.43679481744766235,0.4738575220108032,3.309000015258789,-0.27103474736213684,0.19310353696346283,2.077000141143799
-0.007398189976811409,-0.34334027767181396,1.8015000820159912,0.027415642514824867,-0.37253183126449585,1.787500023841858,-0.030238477513194084,-0.36632686853408813,1.7714999914169312,0.14896082878112793,-0.1403951793909073,1.8585000038146973,-0.11239220201969147,-0.19806456565856934,1.9520000219345093,0.15805760025978088,0.029259616509079933,1.5870000123977661,-0.1853322982788086,-0.008444201201200485,1.9880000352859497,0.4560259282588959,0.45555904507637024,3.2930002212524414,-0.2733396887779236,0.19032087922096252,2.121000051498413
0.00720702949911356,-0.34381672739982605,1.8040000200271606,0.042166996747255325,-0.3749285340309143,1.7990000247955322,-0.01600736193358898,-0.3691185414791107,1.7850000858306885,0.16143961250782013,-0.14379236102104187,1.8634999990463257,-0.10058366507291794,-0.1997387856245041,1.968500018119812,0.17188428342342377,0.032011598348617554,1.5959999561309814,-0.17888981103897095,-0.018107861280441284,1.9880000352859497,0.4666975140571594,0.4235444962978363,3.2930002212524414,-0.2705492675304413,0.18625839054584503,2.1535000801086426
0.016016172245144844,-0.34467434883117676,1.808500051498413,0.051053486764431,-0.3759705722332001,1.8040000200271606,-0.00446049589663744,-0.3709796369075775,1.7940000295639038,0.17677399516105652,-0.14398527145385742,1.8660000562667847,-0.09177762269973755,-0.20141300559043884,1.9850000143051147,0.18104946613311768,0.02965601347386837,1.6085000038146973,-0.17344489693641663,-0.021452464163303375,1.999500036239624,0.4676612615585327,0.3773308992385864,3.262500047683716,-0.26681381464004517,0.18501807749271393,2.180000066757202
0.02490336075425148,-0.34600844979286194,1.815500020980835,0.06281543523073196,-0.3763873875141144,1.805999994277954,0.0013551776064559817,-0.37440750002861023,1.7964999675750732,0.18609365820884705,-0.1411505937576294,1.868499994277954,-0.08560283482074738,-0.2020217925310135,1.9909999370574951,0.18974906206130981,0.02979429066181183,1.6159999370574951,-0.1719074845314026,-0.02166704274713993,2.0195000171661377,0.4528854191303253,0.3214839696884155,3.2325000762939453,-0.26895567774772644,0.18294262886047363,2.197499990463257
0.027914108708500862,-0.34981510043144226,1.8199999332427979,0.06288500130176544,-0.3768042027950287,1.8079999685287476,0.004288681782782078,-0.3734610974788666,1.805999994277954,0.1921488642692566,-0.1411505937576294,1.868499994277954,-0.08250086009502411,-0.2023262083530426,1.99399995803833,0.20096634328365326,0.024648556485772133,1.621999979019165,-0.17059756815433502,-0.018608834594488144,2.0430002212524414,0.4383724629878998,0.25627100467681885,3.203000068664551,-0.2666630446910858,0.17666135728359222,2.2079999446868896
0.027944784611463547,-0.35019952058792114,1.8220000267028809,0.06599658727645874,-0.37784627079963684,1.812999963760376,0.004305304493755102,-0.37784627079963684,1.812999963760376,0.19292014837265015,-0.14475689828395844,1.8760000467300415,-0.08250086009502411,-0.2023262083530426,1.99399995803833,0.2042849361896515,0.016820866614580154,1.627500057220459,-0.17210058867931366,-0.015433281660079956,2.060999870300293,0.4119410514831543,0.181118443608284,3.1595001220703125,-0.2666630446910858,0.1695059835910797,2.2079999446868896
0.022070499137043953,-0.34772375226020813,1.8245000839233398,0.057483188807964325,-0.379826158285141,1.8224999904632568,-0.0015782829141244292,-0.37687310576438904,1.8224999904632568,0.19063951075077057,-0.14838752150535583,1.883500099182129,-0.08596829324960709,-0.19964443147182465,1.999500036239624,0.21873986721038818,0.09118859469890594,1.6370000839233398,-0.1790398806333542,-0.008767017163336277,2.063999891281128,0.26391130685806274,0.12459249049425125,2.450500011444092,-0.26308533549308777,0.1551952213048935,2.2079999446868896
0.0161800105124712,-0.35116055607795715,1.8270000219345093,0.048810724169015884,-0.38128501176834106,1.8294999599456787,-0.007533710449934006,-0.3793545961380005,1.8345000743865967,0.18783657252788544,-0.14858447015285492,1.8860000371932983,-0.09934832900762558,-0.20049311220645905,2.007999897003174,0.21873986721038818,0.0991460457444191,1.6370000839233398,-0.1865835040807724,-0.0020878526847809553,2.073499917984009,0.18022412061691284,0.06435989588499069,1.6990000009536743,-0.26308533549308777,0.15161751210689545,2.2079999446868896
0.007298915181308985,-0.35116055607795715,1.8270000219345093,0.04002657160162926,-0.38529959321022034,1.8345000743865967,-0.01647368259727955,-0.37987157702445984,1.8370000123977661,0.17635761201381683,-0.1522836536169052,1.8940000534057617,-0.10290855914354324,-0.19782885909080505,2.0139999389648438,0.22107824683189392,0.09752509742975235,1.6545000076293945,-0.19418871402740479,-0.0020974185317754745,2.0829999446868896,0.15729863941669464,0.04781080409884453,1.6054999828338623,-0.2595076262950897,0.14446213841438293,2.2079999446868896
-0.0015821799170225859,-0.3482002019882202,1.8270000219345093,0.031227722764015198,-0.3867698013782501,1.8415000438690186,-0.02841857820749283,-0.3803885281085968,1.8394999504089355,0.17188240587711334,-0.15686997771263123,1.9124999046325684,-0.11303441226482391,-0.19841822981834412,2.0199999809265137,0.2179982215166092,0.09855663776397705,1.6719999313354492,-0.20798851549625397,0.0012795731890946627,2.0859999656677246,0.13531993329524994,0.03892252594232559,1.562000036239624,-0.2595076262950897,0.13015136122703552,2.2079999446868896
-0.01047759223729372,-0.35164105892181396,1.8294999599456787,0.022360820323228836,-0.3882400095462799,1.8485000133514404,-0.03741121292114258,-0.38389015197753906,1.8420000076293945,0.16728730499744415,-0.1583874225616455,1.930999994277954,-0.1264701932668686,-0.19895848631858826,2.0255000591278076,0.2149319052696228,0.10238631069660187,1.690500020980835,-0.2215086668729782,0.004659585654735565,2.0859999656677246,0.11254115402698517,0.023736774921417236,1.562000036239624,-0.26266831159591675,0.12280100584030151,2.2044999599456787
-0.01937084086239338,-0.3486766517162323,1.8294999599456787,0.013393301516771317,-0.38576582074165344,1.8509999513626099,-0.04940347373485565,-0.3813190758228302,1.843999981880188,0.15581373870372772,-0.165753573179245,1.944000005722046,-0.13319841027259827,-0.19920405745506287,2.0280001163482666,0.2141617238521576,0.09908631443977356,1.7284998893737793,-0.23502878844738007,0.0012795731890946627,2.0859999656677246,0.11760310083627701,0.023736774921417236,1.562000036239624,-0.2653949558734894,0.11528971791267395,2.197499990463257
-0.034239646047353745,-0.35212159156799316,1.8320000171661377,-0.0016029637772589922,-0.38576582074165344,1.8509999513626099,-0.06142166256904602,-0.38173264265060425,1.8459999561309814,0.14696623384952545,-0.16643568873405457,1.9520000219345093,-0.14634262025356293,-0.19920405745506287,2.0280001163482666,0.20956870913505554,0.09521552175283432,1.7604999542236328,-0.24854892492294312,0.008039598353207111,2.0859999656677246,0.10392533242702484,0.01894984021782875,1.5850000381469727,-0.2716482877731323,0.11137312650680542,2.190500020980835
-0.0461135134100914,-0.3491531312465668,1.8320000171661377,-0.013618344441056252,-0.38628682494163513,1.8534998893737793,-0.07039511948823929,-0.38173264265060425,1.8459999561309814,0.13469305634498596,-0.16690464317798615,1.9574999809265137,-0.15972276031970978,-0.19620783627033234,2.0310001373291016,0.20282942056655884,0.08870051801204681,1.8020000457763672,-0.2586890161037445,0.011419610120356083,2.0859999656677246,0.08754728734493256,0.01668650656938553,1.6145000457763672,-0.27431824803352356,0.11101721972227097,2.183500051498413
