-0.08532288670539856,-0.3268609344959259,1.366499900817871,-0.05233641341328621,-0.3468986749649048,1.316499948501587,-0.10268140584230423,-0.33246177434921265,1.253999948501587,-0.022880082949995995,-0.28945663571357727,1.4809999465942383,-0.32199999690055847,-0.25713592767715454,1.3845000267028809,0.0363064669072628,-0.10143611580133438,1.6640000343322754,-0.4044119417667389,-0.024610646069049835,1.4300000667572021,-0.03789321705698967,0.0035940909292548895,1.6089999675750732,-0.21162869036197662,0.0008130749338306487,1.3255000114440918
-0.07931365817785263,-0.3317241370677948,1.377500057220459,-0.04684409499168396,-0.3559249937534332,1.3424999713897705,-0.10003315657377243,-0.33929499983787537,1.2719999551773071,-0.015749726444482803,-0.2931373119354248,1.4874999523162842,-0.3134768307209015,-0.25936463475227356,1.3964999914169312,0.047487664967775345,-0.10228954255580902,1.6779999732971191,-0.3972216844558716,-0.029572010040283203,1.4459999799728394,-0.032902367413043976,-0.0016312135849148035,1.6200000047683716,-0.20619159936904907,-0.0034995023161172867,1.3320000171661377
-0.06892043352127075,-0.33771389722824097,1.3930000066757202,-0.03665073588490486,-0.36268559098243713,1.3680000305175781,-0.09092698246240616,-0.3459182381629944,1.2890000343322754,-0.008564765565097332,-0.2947138249874115,1.4954999685287476,-0.3051919937133789,-0.25739383697509766,1.4105000495910645,0.05893729627132416,-0.10329537093639374,1.6944999694824219,-0.3812156617641449,-0.03194811940193176,1.4474999904632568,-0.025228343904018402,-0.0016443036729469895,1.6330000162124634,-0.19867078959941864,-0.005689641460776329,1.3394999504089355
-0.05792437493801117,-0.3394109606742859,1.399999976158142,-0.025614319369196892,-0.36112773418426514,1.3704999685287476,-0.07948998361825943,-0.3507487177848816,1.306999921798706,0.006020506378263235,-0.2945382595062256,1.5069999694824219,-0.29077285528182983,-0.26549357175827026,1.4295001029968262,0.07285861670970917,-0.10356968641281128,1.6990000009536743,-0.37056711316108704,-0.03461338207125664,1.4609999656677246,-0.009375141002237797,-0.0016483314102515578,1.6370000839233398,-0.1863410919904709,-0.005710879806429148,1.3445000648498535
-0.026212390512228012,-0.3354719877243042,1.4024999141693115,0.003277065698057413,-0.35915887355804443,1.3799999952316284,-0.04785097390413284,-0.3474411070346832,1.310499906539917,0.045329559594392776,-0.2911922335624695,1.5149999856948853,-0.25690707564353943,-0.2688365876674652,1.4474999904632568,0.10626811534166336,-0.10117277503013611,1.7049999237060547,-0.34567221999168396,-0.04453519731760025,1.4760000705718994,0.022585174068808556,-0.0016578971408307552,1.6465001106262207,-0.16127082705497742,-0.012328464537858963,1.3534998893737793
-0.010334071703255177,-0.33187079429626465,1.406499981880188,0.02358824945986271,-0.357513964176178,1.3910000324249268,-0.033112622797489166,-0.3423720896244049,1.315500020980835,0.06271959841251373,-0.2896903455257416,1.5199999809265137,-0.23302307724952698,-0.2663355767726898,1.4595000743865967,0.13503365218639374,-0.09367471188306808,1.7195000648498535,-0.32180461287498474,-0.04764215275645256,1.4984999895095825,0.04680846258997917,-0.0016654490027576685,1.6540000438690186,-0.14362399280071259,-0.014736163429915905,1.3734999895095825
0.017032206058502197,-0.32994329929351807,1.4079999923706055,0.04862457513809204,-0.35251739621162415,1.3980000019073486,-0.005422874819487333,-0.34153372049331665,1.3204998970031738,0.08800966292619705,-0.28443747758865356,1.531499981880188,-0.20849858224391937,-0.26586973667144775,1.4700000286102295,0.15566030144691467,-0.08593643456697464,1.7319999933242798,-0.3013954758644104,-0.05318145081400871,1.5180000066757202,0.0629647821187973,0.0010158069198951125,1.656000018119812,-0.12995634973049164,-0.019473591819405556,1.3940000534057617
0.04229263216257095,-0.3197804391384125,1.4135000705718994,0.07206722348928452,-0.344974160194397,1.4134999513626099,0.018161414191126823,-0.33171236515045166,1.3240000009536743,0.1140775978565216,-0.28257665038108826,1.5485000610351562,-0.1840338110923767,-0.2684018313884735,1.4839999675750732,0.18414893746376038,-0.08332201093435287,1.7359999418258667,-0.27679866552352905,-0.055641114711761475,1.5180000066757202,0.09077370911836624,0.006451719906181097,1.6740000247955322,-0.0991096943616867,-0.01962725631892681,1.4049999713897705
0.064218670129776,-0.31710177659988403,1.443000078201294,0.09695281088352203,-0.34282130002975464,1.4429999589920044,0.04043756052851677,-0.32765278220176697,1.3515000343322754,0.13930708169937134,-0.2778204083442688,1.5785000324249268,-0.1563812792301178,-0.26563534140586853,1.4954999685287476,0.20772360265254974,-0.08092649281024933,1.744999885559082,-0.252451092004776,-0.055696096271276474,1.5195000171661377,0.12191269546747208,0.006671402137726545,1.7309999465942383,-0.08335123211145401,-0.012824882753193378,1.4079999923706055
0.09171468019485474,-0.31382739543914795,1.4714999198913574,0.12325306236743927,-0.3391621708869934,1.4779999256134033,0.06598257273435593,-0.3238506019115448,1.3819999694824219,0.1648973524570465,-0.2770240604877472,1.6035000085830688,-0.13115711510181427,-0.25876638293266296,1.5119999647140503,0.23212561011314392,-0.07015516608953476,1.7584999799728394,-0.22835476696491241,-0.05335661768913269,1.5230000019073486,0.14489899575710297,0.015443103387951851,1.7719999551773071,-0.06535398960113525,-0.010584641247987747,1.4135000705718994
0.11363514512777328,-0.3007427752017975,1.4774999618530273,0.14647242426872253,-0.32852885127067566,1.4950000047683716,0.08682198822498322,-0.317399799823761,1.3930000066757202,0.1950463205575943,-0.26879286766052246,1.616499900817871,-0.10877378284931183,-0.26140210032463074,1.5420000553131104,0.2514185607433319,-0.07077353447675705,1.7739999294281006,-0.20528176426887512,-0.051289819180965424,1.534999966621399,0.15965966880321503,0.02123936265707016,1.7764999866485596,-0.049077440053224564,-0.0014852099120616913,1.475000023841858
0.13422556221485138,-0.2894797921180725,1.493499994277954,0.16751578450202942,-0.3195916414260864,1.5099999904632568,0.1034323200583458,-0.30398157238960266,1.4040000438690186,0.2052890807390213,-0.261352002620697,1.6354999542236328,-0.0983102098107338,-0.2541554868221283,1.5745000839233398,0.27139154076576233,-0.0685880035161972,1.7920000553131104,-0.1899518519639969,-0.04934309422969818,1.5520000457763672,0.17537501454353333,0.030101945623755455,1.7899999618530273,-0.02865140698850155,0.0009403574513271451,1.5329999923706055
0.1578856110572815,-0.2880703806877136,1.5115000009536743,0.19311359524726868,-0.32063791155815125,1.5385000705718994,0.12439235299825668,-0.3006046414375305,1.409500002861023,0.2282899171113968,-0.26610052585601807,1.6484999656677246,-0.07395379990339279,-0.25819095969200134,1.5994999408721924,0.29219797253608704,-0.05764112249016762,1.812999963760376,-0.16591912508010864,-0.04967692121863365,1.5625,0.19666177034378052,0.03608325123786926,1.7990000247955322,-0.01632148213684559,0.008438796736299992,1.5414999723434448
0.17717190086841583,-0.2866379916667938,1.5299999713897705,0.2110462784767151,-0.31763729453086853,1.5605000257492065,0.1416741907596588,-0.2987673282623291,1.4225000143051147,0.24513186514377594,-0.26162827014923096,1.6540000438690186,-0.0590788871049881,-0.25593382120132446,1.6180000305175781,0.30755317211151123,-0.05535218119621277,1.8345000743865967,-0.14966674149036407,-0.047612834721803665,1.5780000686645508,0.20569220185279846,0.03613339737057686,1.8015000820159912,-0.0013435971923172474,0.008493540808558464,1.5514999628067017
0.19020654261112213,-0.2888948917388916,1.5555000305175781,0.22116047143936157,-0.3151088058948517,1.5605000257492065,0.154760479927063,-0.29948434233665466,1.437000036239624,0.25770828127861023,-0.26352640986442566,1.6660000085830688,-0.041242897510528564,-0.2618314027786255,1.6384999752044678,0.3151216208934784,-0.05563882365822792,1.843999981880188,-0.1308082640171051,-0.05337816849350929,1.5975000858306885,0.20890073478221893,0.03618353605270386,1.8040000200271606,0.011302181519567966,0.008551022037863731,1.562000036239624
0.20344294607639313,-0.2934451103210449,1.5799999237060547,0.23253439366817474,-0.31682518124580383,1.569000005722046,0.16578687727451324,-0.30025777220726013,1.4520000219345093,0.26907747983932495,-0.2640364170074463,1.686500072479248,-0.0364484004676342,-0.26827970147132874,1.6619999408721924,0.3240853548049927,-0.06161461025476456,1.843999981880188,-0.12184920161962509,-0.051377855241298676,1.6159999370574951,0.22020387649536133,0.03069053217768669,1.8250000476837158,0.024424845352768898,0.008717991411685944,1.5924999713897705
0.2128533124923706,-0.3020939826965332,1.6124999523162842,0.24176853895187378,-0.31894540786743164,1.5794999599456787,0.17260590195655823,-0.3063618540763855,1.4700000286102295,0.2851719260215759,-0.2663065195083618,1.7009999752044678,-0.0313614197075367,-0.27630025148391724,1.6779999732971191,0.3322090804576874,-0.07404491305351257,1.8559999465942383,-0.11491081863641739,-0.057070210576057434,1.628999948501587,0.22902977466583252,0.02509535849094391,1.8485000133514404,0.03530280292034149,0.008857589215040207,1.6180000305175781
0.21900708973407745,-0.3070586025714874,1.6389999389648438,0.2488410472869873,-0.3214695155620575,1.5920000076293945,0.17966222763061523,-0.31273430585861206,1.4889999628067017,0.2837439477443695,-0.2703281044960022,1.7089999914169312,-0.028813179582357407,-0.27521172165870667,1.687999963760376,0.33928021788597107,-0.07494255155324936,1.878499984741211,-0.10906112194061279,-0.058173779398202896,1.6605000495910645,0.235338032245636,0.01613159477710724,1.8509999513626099,0.04342140629887581,0.006272505968809128,1.627500057220459
0.2243000566959381,-0.31339916586875916,1.6584999561309814,0.24915365874767303,-0.32445618510246277,1.593999981880188,0.18464280664920807,-0.3171449303627014,1.5099999904632568,0.2889440655708313,-0.275414377450943,1.7235000133514404,-0.023488106206059456,-0.28242790699005127,1.6984999179840088,0.3415378928184509,-0.08463338762521744,1.8910000324249268,-0.1063024029135704,-0.06516243517398834,1.7025001049041748,0.23865917325019836,0.007143525872379541,1.8534998893737793,0.04126042500138283,0.0036778561770915985,1.6464999914169312
0.2261258363723755,-0.31865939497947693,1.6719999313354492,0.24946627020835876,-0.32744932174682617,1.5959999561309814,0.18580447137355804,-0.32160231471061707,1.5195000171661377,0.29221323132514954,-0.27853044867515564,1.7430000305175781,-0.023660967126488686,-0.29282358288764954,1.7109999656677246,0.3408007323741913,-0.08830031752586365,1.9040000438690186,-0.10509464144706726,-0.07173831015825272,1.7280000448226929,0.23930299282073975,0.0011400224175304174,1.8585000038146973,0.049727872014045715,-0.0043664961121976376,1.6619999408721924
