0.49619558453559875,-0.1985524743795395,1.3229999542236328,0.5244748592376709,-0.21995408833026886,1.2975000143051147,0.4690353274345398,-0.23749756813049316,1.3250000476837158,0.6306244134902954,-0.01751122996211052,1.4179999828338623,0.34981995820999146,-0.06928211450576782,1.5479999780654907,0.68324214220047,0.19222570955753326,1.3895000219345093,0.26121214032173157,0.0867755115032196,1.6540000438690186,0.5998077988624573,0.2363131046295166,1.2319999933242798,0.23549877107143402,0.15717005729675293,1.5549999475479126
0.4708266854286194,-0.2029932141304016,1.3240000009536743,0.5052101016044617,-0.2268366515636444,1.312999963760376,0.44894856214523315,-0.24154356122016907,1.3355000019073486,0.6047537922859192,-0.022168850526213646,1.4219999313354492,0.3222287893295288,-0.06677383929491043,1.5479999780654907,0.6628673672676086,0.19058950245380402,1.3940000534057617,0.23469512164592743,0.08956370502710342,1.656000018119812,0.5792439579963684,0.23724547028541565,1.2265000343322754,0.21057291328907013,0.15737220644950867,1.556999921798706
0.4476039409637451,-0.20414310693740845,1.3315000534057617,0.4849773645401001,-0.22934171557426453,1.3275001049041748,0.42472290992736816,-0.24036546051502228,1.340999960899353,0.5795392990112305,-0.022262390702962875,1.4279999732971191,0.29781773686408997,-0.0669248104095459,1.5514999628067017,0.6407670974731445,0.18914134800434113,1.399999976158142,0.208364337682724,0.09246979653835297,1.659999966621399,0.5592981576919556,0.23835507035255432,1.222000002861023,0.18029846251010895,0.16494077444076538,1.556999921798706
0.4245645999908447,-0.20335091650485992,1.3405001163482666,0.4570905268192291,-0.22830316424369812,1.3340001106262207,0.39968886971473694,-0.23881427943706512,1.3445000648498535,0.5552507042884827,-0.029387954622507095,1.437000036239624,0.27364474534988403,-0.06463920325040817,1.556999921798706,0.6139836311340332,0.1870063841342926,1.4010000228881836,0.18234120309352875,0.08480729162693024,1.6679999828338623,0.5425682663917542,0.2478489875793457,1.2200000286102295,0.1579468846321106,0.16025449335575104,1.5605000257492065
0.39869290590286255,-0.20456448197364807,1.3485000133514404,0.43365344405174255,-0.2285996824502945,1.3485000133514404,0.3738536536693573,-0.2404128760099411,1.3535000085830688,0.5288170576095581,-0.029602687805891037,1.4474999904632568,0.24169819056987762,-0.06739930063486099,1.5625,0.586141049861908,0.18754029273986816,1.4049999713897705,0.15316012501716614,0.08511235564947128,1.6740000247955322,0.5263219475746155,0.25357139110565186,1.218999981880188,0.12547655403614044,0.16076797246932983,1.565500020980835
0.3720605671405792,-0.2067640870809555,1.3629999160766602,0.4091547429561615,-0.2308034598827362,1.3615000247955322,0.34581178426742554,-0.24448804557323456,1.3639999628067017,0.494853675365448,-0.03217986598610878,1.4579999446868896,0.20783723890781403,-0.07046814262866974,1.5744999647140503,0.5622029304504395,0.1818038672208786,1.4135000705718994,0.12075478583574295,0.09064539521932602,1.6759999990463257,0.51081383228302,0.2586454153060913,1.2149999141693115,0.0950368121266365,0.16330459713935852,1.565500020980835
0.3463726341724396,-0.2085844725370407,1.375,0.38117414712905884,-0.23122724890708923,1.3639999628067017,0.31928831338882446,-0.24396534264087677,1.3734999895095825,0.46986380219459534,-0.03717052936553955,1.468500018119812,0.17840434610843658,-0.06836985051631927,1.5850000381469727,0.5292753577232361,0.16925080120563507,1.4235000610351562,0.08837688714265823,0.08813957870006561,1.6800000667572021,0.49498748779296875,0.2615022659301758,1.2100000381469727,0.05999905243515968,0.16460853815078735,1.5780000686645508
0.3247910141944885,-0.21272891759872437,1.3875000476837158,0.3553023934364319,-0.23386523127555847,1.366499900817871,0.29716840386390686,-0.24816255271434784,1.3845000267028809,0.4374239444732666,-0.03744896128773689,1.4795000553131104,0.14791133999824524,-0.07366862148046494,1.5885000228881836,0.5106596946716309,0.1653316468000412,1.4294999837875366,0.061300747096538544,0.09107807278633118,1.684000015258789,0.4841819405555725,0.26487505435943604,1.2074999809265137,0.03711586445569992,0.16261646151542664,1.5835000276565552
0.3001733422279358,-0.21441541612148285,1.3984999656677246,0.32747361063957214,-0.23454982042312622,1.3704999685287476,0.27259036898612976,-0.2503134608268738,1.3964999914169312,0.4120255410671234,-0.0404118150472641,1.500499963760376,0.11986180394887924,-0.07383093982934952,1.5920000076293945,0.4882352650165558,0.16637255251407623,1.438499927520752,0.0368301160633564,0.09402953088283539,1.687999963760376,0.46911686658859253,0.2668960690498352,1.1990000009536743,0.011468603275716305,0.1679069697856903,1.5850000381469727
0.2755420506000519,-0.2169138342142105,1.399999976158142,0.30927616357803345,-0.23988018929958344,1.3884999752044678,0.24867501854896545,-0.25129929184913635,1.4019999504089355,0.3915718197822571,-0.043542660772800446,1.524999976158142,0.09223344177007675,-0.07183320075273514,1.6050000190734863,0.45936667919158936,0.15520234405994415,1.443000078201294,0.001274840091355145,0.08592585474252701,1.690000057220459,0.45595455169677734,0.2726054787635803,1.190000057220459,-0.019350305199623108,0.16277050971984863,1.5850000381469727
0.25157320499420166,-0.21776600182056427,1.4054999351501465,0.2856324315071106,-0.2427307665348053,1.4049999713897705,0.22464339435100555,-0.25465619564056396,1.4079999923706055,0.3625126779079437,-0.04391384497284889,1.5379999876022339,0.06668084114789963,-0.07494396716356277,1.6160000562667847,0.4383232891559601,0.15520234405994415,1.443000078201294,-0.020656602457165718,0.08602754026651382,1.6920000314712524,0.45135557651519775,0.2786692976951599,1.1829999685287476,-0.0424644835293293,0.16277050971984863,1.5850000381469727
0.22829478979110718,-0.2194703370332718,1.4165000915527344,0.2635576128959656,-0.24549496173858643,1.4210000038146973,0.2009647786617279,-0.25416719913482666,1.4179999828338623,0.34118950366973877,-0.04905695095658302,1.5429999828338623,0.04311458766460419,-0.07494396716356277,1.6160000562667847,0.4172798991203308,0.14818792045116425,1.443000078201294,-0.04550531134009361,0.09186229109764099,1.6984999179840088,0.4318293631076813,0.2785627841949463,1.1664999723434448,-0.06814690679311752,0.1679069697856903,1.5850000381469727
0.2070097029209137,-0.22125211358070374,1.4279999732971191,0.2458256483078003,-0.24851830303668976,1.4385000467300415,0.18117596209049225,-0.2577308714389801,1.4249999523162842,0.311893105506897,-0.04916822910308838,1.5464999675750732,0.0195483285933733,-0.07494396716356277,1.6160000562667847,0.38922205567359924,0.13415907323360443,1.443000078201294,-0.07322030514478683,0.08658681809902191,1.7029999494552612,0.41291871666908264,0.28097227215766907,1.1454999446868896,-0.09394773095846176,0.16811883449554443,1.5870000123977661
0.1877496838569641,-0.22311139106750488,1.440000057220459,0.22321312129497528,-0.24929574131965637,1.443000078201294,0.15941734611988068,-0.25757282972335815,1.437000036239624,0.28246062994003296,-0.049279503524303436,1.5499999523162842,-0.006644613575190306,-0.07503671944141388,1.6180000305175781,0.36161303520202637,0.13113580644130707,1.4355000257492065,-0.10093312710523605,0.09221383929252625,1.7049999237060547,0.39416536688804626,0.27692511677742004,1.128999948501587,-0.11801333725452423,0.1694430112838745,1.5994999408721924
0.16709743440151215,-0.22357620298862457,1.443000078201294,0.20066247880458832,-0.2503322958946228,1.4490000009536743,0.1391841173171997,-0.26125770807266235,1.4444999694824219,0.26044362783432007,-0.051907967776060104,1.5534999370574951,-0.02765246108174324,-0.0777544155716896,1.6200000047683716,0.3349353075027466,0.1229037195444107,1.4210000038146973,-0.11750921607017517,0.09221383929252625,1.7049999237060547,0.3812672793865204,0.2760385572910309,1.1180000305175781,-0.13721953332424164,0.17337918281555176,1.6119999885559082
0.14401467144489288,-0.22404101490974426,1.4459999799728394,0.18244433403015137,-0.2511097192764282,1.4535000324249268,0.115898497402668,-0.26152899861335754,1.4459999799728394,0.2408473938703537,-0.05707062780857086,1.556999921798706,-0.04865209385752678,-0.07512947171926498,1.6200000047683716,0.31660062074661255,0.1279841512441635,1.4010000228881836,-0.1396106779575348,0.094976507127285,1.7049999237060547,0.3649634122848511,0.27785006165504456,1.1180000305175781,-0.16072747111320496,0.17076720297336578,1.6119999885559082
0.1252705603837967,-0.22404101490974426,1.4459999799728394,0.1590566188097,-0.2513688802719116,1.4550000429153442,0.09715437889099121,-0.2591860294342041,1.4459999799728394,0.22094789147377014,-0.05461784079670906,1.559000015258789,-0.07243283092975616,-0.07529179006814957,1.6234999895095825,0.288655161857605,0.1167820394039154,1.375999927520752,-0.15913593769073486,0.09232201427221298,1.7070000171661377,0.3486595153808594,0.2796615958213806,1.1180000305175781,-0.1816233992576599,0.17076720297336578,1.6119999885559082
0.1065264418721199,-0.22169801592826843,1.4459999799728394,0.1449110358953476,-0.2513688802719116,1.4550000429153442,0.07841026037931442,-0.26152899861335754,1.4459999799728394,0.200932115316391,-0.05214186757802963,1.5605000257492065,-0.09065136313438416,-0.07512947171926498,1.6200000047683716,0.2697760760784149,0.121003158390522,1.3485000133514404,-0.17849738895893097,0.10061973333358765,1.7070000171661377,0.33779025077819824,0.2814731299877167,1.1180000305175781,-0.19729535281658173,0.17076720297336578,1.6119999885559082
0.07387719303369522,-0.22215798497200012,1.4490000009536743,0.10954706370830536,-0.2490113079547882,1.4550000429153442,0.045655373483896255,-0.2571094334125519,1.4474999904632568,0.1680610477924347,-0.05214186757802963,1.5605000257492065,-0.12477575987577438,-0.07512947171926498,1.6200000047683716,0.2315070927143097,0.11929824948310852,1.3294999599456787,-0.21144045889377594,0.09773917496204376,1.7049999237060547,0.3106171190738678,0.2814731299877167,1.1180000305175781,-0.23125123977661133,0.17337918281555176,1.6119999885559082
0.05966614559292793,-0.22169801592826843,1.4459999799728394,0.09304388612508774,-0.2513688802719116,1.4550000429153442,0.03161542862653732,-0.25737589597702026,1.4490000009536743,0.1579468846321106,-0.049613334238529205,1.5605000257492065,-0.14052549004554749,-0.07512947171926498,1.6200000047683716,0.21751295030117035,0.11871499568223953,1.3229999542236328,-0.2277490794658661,0.1003839448094368,1.7029999494552612,0.298069566488266,0.28522369265556335,1.118499994277954,-0.24692317843437195,0.1786031275987625,1.6119999885559082
