0.3877677619457245,-0.23078469932079315,1.3485000133514404,0.42161571979522705,-0.2656121253967285,1.3589999675750732,0.34747156500816345,-0.26169881224632263,1.2960000038146973,0.4661988914012909,-0.149063840508461,1.5429999828338623,0.14001712203025818,-0.16912777721881866,1.4780000448226929,0.4964142143726349,0.05311274901032448,1.6085000038146973,0.0036605773493647575,0.018429763615131378,1.5414999723434448,0.44142600893974304,0.13697539269924164,1.5264999866485596,0.13654504716396332,0.07414966821670532,1.371000051498413
0.39968886971473694,-0.22792160511016846,1.3445000648498535,0.437454491853714,-0.26453718543052673,1.3535000085830688,0.3597935438156128,-0.26359522342681885,1.2950000762939453,0.47761398553848267,-0.14373672008514404,1.5394999980926514,0.153707355260849,-0.16838398575782776,1.471500039100647,0.5051063895225525,0.058125920593738556,1.6029999256134033,0.008588708005845547,0.02324289083480835,1.5295000076293945,0.4408239722251892,0.13620582222938538,1.4909999370574951,0.14722168445587158,0.07614832371473312,1.3669999837875366
0.40415045619010925,-0.22554829716682434,1.3305000066757202,0.44659799337387085,-0.26346224546432495,1.3480000495910645,0.3661966919898987,-0.26217034459114075,1.2879999876022339,0.4975701570510864,-0.14623121917247772,1.5394999980926514,0.16529135406017303,-0.1585228592157364,1.468500018119812,0.5200412273406982,0.06064755469560623,1.6009999513626099,0.015934597700834274,0.025578245520591736,1.5210000276565552,0.4390562176704407,0.14056718349456787,1.4609999656677246,0.1627267450094223,0.07614832371473312,1.3669999837875366
0.4102518558502197,-0.223005473613739,1.315500020980835,0.4566705524921417,-0.2607934772968292,1.3454999923706055,0.3728303015232086,-0.25745832920074463,1.274999976158142,0.5040695071220398,-0.13847734034061432,1.5364999771118164,0.17172524333000183,-0.162614643573761,1.462499976158142,0.5221457481384277,0.06318245083093643,1.5994999408721924,0.025572307407855988,0.03269001096487045,1.5080000162124634,0.44340980052948,0.13734856247901917,1.4520000219345093,0.1715867817401886,0.08057830482721329,1.3669999837875366
0.42010974884033203,-0.2204541563987732,1.312999963760376,0.4654863774776459,-0.2574600577354431,1.3394999504089355,0.3785534203052521,-0.2557419240474701,1.2664999961853027,0.516013503074646,-0.13585494458675385,1.534999966621399,0.17971743643283844,-0.16128036379814148,1.4505000114440918,0.5306816697120667,0.06554801017045975,1.5940001010894775,0.03500634431838989,0.03963558003306389,1.493499994277954,0.4504818022251129,0.1506825089454651,1.4444999694824219,0.18179325759410858,0.08460408449172974,1.3604999780654907
0.4261714816093445,-0.21496422588825226,1.3055000305175781,0.47009730339050293,-0.25309789180755615,1.3280000686645508,0.3840136229991913,-0.2518869936466217,1.2574999332427979,0.5210880041122437,-0.13523541390895844,1.527999997138977,0.19261667132377625,-0.15560823678970337,1.441499948501587,0.5358473062515259,0.06813082098960876,1.5940001010894775,0.051841866225004196,0.04438617452979088,1.4904999732971191,0.44981643557548523,0.14968615770339966,1.4130001068115234,0.2016335427761078,0.089013010263443,1.3604999780654907
0.4285418689250946,-0.21298828721046448,1.2934999465942383,0.4724259376525879,-0.248772993683815,1.316499948501587,0.38531768321990967,-0.2487822324037552,1.2419999837875366,0.5280377268791199,-0.13448312878608704,1.5195000171661377,0.1945466697216034,-0.14596101641654968,1.4385000467300415,0.5396552681922913,0.07053617388010025,1.590000033378601,0.06626582890748978,0.05399220064282417,1.4889999628067017,0.450186163187027,0.1490505486726761,1.4070000648498535,0.21829944849014282,0.09642864763736725,1.340999960899353
0.4291396737098694,-0.21015872061252594,1.2890000343322754,0.47203585505485535,-0.24745023250579834,1.309499979019165,0.38421154022216797,-0.24478289484977722,1.2319999933242798,0.5222896933555603,-0.13364233076572418,1.5099999904632568,0.19646695256233215,-0.15030857920646667,1.4355000257492065,0.5424094796180725,0.07279062271118164,1.5829999446868896,0.07085248827934265,0.06823833286762238,1.4839999675750732,0.4479638338088989,0.16336730122566223,1.3930000066757202,0.2333976924419403,0.10194925218820572,1.3279999494552612
0.42747506499290466,-0.2051825076341629,1.284000039100647,0.47144201397895813,-0.2439233362674713,1.3020000457763672,0.3800014555454254,-0.24012626707553864,1.218500018119812,0.5238663554191589,-0.13037021458148956,1.500499963760376,0.19796204566955566,-0.14273153245449066,1.4294999837875366,0.5451182126998901,0.0750223845243454,1.5759999752044678,0.07054214924573898,0.07990964502096176,1.4774999618530273,0.44570669531822205,0.16111017763614655,1.3930000066757202,0.24154940247535706,0.11249607801437378,1.3255000114440918
0.42281410098075867,-0.2029453068971634,1.2699999809265137,0.46709689497947693,-0.24167516827583313,1.2899999618530273,0.37306320667266846,-0.23697318136692047,1.2024999856948853,0.5246767997741699,-0.1293710470199585,1.4889999628067017,0.2028323858976364,-0.13669820129871368,1.4149999618530273,0.5471506714820862,0.07495097815990448,1.5744999647140503,0.06794054061174393,0.08921327441930771,1.4730000495910645,0.438515305519104,0.16378150880336761,1.377500057220459,0.2518123686313629,0.11871499568223953,1.3229999542236328
0.41391801834106445,-0.20266255736351013,1.255500078201294,0.4569953978061676,-0.2385839819908142,1.2734999656677246,0.3653288185596466,-0.23450985550880432,1.190000057220459,0.5158364176750183,-0.1307659149169922,1.4774999618530273,0.19876804947853088,-0.12867307662963867,1.4024999141693115,0.5484799146652222,0.07478436827659607,1.5709999799728394,0.06009940803050995,0.09529398381710052,1.4565000534057617,0.4429793357849121,0.16154950857162476,1.377500057220459,0.25775548815727234,0.1270492523908615,1.3204998970031738
0.40478944778442383,-0.1981513351202011,1.2400000095367432,0.44984573125839233,-0.23699155449867249,1.2649999856948853,0.35873857140541077,-0.2327362447977066,1.180999994277954,0.513741672039032,-0.13023488223552704,1.4714999198913574,0.19269968569278717,-0.12540918588638306,1.3914999961853027,0.5472579598426819,0.07461775839328766,1.5674999952316284,0.06175186112523079,0.10121427476406097,1.440000057220459,0.44165608286857605,0.16690199077129364,1.366499900817871,0.25513190031051636,0.13535112142562866,1.3179999589920044
0.3968925476074219,-0.19822350144386292,1.2279999256134033,0.4453938901424408,-0.23680420219898224,1.2639999389648438,0.3543102443218231,-0.23234209418296814,1.178999900817871,0.5063788890838623,-0.13194327056407928,1.4639999866485596,0.18893949687480927,-0.11547034978866577,1.380500078201294,0.5442903637886047,0.07421313226222992,1.559000015258789,0.061623211950063705,0.11264549195766449,1.437000036239624,0.4483695924282074,0.1655314415693283,1.3734999895095825,0.24943315982818604,0.14307467639446259,1.310499906539917
0.3894907236099243,-0.19749711453914642,1.2235000133514404,0.43339669704437256,-0.23677369952201843,1.253000020980835,0.3479878306388855,-0.23194798827171326,1.1770000457763672,0.5019410848617554,-0.13612739741802216,1.4579999446868896,0.1815028190612793,-0.11278234422206879,1.375,0.5406245589256287,0.07371330261230469,1.5485000610351562,0.0542006641626358,0.11636357754468918,1.4255000352859497,0.45282065868377686,0.1655314415693283,1.3734999895095825,0.24683794379234314,0.14704054594039917,1.3079999685287476
0.3844228684902191,-0.1989089399576187,1.2200000286102295,0.42355456948280334,-0.23871999979019165,1.2420001029968262,0.3416847884654999,-0.2315538227558136,1.1749999523162842,0.4928172826766968,-0.13791993260383606,1.4520000219345093,0.17342035472393036,-0.10966995358467102,1.3639999628067017,0.5406783819198608,0.06838459521532059,1.5414999723434448,0.0399315245449543,0.11746623367071152,1.4110000133514404,0.45282065868377686,0.16775695979595184,1.3734999895095825,0.24378307163715363,0.15281234681606293,1.3029999732971191
0.38015735149383545,-0.2026962786912918,1.218999981880188,0.4153320789337158,-0.24147449433803558,1.2355000972747803,0.33568716049194336,-0.23325903713703156,1.1740000247955322,0.48609480261802673,-0.13735000789165497,1.4459999799728394,0.16361448168754578,-0.10902673006057739,1.3559999465942383,0.5339453816413879,0.06816278398036957,1.5364999771118164,0.03300229832530022,0.12177933007478714,1.4079999923706055,0.4505951702594757,0.17443354427814484,1.3734999895095825,0.23956045508384705,0.15703491866588593,1.3029999732971191
0.3699776232242584,-0.2005564272403717,1.2179999351501465,0.4051814079284668,-0.2402040809392929,1.2290000915527344,0.3258979320526123,-0.22925907373428345,1.1730000972747803,0.47425010800361633,-0.141299307346344,1.438499927520752,0.1586330235004425,-0.10205750167369843,1.3509999513626099,0.5302451252937317,0.06303957849740982,1.5329999923706055,0.02382565662264824,0.12834955751895905,1.4049999713897705,0.44911885261535645,0.16498909890651703,1.36899995803833,0.23322653770446777,0.1654800921678543,1.3029999732971191
0.36148878931999207,-0.19825679063796997,1.2160000801086426,0.39689260721206665,-0.2400086224079132,1.2280000448226929,0.31748124957084656,-0.22677694261074066,1.1700000762939453,0.4643341302871704,-0.13809899985790253,1.4294999837875366,0.14697706699371338,-0.10592355579137802,1.3445000648498535,0.5210880041122437,0.055406369268894196,1.527999997138977,0.012354194186627865,0.1319567710161209,1.3949999809265137,0.4469006061553955,0.14946146309375763,1.36899995803833,0.22628316283226013,0.17135246098041534,1.2994999885559082
0.3521534204483032,-0.19744157791137695,1.2109999656677246,0.38385671377182007,-0.23734046518802643,1.2244999408721924,0.3066297173500061,-0.2271645963191986,1.1720000505447388,0.4434649348258972,-0.14198267459869385,1.4219999313354492,0.13744017481803894,-0.09879656881093979,1.3365000486373901,0.507839024066925,0.04766477271914482,1.5180000066757202,0.0010440110927447677,0.13988640904426575,1.3840000629425049,0.44246411323547363,0.13615205883979797,1.36899995803833,0.21475879848003387,0.18104077875614166,1.2934999465942383
0.34188783168792725,-0.19605574011802673,1.2024999856948853,0.3742317855358124,-0.23824959993362427,1.218999981880188,0.299033522605896,-0.22526556253433228,1.1720000505447388,0.43302690982818604,-0.14158329367637634,1.4179999828338623,0.12996365129947662,-0.10235608369112015,1.3264999389648438,0.492765873670578,0.05718144029378891,1.5095000267028809,-0.007866068743169308,0.1365996152162552,1.3734999895095825,0.43501636385917664,0.12769749760627747,1.3734999895095825,0.20557743310928345,0.18451660871505737,1.2885000705718994
