-0.2756258547306061,-0.20912452042102814,2.060999870300293,-0.25521671772003174,-0.23549728095531464,2.058000087738037,-0.29394152760505676,-0.23446737229824066,2.048999786376953,-0.026370132341980934,-0.18067073822021484,2.1600000858306885,-0.31829771399497986,-0.20128965377807617,2.194000005722046,0.058952413499355316,0.09673882275819778,2.3524999618530273,-0.36914849281311035,0.024391548708081245,2.3600001335144043,0.07532086968421936,0.41132137179374695,2.6614999771118164,-0.46414706110954285,0.24933598935604095,2.5915000438690186
-0.2772975265979767,-0.20031358301639557,2.073499917984009,-0.25521671772003174,-0.22549335658550262,2.058000087738037,-0.29317450523376465,-0.22647947072982788,2.066999912261963,-0.04036989063024521,-0.18767057359218597,2.1600000858306885,-0.3254077732563019,-0.21195468306541443,2.194000005722046,0.05166689679026604,0.09737621247768402,2.368000030517578,-0.3806205093860626,0.02056756615638733,2.3600001335144043,0.048507437109947205,0.4077475666999817,2.6110000610351562,-0.470966637134552,0.25917625427246094,2.6059999465942383
-0.2920687198638916,-0.19785620272159576,2.0829999446868896,-0.2656072676181793,-0.21914303302764893,2.060999870300293,-0.310370534658432,-0.2234540730714798,2.069999933242798,-0.05078727751970291,-0.18037797510623932,2.1565001010894775,-0.34673798084259033,-0.2083996683359146,2.194000005722046,0.03631901741027832,0.10505010187625885,2.368000030517578,-0.39076340198516846,0.01287580281496048,2.3519999980926514,0.031294260174036026,0.39561596512794495,2.5869998931884766,-0.4845624268054962,0.25121214985847473,2.6110000610351562
-0.30983448028564453,-0.20519587397575378,2.0889999866485596,-0.2898252606391907,-0.2231302261352539,2.066999912261963,-0.3310540020465851,-0.23055142164230347,2.073499917984009,-0.06117064133286476,-0.18357379734516144,2.1530001163482666,-0.3516707718372345,-0.20711736381053925,2.180500030517578,0.02126338519155979,0.10262364894151688,2.4010000228881836,-0.3983854651451111,0.016686823219060898,2.3519999980926514,0.0060756322927773,0.4036944508552551,2.558499813079834,-0.4972545802593231,0.259673535823822,2.6110000610351562
-0.31554341316223145,-0.20330840349197388,2.1045000553131104,-0.290245920419693,-0.2234540730714798,2.069999933242798,-0.33497828245162964,-0.2242097109556198,2.0769999027252197,-0.07512502372264862,-0.18357379734516144,2.1530001163482666,-0.35944584012031555,-0.20550259947776794,2.1635000705718994,0.0057799844071269035,0.0961463525891304,2.434000015258789,-0.40807899832725525,0.020602423697710037,2.363999843597412,-0.018798237666487694,0.39954885840415955,2.558499813079834,-0.5141774415969849,0.259673535823822,2.6110000610351562
-0.3248142898082733,-0.20829004049301147,2.120500087738037,-0.29924941062927246,-0.23194129765033722,2.0859999656677246,-0.33834370970726013,-0.230940580368042,2.0769999027252197,-0.08559081703424454,-0.18357379734516144,2.1530001163482666,-0.35959622263908386,-0.2070760577917099,2.1435000896453857,-0.010083961300551891,0.09699563682079315,2.4555001258850098,-0.4136296212673187,0.020497843623161316,2.3519999980926514,-0.03123517334461212,0.38711199164390564,2.558499813079834,-0.5268695950508118,0.25121214985847473,2.6110000610351562
-0.3361493647098541,-0.21582138538360596,2.127000093460083,-0.315168559551239,-0.23712626099586487,2.1019999980926514,-0.35121268033981323,-0.23727092146873474,2.073499917984009,-0.09605660289525986,-0.18706238269805908,2.1530001163482666,-0.37696221470832825,-0.2036028802394867,2.1435000896453857,-0.034074004739522934,0.08535390347242355,2.4639999866485596,-0.43268486857414246,0.01287580281496048,2.3519999980926514,-0.05196339637041092,0.38711199164390564,2.558499813079834,-0.5353310108184814,0.25121214985847473,2.6110000610351562
-0.3297981917858124,-0.20927229523658752,2.130500078201294,-0.30582115054130554,-0.23438747227191925,2.1080000400543213,-0.341709166765213,-0.230940580368042,2.0769999027252197,-0.10336879640817642,-0.19117048382759094,2.1600000858306885,-0.37928181886672974,-0.2099107801914215,2.13700008392334,-0.046210434287786484,0.08564834296703339,2.4724998474121094,-0.43723824620246887,0.020532704889774323,2.3559999465942383,-0.06917557865381241,0.38648396730422974,2.5820000171661377,-0.5437924265861511,0.2639042139053345,2.6110000610351562
-0.33080437779426575,-0.2099107801914215,2.13700008392334,-0.3106304705142975,-0.23544377088546753,2.117500066757202,-0.3450746238231659,-0.2275751531124115,2.0769999027252197,-0.1138686016201973,-0.19117048382759094,2.1600000858306885,-0.3827444612979889,-0.21337342262268066,2.13700008392334,-0.054705504328012466,0.07428468018770218,2.494500160217285,-0.43723824620246887,0.01671520248055458,2.3559999465942383,-0.08248641341924667,0.37318605184555054,2.6059999465942383,-0.5533114075660706,0.2559320032596588,2.616000175476074
-0.3352838158607483,-0.2140224277973175,2.1435000896453857,-0.31502559781074524,-0.24304966628551483,2.124000072479248,-0.35231366753578186,-0.23127415776252747,2.0799999237060547,-0.11774890869855881,-0.18827876448631287,2.1670000553131104,-0.38620713353157043,-0.21337342262268066,2.13700008392334,-0.05917135626077652,0.07482070475816727,2.512500047683716,-0.43723824620246887,0.020532704889774323,2.3559999465942383,-0.08670902252197266,0.36896345019340515,2.6059999465942383,-0.5554264783859253,0.2569103240966797,2.625999927520752
-0.3432679772377014,-0.2181551456451416,2.1500000953674316,-0.31891700625419617,-0.24683941900730133,2.127000093460083,-0.35383811593055725,-0.23904460668563843,2.0889999866485596,-0.11774890869855881,-0.19179001450538635,2.1670000553131104,-0.38966983556747437,-0.2099107801914215,2.13700008392334,-0.064412921667099,0.06791259348392487,2.559000015258789,-0.4471392333507538,0.012963392771780491,2.368000030517578,-0.09128056466579437,0.36190173029899597,2.616000175476074,-0.5585991144180298,0.2540985345840454,2.6410000324249268
-0.35349345207214355,-0.223700612783432,2.1700000762939453,-0.3263460695743561,-0.24724559485912323,2.130500078201294,-0.3612120747566223,-0.2428356558084488,2.0924999713897705,-0.12181976437568665,-0.19620251655578613,2.177000045776367,-0.38918906450271606,-0.21153151988983154,2.1535000801086426,-0.06573440879583359,0.06930587440729141,2.6115000247955322,-0.4440510869026184,0.012985290959477425,2.371999979019165,-0.08838929235935211,0.3632000982761383,2.6564998626708984,-0.5521231889724731,0.25506067276000977,2.6510000228881836
-0.35626277327537537,-0.22899678349494934,2.187000036239624,-0.3297981917858124,-0.25414982438087463,2.130500078201294,-0.36730340123176575,-0.24805010855197906,2.1080000400543213,-0.11547646671533585,-0.197419211268425,2.190500020980835,-0.3833639323711395,-0.21216998994350433,2.1600000858306885,-0.06160886585712433,0.0694252997636795,2.616000175476074,-0.4402076005935669,0.009141863323748112,2.371999979019165,-0.08838929235935211,0.3675045371055603,2.6564998626708984,-0.543532133102417,0.2507651746273041,2.6510000228881836
-0.35683292150497437,-0.2329125851392746,2.190500020980835,-0.33637872338294983,-0.2600201666355133,2.1505000591278076,-0.36664968729019165,-0.2533744275569916,2.124000072479248,-0.11602999269962311,-0.20193186402320862,2.2009999752044678,-0.37459033727645874,-0.21315225958824158,2.1700000762939453,-0.05737005174160004,0.0651865154504776,2.616000175476074,-0.42170029878616333,0.009157279506325722,2.375999927520752,-0.07547598332166672,0.3588956892490387,2.6564998626708984,-0.5359500646591187,0.24693451821804047,2.6560001373291016
-0.36625760793685913,-0.24154523015022278,2.2044999599456787,-0.3489290177822113,-0.26509761810302734,2.1635000705718994,0,0,0,-0.10583336651325226,-0.2064785659313202,2.2114999294281006,-0.36276865005493164,-0.2074023187160492,2.183500051498413,-0.03960371017456055,0.06803201138973236,2.563499927520752,-0.4076685905456543,0.013050983659923077,2.384000062942505,-0.054776351898908615,0.3687373399734497,2.697000026702881,-0.5250084400177002,0.2565038502216339,2.6659998893737793
-0.36139410734176636,-0.24307918548583984,2.2184998989105225,-0.3424709141254425,-0.2655264735221863,2.1670000553131104,0,0,0,-0.09523368626832962,-0.20680534839630127,2.2149999141693115,-0.3461848199367523,-0.21161656081676483,2.190500020980835,-0.027491874992847443,0.06890778988599777,2.5964999198913574,-0.39815667271614075,0.005353162996470928,2.3965001106262207,-0.0370817556977272,0.36661815643310547,2.68149995803833,-0.49908941984176636,0.2565038502216339,2.6659998893737793
-0.36139410734176636,-0.2502686083316803,2.2184998989105225,-0.3394289016723633,-0.2694101929664612,2.1700000762939453,0,0,0,-0.0883338525891304,-0.2110593020915985,2.2220001220703125,-0.3285224735736847,-0.22116151452064514,2.2150001525878906,-0.006455784197896719,0.06890778988599777,2.5964999198913574,-0.3761873245239258,0.0014752509305253625,2.4049999713897705,-0.011012070812284946,0.37096309661865234,2.68149995803833,-0.4783857762813568,0.24400119483470917,2.6710000038146973
-0.34756264090538025,-0.2506634294986725,2.2219998836517334,-0.32933515310287476,-0.27682459354400635,2.1730000972747803,0,0,0,-0.07033185660839081,-0.2110593020915985,2.2220001220703125,-0.3026524484157562,-0.2160121649503708,2.2360000610351562,0.010373088531196117,0.07311498373746872,2.5964999198913574,-0.3539793789386749,0.0053900196217000484,2.4130001068115234,0.010774589143693447,0.3687373399734497,2.697000026702881,-0.4584561586380005,0.24925881624221802,2.680999994277954
-0.3403618335723877,-0.26146456599235535,2.2219998836517334,-0.3258141279220581,-0.2838665843009949,2.1730000972747803,0,0,0,-0.05232985317707062,-0.2146596759557724,2.2220001220703125,-0.2938949167728424,-0.2240063101053238,2.2804999351501465,0.022870758548378944,0.06435174494981766,2.5824999809265137,-0.3165116608142853,0.00934805627912283,2.42549991607666,0.03268538415431976,0.3650427758693695,2.7019999027252197,-0.42370304465293884,0.24925881624221802,2.680999994277954
-0.32956063747406006,-0.2758660614490509,2.2219998836517334,-0.3157588839530945,-0.2984303832054138,2.176500082015991,0,0,0,-0.04527122527360916,-0.2225593626499176,2.2290000915527344,-0.26658129692077637,-0.23289354145526886,2.3324999809265137,0.04379342496395111,0.06435174494981766,2.5824999809265137,-0.2974117398262024,-0.01819644682109356,2.430000066757202,0.050198040902614594,0.36942094564437866,2.7019999027252197,-0.3976382315158844,0.23622649908065796,2.680999994277954
