1.3590878248214722,-0.6657866835594177,2.7279999256134033,1.4110629558563232,-0.7095019817352295,2.760499954223633,1.3475021123886108,-0.7137427926063538,2.7769999504089355,1.4760960340499878,-0.5969439148902893,2.7990000247955322,1.1673717498779297,-0.5540512800216675,2.7660000324249268,2.282820463180542,-0.7699218988418579,3.7825000286102295,1.1008356809616089,-0.31413108110427856,2.9099998474121094,2.0019900798797607,-0.8571338653564453,3.5355000495910645,1.0076332092285156,-0.036893654614686966,2.6410000324249268
1.3163375854492188,-0.6888543963432312,2.749500036239624,1.3502190113067627,-0.7259445190429688,2.755000114440918,1.298629641532898,-0.739157497882843,2.7880001068115234,1.422959327697754,-0.6221662163734436,2.810500144958496,1.10682213306427,-0.5731160044670105,2.7715001106262207,2.316087007522583,-0.850415825843811,3.9875001907348633,1.0507125854492188,-0.32556286454200745,2.927999973297119,1.9877599477767944,-0.9311848878860474,3.6459999084472656,0.9698353409767151,-0.05453234538435936,2.6665000915527344
1.2966506481170654,-0.6991603970527649,2.755000114440918,1.3278988599777222,-0.7348725199699402,2.755000114440918,1.2785592079162598,-0.7451419830322266,2.7934999465942383,1.4086586236953735,-0.6350924968719482,2.8274998664855957,1.1021977663040161,-0.5889163613319397,2.7825000286102295,2.277320384979248,-0.8827211856842041,3.9875001907348633,1.0403681993484497,-0.3378550410270691,2.9524998664855957,1.968157410621643,-0.9477852582931519,3.6644999980926514,0.9652343392372131,-0.06839275360107422,2.7019999027252197
1.2787944078445435,-0.7080883979797363,2.755000114440918,1.3126579523086548,-0.7452853918075562,2.760499954223633,1.2559270858764648,-0.7541947960853577,2.7934999465942383,1.3867870569229126,-0.6514759659767151,2.8389999866485596,1.0793964862823486,-0.5867180824279785,2.7934999465942383,2.2514755725860596,-0.8956433534622192,3.9875001907348633,1.0255556106567383,-0.34408971667289734,2.9649999141693115,2.0025079250335693,-0.9944517612457275,3.7740001678466797,0.961261510848999,-0.07789139449596405,2.7279999256134033
1.258982539176941,-0.7184478640556335,2.760499954223633,1.2947661876678467,-0.7542312145233154,2.760499954223633,1.2378214597702026,-0.763247549533844,2.7934999465942383,1.373929500579834,-0.6587336659431458,2.8505001068115234,1.0700141191482544,-0.5981168746948242,2.804500102996826,2.2320923805236816,-0.902104377746582,3.9875001907348633,1.018174171447754,-0.35447365045547485,2.9714999198913574,1.971932053565979,-1.000566840171814,3.7740001678466797,0.9529193043708801,-0.08312633633613586,2.755000114440918
1.2525272369384766,-0.7198792695999146,2.7660000324249268,1.2858202457427979,-0.7587041854858398,2.760499954223633,1.2336071729660034,-0.7707973122596741,2.804500102996826,1.3655601739883423,-0.666028618812561,2.861999988555908,1.05845308303833,-0.6038429737091064,2.809999942779541,2.2127089500427246,-0.9085654616355896,3.9875001907348633,1.0177925825119019,-0.35602444410324097,2.984499931335449,1.959701657295227,-0.9944517612457275,3.7740001678466797,0.9541356563568115,-0.07913343608379364,2.7715001106262207
1.2485089302062988,-0.7272417545318604,2.7769999504089355,1.2724014520645142,-0.7631770968437195,2.760499954223633,1.2245186567306519,-0.7707973122596741,2.804500102996826,1.3694820404052734,-0.6748840808868408,2.880000114440918,1.0470244884490967,-0.6142580509185791,2.815999984741211,2.187000036239624,-0.9188300371170044,3.9760000705718994,0.9957771301269531,-0.36649268865585327,2.990999937057495,1.8948028087615967,-0.9765733480453491,3.683500051498413,0.9443967342376709,-0.0929732397198677,2.7825000286102295
1.2534544467926025,-0.7346400618553162,2.7880001068115234,1.2729809284210205,-0.7662182450294495,2.7715001106262207,1.2269201278686523,-0.7768620252609253,2.809999942779541,1.3733454942703247,-0.6837977766990662,2.8980000019073486,1.04925537109375,-0.6155668497085571,2.822000026702881,2.1805574893951416,-0.9252724647521973,3.9760000705718994,0.9929184913635254,-0.3672278821468353,2.996999979019165,1.8979449272155762,-0.9843944311141968,3.7130000591278076,0.9520334005355835,-0.0937250480055809,2.805000066757202
1.2489368915557861,-0.7256050109863281,2.7880001068115234,1.2729809284210205,-0.7662182450294495,2.7715001106262207,1.224976897239685,-0.7739579677581787,2.815999984741211,1.3686497211456299,-0.6791020631790161,2.8980000019073486,1.0467188358306885,-0.6167665123939514,2.8274998664855957,2.168217897415161,-0.9072244167327881,3.9535000324249268,0.9900404214859009,-0.3630971908569336,3.003000020980835,1.8919285535812378,-0.9843944311141968,3.7130000591278076,0.9571152329444885,-0.09467732906341553,2.8334999084472656
1.2514007091522217,-0.722510039806366,2.7934999465942383,1.2729809284210205,-0.7572367191314697,2.7715001106262207,1.2299795150756836,-0.772537112236023,2.8274998664855957,1.3714834451675415,-0.6805080771446228,2.9040000438690186,1.0579357147216797,-0.6179662942886353,2.8329999446868896,2.1443710327148438,-0.8946033716201782,3.8984999656677246,1.0019361972808838,-0.3638831079006195,3.009500026702881,1.8979449272155762,-0.978378176689148,3.7130000591278076,0.9695128202438354,-0.09081736207008362,2.8565001487731934
1.260872721672058,-0.7208108305931091,2.804500102996826,1.2774717807769775,-0.7482552528381348,2.7715001106262207,1.2345609664916992,-0.7679556608200073,2.8274998664855957,1.37618887424469,-0.6758026480674744,2.9040000438690186,1.0601763725280762,-0.6100748181343079,2.8389999866485596,2.127403974533081,-0.8823264837265015,3.8449997901916504,1.018761157989502,-0.3646690547466278,3.0160000324249268,1.8896586894989014,-0.9679698944091797,3.6735000610351562,0.9780631065368652,-0.08653587102890015,2.868000030517578
1.2678985595703125,-0.7222244143486023,2.809999942779541,1.2819623947143555,-0.7482552528381348,2.7715001106262207,1.2391425371170044,-0.7633742094039917,2.8274998664855957,1.3874328136444092,-0.6697105765342712,2.8980000019073486,1.0762466192245483,-0.6067543029785156,2.8450000286102295,2.116154193878174,-0.8627398014068604,3.813499927520752,1.0236480236053467,-0.3548952043056488,3.0160000324249268,1.901563286781311,-0.9620175361633301,3.6735000610351562,0.9873573780059814,-0.07724164426326752,2.868000030517578
1.2797315120697021,-0.7146409153938293,2.815999984741211,1.2999255657196045,-0.739273726940155,2.7715001106262207,1.243228554725647,-0.7557064890861511,2.815999984741211,1.391040325164795,-0.6622612476348877,2.886000156402588,1.0854662656784058,-0.5975346565246582,2.8450000286102295,2.100825786590576,-0.8368905186653137,3.753000020980835,1.0334219932556152,-0.3451213538646698,3.0160000324249268,1.928573489189148,-0.9636127948760986,3.7024998664855957,1.003393530845642,-0.0727464109659195,2.874000072479248
1.3207975625991821,-0.691826581954956,2.815999984741211,1.335851788520813,-0.7213107347488403,2.7715001106262207,1.2842944860458374,-0.7328922748565674,2.815999984741211,1.4424797296524048,-0.6342035531997681,2.886000156402588,1.1198962926864624,-0.58021479845047,2.8505001068115234,2.0928502082824707,-0.7696540355682373,3.6644999980926514,1.0725175142288208,-0.3255736827850342,3.0160000324249268,1.9885666370391846,-0.9396157264709473,3.7024998664855957,1.0356409549713135,-0.054345037788152695,2.886000156402588
1.351047396659851,-0.6795828938484192,2.822000026702881,1.3583056926727295,-0.7078384757041931,2.7715001106262207,1.3088769912719727,-0.7176713347434998,2.809999942779541,1.4674803018569946,-0.6188853979110718,2.880000114440918,1.145195484161377,-0.5674512386322021,2.8559999465942383,2.0692312717437744,-0.7309136986732483,3.5625,1.0969523191452026,-0.3109129071235657,3.0160000324249268,2.0027527809143066,-0.8965423703193665,3.6735000610351562,1.0636988878250122,-0.030963648110628128,2.886000156402588
1.3755521774291992,-0.6644494533538818,2.815999984741211,1.3897411823272705,-0.6943662166595459,2.7715001106262207,1.333580732345581,-0.7026339769363403,2.804500102996826,1.47402024269104,-0.595321536064148,2.8565001487731934,1.1754258871078491,-0.5547312498092651,2.861999988555908,2.01151967048645,-0.6841511726379395,3.4155001640319824,1.121387004852295,-0.29136523604393005,3.0160000324249268,2.026562213897705,-0.878685474395752,3.6735000610351562,1.0917567014694214,-0.01693481206893921,2.886000156402588
1.4059185981750488,-0.6475749015808105,2.822000026702881,1.417799949645996,-0.6700707077980042,2.7825000286102295,1.3635149002075195,-0.681246280670166,2.809999942779541,1.4865443706512451,-0.5709516406059265,2.8274998664855957,1.2057729959487915,-0.541952908039093,2.868000030517578,2.001579523086548,-0.648199200630188,3.316500186920166,1.150708794593811,-0.27670446038246155,3.0160000324249268,2.086085557937622,-0.860828697681427,3.6735000610351562,1.1151381731033325,0.006446579936891794,2.886000156402588
1.4379268884658813,-0.6338571906089783,2.822000026702881,1.4656251668930054,-0.6663990020751953,2.805000066757202,1.3926559686660767,-0.666280210018158,2.804500102996826,1.5170015096664429,-0.5458152294158936,2.815999984741211,1.2429500818252563,-0.5233644247055054,2.868000030517578,1.9691212177276611,-0.6031575798988342,3.2195000648498535,1.1946913003921509,-0.2571567893028259,3.0160000324249268,2.1053378582000732,-0.8305256366729736,3.6449999809265137,1.1430995464324951,0.015733443200588226,2.874000072479248
1.479080319404602,-0.6155668497085571,2.822000026702881,1.5172462463378906,-0.6548050045967102,2.8334999084472656,1.427931308746338,-0.6455612778663635,2.7934999465942383,1.5471605062484741,-0.5254093408584595,2.804500102996826,1.2801272869110107,-0.5047760009765625,2.868000030517578,1.956936001777649,-0.5536512732505798,3.117000102996826,1.226251482963562,-0.22734424471855164,3.009500026702881,2.165055990219116,-0.783012330532074,3.616499900817871,1.1800633668899536,0.043492089956998825,2.861999988555908
1.5156611204147339,-0.5881313681602478,2.822000026702881,1.5585675239562988,-0.6272577047348022,2.8334999084472656,1.45549476146698,-0.6147502064704895,2.7769999504089355,1.5894795656204224,-0.5017024278640747,2.7990000247955322,1.3080101013183594,-0.4768933057785034,2.868000030517578,1.973852515220642,-0.5268380641937256,3.049499988555908,1.2625300884246826,-0.20738978683948517,3.003000020980835,2.183181047439575,-0.765320897102356,3.5885000228881836,1.209720253944397,0.07088036090135574,2.8445000648498535
