-0.07234746217727661,-0.392763614654541,2.4089999198913574,-0.04190542548894882,-0.4360647201538086,2.4549999237060547,-0.10267180949449539,-0.41642528772354126,2.388000011444092,0.14212800562381744,-0.23761609196662903,2.5450000762939453,-0.18947060406208038,-0.21063639223575592,2.567999839782715,0.35011929273605347,-0.12399259209632874,2.499000072479248,-0.24017463624477386,0.041303809732198715,2.7179999351501465,0.4522080421447754,-0.33611994981765747,2.572999954223633,-0.23160329461097717,0.2734087109565735,2.621000051498413
-0.08002118021249771,-0.3882145881652832,2.4049999713897705,-0.049861304461956024,-0.4360647201538086,2.4549999237060547,-0.11041055619716644,-0.41642528772354126,2.388000011444092,0.11717782914638519,-0.22896303236484528,2.5405001640319824,-0.2053522765636444,-0.214002788066864,2.558499813079834,0.33452364802360535,-0.09987685829401016,2.503499984741211,-0.25627344846725464,0.04981693997979164,2.7019999027252197,0.3943741023540497,-0.320656955242157,2.549499988555908,-0.2538025379180908,0.287241131067276,2.63100004196167
-0.08391810208559036,-0.3882145881652832,2.4049999713897705,-0.053839243948459625,-0.4360647201538086,2.4549999237060547,-0.11814931780099869,-0.41642528772354126,2.388000011444092,0.10501407086849213,-0.23349232971668243,2.5450000762939453,-0.22193484008312225,-0.214002788066864,2.558499813079834,0.309626966714859,-0.09969733655452728,2.499000072479248,-0.2825424373149872,0.04981693997979164,2.7019999027252197,0.3241460621356964,-0.3082638382911682,2.549499988555908,-0.27773234248161316,0.29427415132522583,2.6560001373291016
-0.09560886770486832,-0.39211148023605347,2.4049999713897705,-0.06577306240797043,-0.4360647201538086,2.4549999237060547,-0.12975744903087616,-0.4202946424484253,2.388000011444092,0.08851898461580276,-0.23349232971668243,2.5450000762939453,-0.24223625659942627,-0.2177647203207016,2.553999900817871,0.28990188241004944,-0.08770734816789627,2.503499984741211,-0.3088114261627197,0.04543880373239517,2.7019999027252197,0.2663111686706543,-0.28760865330696106,2.549499988555908,-0.30150386691093445,0.3008260726928711,2.6760001182556152
-0.10729964077472687,-0.39211148023605347,2.4049999713897705,-0.07770688086748123,-0.4360647201538086,2.4549999237060547,-0.14136557281017303,-0.4202946424484253,2.388000011444092,0.072023905813694,-0.23349232971668243,2.5450000762939453,-0.254202663898468,-0.21738103032112122,2.549499988555908,0.27873072028160095,-0.08802264928817749,2.5124998092651367,-0.3294171392917633,0.04090110585093498,2.691499948501587,0.19608311355113983,-0.2793465852737427,2.549499988555908,-0.3281320333480835,0.297044038772583,2.680999994277954
-0.11899040639400482,-0.39600837230682373,2.4049999713897705,-0.08964070677757263,-0.4360647201538086,2.4549999237060547,-0.1565803736448288,-0.41959065198898315,2.384000062942505,0.04308120161294937,-0.22073014080524445,2.5405001640319824,-0.2743728458881378,-0.21287360787391663,2.5450000762939453,0.2557210922241211,-0.10079444199800491,2.5264999866485596,-0.3498527407646179,0.036397434771060944,2.680999994277954,0.12855856120586395,-0.27219298481941223,2.5215001106262207,-0.35419684648513794,0.297044038772583,2.680999994277954
-0.13847501575946808,-0.39211148023605347,2.4049999713897705,-0.10953039675951004,-0.440042644739151,2.4549999237060547,-0.17174330353736877,-0.418886661529541,2.380000114440918,0.034786514937877655,-0.23266661167144775,2.5360000133514404,-0.2908679246902466,-0.21699735522270203,2.5450000762939453,0.23613670468330383,-0.10939176380634308,2.5360000133514404,-0.3665444254875183,0.03632955625653267,2.6760001182556152,0.0754445493221283,-0.28036433458328247,2.5215001106262207,-0.3773898184299469,0.2938462495803833,2.691499948501587
-0.15795964002609253,-0.3999052941799164,2.4049999713897705,-0.12942010164260864,-0.444020539522171,2.4549999237060547,-0.18716897070407867,-0.4265994131565094,2.380000114440918,0.01828102394938469,-0.22770126163959503,2.5264999866485596,-0.30736300349235535,-0.22112111747264862,2.5450000762939453,0.21969996392726898,-0.10939176380634308,2.5360000133514404,-0.3846057951450348,0.032053325325250626,2.680999994277954,0.054917894303798676,-0.28802070021629333,2.5169999599456787,-0.39272189140319824,0.29992473125457764,2.7069997787475586
-0.17354731261730194,-0.3999052941799164,2.4049999713897705,-0.14533185958862305,-0.440042644739151,2.4549999237060547,-0.20610404014587402,-0.42588239908218384,2.375999927520752,-0.0061810435727238655,-0.22807934880256653,2.4860000610351562,-0.32328546047210693,-0.21661366522312164,2.5405001640319824,0.20326319336891174,-0.1135009303689003,2.5360000133514404,-0.4063265025615692,0.04074154421687126,2.680999994277954,0.0589962936937809,-0.30433419346809387,2.5169999599456787,-0.4146532416343689,0.29992473125457764,2.7069997787475586
-0.19692885875701904,-0.3999052941799164,2.4049999713897705,-0.16919949650764465,-0.444020539522171,2.4549999237060547,-0.22497433423995972,-0.42516544461250305,2.371999979019165,-0.018037786707282066,-0.23319105803966522,2.4549999237060547,-0.33975136280059814,-0.22073014080524445,2.5405001640319824,0.18782100081443787,-0.11410513520240784,2.549499988555908,-0.41935890913009644,0.032053325325250626,2.680999994277954,0.07188240438699722,-0.3276934027671814,2.5399999618530273,-0.43299660086631775,0.3048730492591858,2.7119998931884766
-0.21216310560703278,-0.40313059091567993,2.4010000228881836,-0.18113331496715546,-0.4479984641075134,2.4549999237060547,-0.24034814536571503,-0.42516544461250305,2.371999979019165,-0.03394954651594162,-0.23319105803966522,2.4549999237060547,-0.35770976543426514,-0.21503625810146332,2.5219998359680176,0.1630346179008484,-0.1264982372522354,2.549499988555908,-0.43673545122146606,0.032053325325250626,2.680999994277954,0.10295172035694122,-0.3645031750202179,2.5970001220703125,-0.44268131256103516,0.3010880947113037,2.7174999713897705
-0.23550574481487274,-0.3992401957511902,2.4010000228881836,-0.20863839983940125,-0.4432970881462097,2.4509999752044678,-0.2634088397026062,-0.42516544461250305,2.371999979019165,-0.057817183434963226,-0.23716896772384644,2.4549999237060547,-0.37671786546707153,-0.21422624588012695,2.5124998092651367,0.15477249026298523,-0.1347603052854538,2.549499988555908,-0.45326510071754456,0.04066556319594383,2.6760001182556152,0.13012512028217316,-0.38706183433532715,2.636000156402588,-0.45240166783332825,0.3016974925994873,2.7230000495910645
-0.25064924359321594,-0.3985750675201416,2.3970000743865967,-0.22452422976493835,-0.4432970881462097,2.4509999752044678,-0.2859864830970764,-0.42061153054237366,2.368000030517578,-0.06975100189447403,-0.24114689230918884,2.4549999237060547,-0.3915945887565613,-0.21751539409160614,2.503499984741211,0.1382482498884201,-0.15954652428627014,2.549499988555908,-0.4610740542411804,0.04491748660802841,2.6710000038146973,0.17811636626720428,-0.39785534143447876,2.6510000228881836,-0.46122604608535767,0.31052181124687195,2.7230000495910645
-0.2695620059967041,-0.39782679080963135,2.3924999237060547,-0.24313518404960632,-0.4449874758720398,2.438499927520752,-0.3008253574371338,-0.4237315058708191,2.364000082015991,-0.08168482035398483,-0.24114689230918884,2.4549999237060547,-0.4030384123325348,-0.2130752056837082,2.499000072479248,0.1382482498884201,-0.15954652428627014,2.549499988555908,-0.46885058283805847,0.04051359370350838,2.6659998893737793,0.20700711011886597,-0.40414664149284363,2.636000156402588,-0.47350427508354187,0.3098945915699005,2.7174999713897705
-0.2879188060760498,-0.3886876404285431,2.384000062942505,-0.26197484135627747,-0.4355615973472595,2.430000066757202,-0.3194364011287689,-0.41536659002304077,2.3600001335144043,-0.0869014635682106,-0.24059849977493286,2.490499973297119,-0.4151861071586609,-0.21712441742420197,2.499000072479248,0.12835460901260376,-0.18201909959316254,2.5174999237060547,-0.4781956076622009,0.04020966589450836,2.6459999084472656,0.23806609213352203,-0.4115820825099945,2.6019999980926514,-0.47254592180252075,0.31366172432899475,2.7119998931884766
-0.30286139249801636,-0.3918918967247009,2.380000114440918,-0.27772456407546997,-0.4355615973472595,2.430000066757202,-0.33798256516456604,-0.41466253995895386,2.3559999465942383,-0.09258005023002625,-0.24494580924510956,2.5355000495910645,-0.4273338317871094,-0.20902599394321442,2.499000072479248,0.12835460901260376,-0.19017747044563293,2.5174999237060547,-0.48217135667800903,0.05257042869925499,2.621000051498413,0.26757898926734924,-0.40736597776412964,2.6019999980926514,-0.4804472327232361,0.3130834102630615,2.7069997787475586
-0.31828704476356506,-0.38803550601005554,2.380000114440918,-0.2974117398262024,-0.4355615973472595,2.430000066757202,-0.3488418757915497,-0.4101475179195404,2.3519999980926514,-0.1052982434630394,-0.24998733401298523,2.5450000762939453,-0.4379866421222687,-0.2042795866727829,2.490499973297119,0.1152636855840683,-0.20092758536338806,2.499000072479248,-0.4906652271747589,0.056817322969436646,2.621000051498413,0.2801801562309265,-0.4012601971626282,2.562999963760376,-0.48304247856140137,0.3075568377971649,2.697000026702881
-0.3293018937110901,-0.3873833119869232,2.375999927520752,-0.3086513578891754,-0.4386850595474243,2.42549991607666,-0.35966232419013977,-0.4094499945640564,2.3480000495910645,-0.11787760257720947,-0.2586914002895355,2.549499988555908,-0.44855690002441406,-0.1995607316493988,2.4820001125335693,0.10697223991155624,-0.1843980848789215,2.494500160217285,-0.4930238723754883,0.05660054460167885,2.6110000610351562,0.2801801562309265,-0.4012601971626282,2.562999963760376,-0.47867244482040405,0.31192687153816223,2.697000026702881
-0.33586710691452026,-0.38991597294807434,2.368000030517578,-0.3159244656562805,-0.43787118792533875,2.4210000038146973,-0.36727145314216614,-0.4094499945640564,2.3480000495910645,-0.1302707940340042,-0.2586914002895355,2.549499988555908,-0.4597868025302887,-0.199198916554451,2.4774999618530273,0.094352126121521,-0.18745797872543335,2.4815001487731934,-0.4972545802593231,0.060831233859062195,2.6110000610351562,0.2585045099258423,-0.3874361515045166,2.553999900817871,-0.4821469485759735,0.3113485872745514,2.691999912261963
-0.3385564088821411,-0.38477468490600586,2.3600001335144043,-0.31879040598869324,-0.4325144588947296,2.4130001068115234,-0.3748805522918701,-0.4094499945640564,2.3480000495910645,-0.13853292167186737,-0.25042933225631714,2.549499988555908,-0.466965913772583,-0.19082292914390564,2.4730000495910645,0.08200761675834656,-0.1828087568283081,2.4730000495910645,-0.5099467039108276,0.06506191939115524,2.6110000610351562,0.22873374819755554,-0.37519365549087524,2.5,-0.4811619222164154,0.32377156615257263,2.686500072479248
