-0.10729654878377914,-0.37629300355911255,1.8634999990463257,-0.07144379615783691,-0.40866920351982117,1.8734999895095825,-0.12691685557365417,-0.41064053773880005,1.8415000438690186,0.08213379234075546,-0.2697017788887024,1.9904999732971191,-0.2077399343252182,-0.33714938163757324,2.1535000801086426,0.15299482643604279,0.01309751532971859,2.3924999237060547,-0.27563735842704773,-0.09108439832925797,2.194000005722046,0.11582759022712708,0.32382404804229736,2.4260001182556152,-0.4345315396785736,0.1727527678012848,2.7779998779296875
-0.08227049559354782,-0.3723554015159607,1.843999981880188,-0.0467805452644825,-0.4053972363471985,1.8585000038146973,-0.10170299559831619,-0.4023437201976776,1.8174999952316284,0.10064429044723511,-0.26426756381988525,1.9739999771118164,-0.1954854130744934,-0.3375542461872101,2.134000062942505,0.17061296105384827,0.01680034026503563,2.368000030517578,-0.266018271446228,-0.08671154826879501,2.1735000610351562,0.12157361209392548,0.3182845711708069,2.384500026702881,-0.42102760076522827,0.18625661730766296,2.7779998779296875
-0.05798737704753876,-0.36993226408958435,1.8320000171661377,-0.019624952226877213,-0.4043065309524536,1.8534998893737793,-0.08077587932348251,-0.400794118642807,1.810499906539917,0.12234857678413391,-0.2596142292022705,1.9630000591278076,-0.1797388792037964,-0.3271525502204895,2.1115000247955322,0.18140606582164764,0.027617745101451874,2.309999942779541,-0.25310221314430237,-0.07893487811088562,2.1535000801086426,0.12372764199972153,0.3177574574947357,2.3519999980926514,-0.40302231907844543,0.1952591985464096,2.7779998779296875
-0.037055786699056625,-0.3684178292751312,1.8245000839233398,0.0013944035163149238,-0.4032159149646759,1.8485000133514404,-0.05716441199183464,-0.3997979462146759,1.805999994277954,0.1380409598350525,-0.2623933255672455,1.9600000381469727,-0.1645592600107193,-0.3208181858062744,2.0924999713897705,0.1949664056301117,0.03055294044315815,2.250500202178955,-0.23914459347724915,-0.07544548809528351,2.1535000801086426,0.1300373375415802,0.3108096420764923,2.3284997940063477,-0.38051581382751465,0.20426174998283386,2.7779998779296875
-0.016339167952537537,-0.3649607300758362,1.8220000267028809,0.025321729481220245,-0.3996794521808624,1.8459999561309814,-0.03956252709031105,-0.4022783041000366,1.8040000200271606,0.15689578652381897,-0.25888684391975403,1.9574999809265137,-0.15611928701400757,-0.3107353746891022,2.070499897003174,0.19986887276172638,0.02566298469901085,2.1465001106262207,-0.23456090688705444,-0.07162197679281235,2.1435000896453857,0.13492438197135925,0.3048030436038971,2.2834999561309814,-0.36721646785736084,0.20827433466911316,2.7129998207092285
0.004299367778003216,-0.36265718936920166,1.8105000257492065,0.04584630951285362,-0.396107017993927,1.8294999599456787,-0.019047904759645462,-0.3982483446598053,1.7990000247955322,0.1725342720746994,-0.25855621695518494,1.9550000429153442,-0.14121782779693604,-0.3075087368488312,2.0490000247955322,0.1982976347208023,0.024604901671409607,2.058000087738037,-0.23038692772388458,-0.06447948515415192,2.13700008392334,0.1397576779127121,0.284639447927475,2.185500144958496,-0.3549234867095947,0.21929901838302612,2.686500072479248
0.021568482741713524,-0.3542596697807312,1.7829999923706055,0.06590557843446732,-0.3890596926212311,1.810499906539917,-0.0015306529821828008,-0.3912751376628876,1.7675000429153442,0.185205340385437,-0.255388468503952,1.9550000429153442,-0.1367199867963791,-0.30488234758377075,2.0314998626708984,0.21485812962055206,0.024216340854763985,2.0255000591278076,-0.22314788401126862,-0.05747338756918907,2.134000062942505,0.14418865740299225,0.2797086834907532,2.0954999923706055,-0.33995553851127625,0.2310607135295868,2.6714999675750732
0.038455620408058167,-0.3416191041469574,1.7625000476837158,0.0797504186630249,-0.3763733208179474,1.7920000553131104,0.012579284608364105,-0.3764045238494873,1.7384999990463257,0.19416087865829468,-0.25466999411582947,1.9495000839233398,-0.1290155053138733,-0.29572930932044983,2.0139999389648438,0.22500333189964294,0.02713855542242527,1.9989999532699585,-0.21932975947856903,-0.05392700806260109,2.130500078201294,0.15437494218349457,0.2864994704723358,2.0954999923706055,-0.3311668932437897,0.24080388247966766,2.636000156402588
0.05260024219751358,-0.337898313999176,1.7580000162124634,0.09595225751399994,-0.3687804639339447,1.7695000171661377,0.02656441554427147,-0.37499719858169556,1.7319999933242798,0.1993473768234253,-0.25323301553726196,1.938499927520752,-0.1275421530008316,-0.28589993715286255,1.9910000562667847,0.2311919629573822,0.03680959343910217,1.996500015258789,-0.22278189659118652,-0.043570660054683685,2.130500078201294,0.1651914119720459,0.2918010950088501,2.060999870300293,-0.31530052423477173,0.2487412393093109,2.5425000190734863
0.06384887546300888,-0.3314453661441803,1.753999948501587,0.1039038896560669,-0.3607892394065857,1.7584999799728394,0.03751741349697113,-0.363932341337204,1.7195000648498535,0.20139162242412567,-0.24561333656311035,1.9279999732971191,-0.1261008083820343,-0.2762897312641144,1.968500018119812,0.22991818189620972,0.039823953062295914,1.9854999780654907,-0.22173622250556946,-0.02962249144911766,2.120500087738037,0.17776983976364136,0.297176718711853,2.052000045776367,-0.28547853231430054,0.24709336459636688,2.3324999809265137
0.07438097149133682,-0.32213959097862244,1.7344999313354492,0.11741166561841965,-0.35286933183670044,1.747499942779541,0.04564916715025902,-0.3593609035015106,1.7109999656677246,0.2036670446395874,-0.24459421634674072,1.9200000762939453,-0.12873218953609467,-0.2687450349330902,1.9600000381469727,0.2289338856935501,0.042856864631175995,1.9769999980926514,-0.22790732979774475,-0.022680925205349922,2.114000082015991,0.19325773417949677,0.30204975605010986,2.0399999618530273,-0.268098920583725,0.25334662199020386,2.190500020980835
0.08207238465547562,-0.3109048008918762,1.718999981880188,0.12543800473213196,-0.3459148108959198,1.7410000562667847,0.053572122007608414,-0.35123124718666077,1.6984999179840088,0.20308361947536469,-0.2314850389957428,1.9144999980926514,-0.13046109676361084,-0.2500919997692108,1.9385000467300415,0.2289338856935501,0.04926365613937378,1.9769999980926514,-0.23100446164608002,-0.005546133499592543,2.1110000610351562,0.20622669160366058,0.31488531827926636,2.0374999046325684,-0.27343881130218506,0.27288734912872314,2.176500082015991
0.08723524212837219,-0.30668553709983826,1.7109999656677246,0.12807483971118927,-0.3397842049598694,1.7384999990463257,0.06115514039993286,-0.34468352794647217,1.6800000667572021,0.19836239516735077,-0.22961090505123138,1.8989999294281006,-0.1344858705997467,-0.23669609427452087,1.9065001010894775,0.2289338856935501,0.05567045137286186,1.9769999980926514,-0.23337003588676453,0.011504463851451874,2.1015000343322754,0.22603535652160645,0.31818675994873047,2.0374999046325684,-0.28140896558761597,0.2773682773113251,2.1565001010894775
0.09223780035972595,-0.29938071966171265,1.7009999752044678,0.13336266577243805,-0.33609503507614136,1.7339999675750732,0.06326895952224731,-0.33331212401390076,1.6640000343322754,0.19394849240779877,-0.21581529080867767,1.8860000371932983,-0.13896726071834564,-0.2246849089860916,1.883500099182129,0.2321373075246811,0.04606026038527489,1.9769999980926514,-0.2362944781780243,0.034768588840961456,2.067500114440918,0.2491454929113388,0.3082824647426605,2.0374999046325684,-0.28837254643440247,0.2912847399711609,2.130500078201294
0.09463100135326385,-0.2927453815937042,1.6944999694824219,0.13270893692970276,-0.3288557231426239,1.7254999876022339,0.06810440868139267,-0.325259268283844,1.6505000591278076,0.18659162521362305,-0.21742060780525208,1.8734999895095825,-0.1405111402273178,-0.2132406085729599,1.8634999990463257,0.23498360812664032,0.045990366488695145,1.9739999771118164,-0.23976248502731323,0.047528039664030075,2.0399999618530273,0.26565274596214294,0.3016796112060547,2.0374999046325684,-0.29340076446533203,0.29965150356292725,2.0924999713897705
0.09973827749490738,-0.29162243008613586,1.687999963760376,0.13777974247932434,-0.32761693000793457,1.718999981880188,0.07054292410612106,-0.3215099275112152,1.6449999809265137,0.18534667789936066,-0.21295452117919922,1.8609999418258667,-0.14876702427864075,-0.20608972012996674,1.8534998893737793,0.2375185191631317,0.039482977241277695,1.9684998989105225,-0.24498461186885834,0.06040748581290245,2.0285000801086426,0.2887628674507141,0.288473904132843,2.0374999046325684,-0.2994377613067627,0.3089476525783539,2.063999891281128
0.10174492746591568,-0.2895492911338806,1.6759999990463257,0.13697823882102966,-0.32848021388053894,1.7089999914169312,0.07227382063865662,-0.32003697752952576,1.624000072479248,0.18233121931552887,-0.21295452117919922,1.8609999418258667,-0.14980512857437134,-0.19749239087104797,1.8294999599456787,0.24070817232131958,0.02991410717368126,1.9684998989105225,-0.24765196442604065,0.0724126398563385,1.996999979019165,0.31425079703330994,0.27697232365608215,2.075000047683716,-0.30902108550071716,0.31851711869239807,2.060999870300293
0.11180144548416138,-0.29286864399909973,1.6640000343322754,0.14405305683612823,-0.33393019437789917,1.6944999694824219,0.07905741780996323,-0.31819790601730347,1.6015000343322754,0.17907489836215973,-0.2156798541545868,1.8585000038146973,-0.15038971602916718,-0.19149763882160187,1.8009999990463257,0.2404024749994278,0.01713382638990879,1.965999960899353,-0.2508786618709564,0.08107145130634308,1.9714999198913574,0.3385966420173645,0.26881253719329834,2.1440000534057617,-0.30632227659225464,0.3355973958969116,2.0430002212524414
0.11691223084926605,-0.3002338409423828,1.659999966621399,0.1462356150150299,-0.34085461497306824,1.687999963760376,0.08340568840503693,-0.3227260112762451,1.5855000019073486,0.17146913707256317,-0.22265851497650146,1.8415000438690186,-0.14652980864048004,-0.1873752772808075,1.7894999980926514,0.2404024749994278,0.0075771096162498,1.965999960899353,-0.25439682602882385,0.08332560956478119,1.9494999647140503,0.3805243968963623,0.2714383602142334,2.314500093460083,-0.31168675422668457,0.34706416726112366,2.0134999752044678
0.12426627427339554,-0.30386438965797424,1.6505000591278076,0.1511666476726532,-0.34509381651878357,1.681999921798706,0.09027957916259766,-0.3223201036453247,1.5709999799728394,0.16923440992832184,-0.21975663304328918,1.8174999952316284,-0.1498604118824005,-0.17578095197677612,1.7604999542236328,0.24995926022529602,0.004391536582261324,1.965999960899353,-0.25710368156433105,0.09774701297283173,1.9224998950958252,0.42381811141967773,0.2800922393798828,2.5279998779296875,-0.3090551793575287,0.3797188401222229,1.996500015258789
