0.36903345584869385,-0.23584797978401184,1.0425000190734863,0.411406546831131,-0.26514455676078796,1.0515000820159912,0.3362736999988556,-0.2707424759864807,1.0149999856948853,0.5259689092636108,-0.18006528913974762,1.187000036239624,0.24714918434619904,-0.23695562779903412,1.2985000610351562,0.6080526113510132,0.00287594273686409,1.2874999046325684,0.17271707952022552,-0.05335473269224167,1.3940000534057617,0.4430721402168274,0.0751553326845169,1.274999976158142,0.28559979796409607,0.07087891548871994,1.3510000705718994
0.38137760758399963,-0.24449753761291504,1.058000087738037,0.42339229583740234,-0.2701474726200104,1.064500093460083,0.34639906883239746,-0.2735432982444763,1.0255000591278076,0.5323939323425293,-0.19199903309345245,1.2014999389648438,0.25484153628349304,-0.248772993683815,1.316499948501587,0.6254985928535461,-0.014258727431297302,1.3289999961853027,0.17253708839416504,-0.06543684005737305,1.4110000133514404,0.46291640400886536,0.061407916247844696,1.2899999618530273,0.29303207993507385,0.057915471494197845,1.3550000190734863
0.3909893035888672,-0.25190985202789307,1.0750000476837158,0.43170657753944397,-0.27608639001846313,1.0810000896453857,0.35395386815071106,-0.2772176265716553,1.0329999923706055,0.5423459410667419,-0.2067314237356186,1.2195000648498535,0.26580995321273804,-0.2533276379108429,1.3179999589920044,0.633110761642456,-0.02550601214170456,1.3545000553131104,0.16998814046382904,-0.07316674292087555,1.4279999732971191,0.48242002725601196,0.04574262723326683,1.3205000162124634,0.29742321372032166,0.04254661872982979,1.3550000190734863
0.3977179527282715,-0.2597886919975281,1.093500018119812,0.4380693733692169,-0.2825638949871063,1.0924999713897705,0.3566950559616089,-0.28273805975914,1.0410000085830688,0.5483458042144775,-0.21780343353748322,1.2374999523162842,0.2565837502479553,-0.26121243834495544,1.3255000114440918,0.6349875330924988,-0.04127652570605278,1.3680000305175781,0.16475927829742432,-0.08094972372055054,1.443000078201294,0.4895465075969696,0.031498976051807404,1.3519999980926514,0.30017155408859253,0.0316271148622036,1.3574999570846558
0.4033554494380951,-0.2652680575847626,1.1089999675750732,0.44468551874160767,-0.2904253304004669,1.1089999675750732,0.36029285192489624,-0.28558990359306335,1.0515000820159912,0.5505858063697815,-0.2301124483346939,1.2609999179840088,0.25447702407836914,-0.2699778378009796,1.3369998931884766,0.6269428133964539,-0.05972117558121681,1.3845000267028809,0.1588926464319229,-0.08860420435667038,1.4535000324249268,0.4984658658504486,0.020826661959290504,1.3704999685287476,0.2979719638824463,0.018429508432745934,1.3574999570846558
0.4064466953277588,-0.27213484048843384,1.122499942779541,0.4514327943325043,-0.30091238021850586,1.1349999904632568,0.36560386419296265,-0.29671528935432434,1.0670000314712524,0.5477182269096375,-0.24036376178264618,1.2829999923706055,0.2503889799118042,-0.27479034662246704,1.3499999046325684,0.6185238361358643,-0.06724316626787186,1.4010000228881836,0.1519838273525238,-0.09812597930431366,1.4550000429153442,0.5044781565666199,0.0008584672468714416,1.3995000123977661,0.2883479595184326,0.005256956908851862,1.3639999628067017
0.3964346945285797,-0.2826460599899292,1.1354999542236328,0.44422322511672974,-0.30982357263565063,1.1545000076293945,0.36072367429733276,-0.30657055974006653,1.0835000276565552,0.519067108631134,-0.25510334968566895,1.2944999933242798,0.23707929253578186,-0.2925737500190735,1.3615000247955322,0.5814457535743713,-0.09392543137073517,1.4270000457763672,0.12394767999649048,-0.10777806490659714,1.4579999446868896,0.49078086018562317,-0.013171009719371796,1.446000099182129,0.2716589868068695,-0.008033179678022861,1.36899995803833
0.39422622323036194,-0.2896219491958618,1.1559998989105225,0.4354228973388672,-0.31290972232818604,1.1660000085830688,0.35761842131614685,-0.30996590852737427,1.0954999923706055,0.505405604839325,-0.26200252771377563,1.3079999685287476,0.22779209911823273,-0.2948301136493683,1.371999979019165,0.5569159388542175,-0.10273512452840805,1.4535000324249268,0.10774198919534683,-0.11048045754432678,1.462499976158142,0.4829725921154022,-0.020667990669608116,1.4795000553131104,0.2547283172607422,-0.012619939632713795,1.3854999542236328
0.39484843611717224,-0.29713812470436096,1.1859999895095825,0.4284515082836151,-0.31803882122039795,1.1779999732971191,0.3496600389480591,-0.3123709261417389,1.1039999723434448,0.4869866371154785,-0.2691701352596283,1.3329999446868896,0.2116909772157669,-0.2971939146518707,1.3830000162124634,0.5341095328330994,-0.11093370616436005,1.4684998989105225,0.09361941367387772,-0.11296594142913818,1.4639999866485596,0.4711225628852844,-0.02318998984992504,1.4874999523162842,0.2403571456670761,-0.01964821107685566,1.406499981880188
0.38471558690071106,-0.30473339557647705,1.2085000276565552,0.41511306166648865,-0.3210086524486542,1.1890000104904175,0.3374881148338318,-0.3142392933368683,1.1169999837875366,0.47341740131378174,-0.2760116457939148,1.3559999465942383,0.19023969769477844,-0.30545493960380554,1.3900001049041748,0.5170888304710388,-0.12076559662818909,1.5019999742507935,0.07487139850854874,-0.1156926229596138,1.468500018119812,0.4533308148384094,-0.03085019253194332,1.5084999799728394,0.22101837396621704,-0.01975298300385475,1.4140000343322754
0.3699371814727783,-0.3084123134613037,1.2309999465942383,0.4050026535987854,-0.32843315601348877,1.2165000438690186,0.32723745703697205,-0.3201471269130707,1.1380000114440918,0.46093395352363586,-0.27956944704055786,1.3845000267028809,0.17604278028011322,-0.3059293031692505,1.402500033378601,0.4791729152202606,-0.11856021732091904,1.5364999771118164,0.053619954735040665,-0.11843390762805939,1.4730000495910645,0.4199887216091156,-0.031279660761356354,1.5295000076293945,0.2009647786617279,-0.024404121562838554,1.4179999828338623
0.3578094244003296,-0.31530213356018066,1.2584999799728394,0.3899695873260498,-0.3338419198989868,1.24399995803833,0.3132874369621277,-0.32683414220809937,1.1684999465942383,0.43578508496284485,-0.2912370562553406,1.4194999933242798,0.1462840586900711,-0.3079870343208313,1.4225000143051147,0.45082420110702515,-0.13040076196193695,1.559000015258789,0.027514174580574036,-0.11907712370157242,1.4809999465942383,0.3995981514453888,-0.0366390123963356,1.5464999675750732,0.1786787062883377,-0.026805322617292404,1.4235000610351562
0.34049054980278015,-0.31998372077941895,1.2855000495910645,0.366689532995224,-0.3344936668872833,1.253999948501587,0.2982757091522217,-0.33356139063835144,1.1995000839233398,0.4115448296070099,-0.28994548320770264,1.4474999904632568,0.1152973547577858,-0.30678945779800415,1.438499927520752,0.4260280430316925,-0.1329100877046585,1.5889999866485596,0.0035667773336172104,-0.11833184957504272,1.5019999742507935,0.3732371926307678,-0.04008139669895172,1.5835000276565552,0.1545989215373993,-0.029357274994254112,1.435499906539917
0.3140927255153656,-0.32507240772247314,1.3144999742507935,0.3395634889602661,-0.33780795335769653,1.2820000648498535,0.2767148017883301,-0.33654528856277466,1.2244999408721924,0.38312339782714844,-0.2975410521030426,1.4735000133514404,0.09049929678440094,-0.31437408924102783,1.4519999027252197,0.4025620222091675,-0.1336573362350464,1.6295000314712524,-0.030800271779298782,-0.11455973982810974,1.5164999961853027,0.34990841150283813,-0.033089566975831985,1.6180000305175781,0.1354806274175644,-0.025040900334715843,1.4549999237060547
0.29259952902793884,-0.3302087187767029,1.3529999256134033,0.3183525800704956,-0.34637168049812317,1.3144999742507935,0.2538164258003235,-0.335049569606781,1.2484999895095825,0.3499734401702881,-0.29668450355529785,1.5054999589920044,0.060408879071474075,-0.30985572934150696,1.4639999866485596,0.3710940182209015,-0.12226676195859909,1.6540000438690186,-0.055482301861047745,-0.11478637158870697,1.5195000171661377,0.31572091579437256,-0.03335542976856232,1.63100004196167,0.10094238072633743,-0.027624450623989105,1.4670000076293945
0.2603408694267273,-0.3350955545902252,1.3914999961853027,0.2868681848049164,-0.34877529740333557,1.3569999933242798,0.2232041209936142,-0.3387615382671356,1.2699999809265137,0.31600281596183777,-0.30399173498153687,1.5299999713897705,0.025012701749801636,-0.3026239275932312,1.475000023841858,0.33329400420188904,-0.1258533000946045,1.6660000085830688,-0.08291870355606079,-0.11280475556850433,1.5260000228881836,0.29000261425971985,-0.04933268576860428,1.6349999904632568,0.0756106823682785,-0.018313933163881302,1.4830000400543213
0.2297452837228775,-0.33635392785072327,1.4254999160766602,0.25785383582115173,-0.35592466592788696,1.402500033378601,0.189754456281662,-0.33900412917137146,1.2944999933242798,0.2790459990501404,-0.29695841670036316,1.5449999570846558,-0.018337009474635124,-0.30086228251457214,1.502000093460083,0.2967560291290283,-0.11934520304203033,1.688499927520752,-0.12328360974788666,-0.10607749968767166,1.5360000133514404,0.25650009512901306,-0.046854760497808456,1.6410000324249268,0.054620999842882156,-0.011236118152737617,1.500499963760376
0.18831349909305573,-0.33323559165000916,1.462499976158142,0.2178901731967926,-0.3474147617816925,1.4235000610351562,0.15302787721157074,-0.3353685736656189,1.3214999437332153,0.2446989119052887,-0.2932887673377991,1.565500020980835,-0.058192282915115356,-0.29577913880348206,1.5260000228881836,0.26067227125167847,-0.11761066317558289,1.7030000686645508,-0.15384769439697266,-0.09406005591154099,1.5429999828338623,0.21786940097808838,-0.047126010060310364,1.6505000591278076,0.01332836039364338,-0.006392617244273424,1.5049999952316284
0.15101361274719238,-0.3302871286869049,1.4919999837875366,0.18169119954109192,-0.3485812544822693,1.4474999904632568,0.11997970193624496,-0.3317950963973999,1.3594999313354492,0.2093278467655182,-0.2955796718597412,1.6054999828338623,-0.09634337574243546,-0.28907349705696106,1.5429999828338623,0.2288951724767685,-0.11830127239227295,1.7130000591278076,-0.1930866688489914,-0.08734491467475891,1.556999921798706,0.17942306399345398,-0.04216963052749634,1.6660000085830688,-0.030759653076529503,-0.003978976048529148,1.5145000219345093
0.10634787380695343,-0.3195916414260864,1.5099999904632568,0.13687734305858612,-0.3349445164203644,1.4700000286102295,0.07996437698602676,-0.32607677578926086,1.3914999961853027,0.17099487781524658,-0.29342153668403625,1.6370000839233398,-0.1350606083869934,-0.2816048860549927,1.556999921798706,0.20033162832260132,-0.11386895179748535,1.7300000190734863,-0.22816692292690277,-0.07891564816236496,1.590499997138977,0.14405931532382965,-0.04372631013393402,1.7274999618530273,-0.06539523601531982,0.0009329965687356889,1.5210000276565552
