0.04310114309191704,-0.17674490809440613,1.5230000019073486,0.07902666926383972,-0.2200624942779541,1.5499999523162842,0.008504477329552174,-0.21502235531806946,1.5145000219345093,0.2049931138753891,-0.02579350583255291,1.6545000076293945,-0.13696841895580292,-0.0266041811555624,1.7065000534057617,0.28236672282218933,0.23101924359798431,1.7519999742507935,-0.22771868109703064,0.18957066535949707,1.7894999980926514,0.111662358045578,0.3211379945278168,1.7030000686645508,-0.21124649047851562,0.29051733016967773,1.8224999904632568
0.03273909538984299,-0.17899636924266815,1.500499963760376,0.06793471425771713,-0.2191995084285736,1.5264999866485596,-0.0037021618336439133,-0.21622732281684875,1.4890000820159912,0.19068841636180878,-0.027949433773756027,1.624000072479248,-0.14951269328594208,-0.026378126814961433,1.6920000314712524,0.273609459400177,0.23125521838665009,1.7325000762939453,-0.24176040291786194,0.20127467811107635,1.7649999856948853,0.1014413982629776,0.3205188512802124,1.6710000038146973,-0.20879316329956055,0.3033342957496643,1.7764999866485596
0.022461654618382454,-0.1770748645067215,1.4644999504089355,0.0591466911137104,-0.21908050775527954,1.4919999837875366,-0.013115276582539082,-0.21474884450435638,1.4625000953674316,0.1788545846939087,-0.027347072958946228,1.5889999866485596,-0.16287267208099365,-0.02319648489356041,1.6605000495910645,0.2705298662185669,0.23420359194278717,1.7130000591278076,-0.26006650924682617,0.20903842151165009,1.7344999313354492,0.09949877113103867,0.31703653931617737,1.6389999389648438,-0.2099609225988388,0.3024797737598419,1.7384999990463257
0.01734672114253044,-0.1733870804309845,1.434000015258789,0.05081580951809883,-0.21452856063842773,1.4609999656677246,-0.017494630068540573,-0.21273909509181976,1.433000087738037,0.176828533411026,-0.024491747841238976,1.5709999799728394,-0.1639474332332611,-0.022602777928113937,1.6180000305175781,0.2666606307029724,0.23632575571537018,1.688499927520752,-0.2752529978752136,0.2161533534526825,1.7239999771118164,0.10346735268831253,0.31559616327285767,1.6180000305175781,-0.20742473006248474,0.31274059414863586,1.7174999713897705
0.01479266956448555,-0.17072701454162598,1.4119999408721924,0.049737583845853806,-0.21229371428489685,1.4300000667572021,-0.021713677793741226,-0.20865650475025177,1.4054999351501465,0.17525272071361542,-0.02175063081085682,1.556999921798706,-0.16652436554431915,-0.01708579622209072,1.5924999713897705,0.260659396648407,0.2363559603691101,1.6505000591278076,-0.2829379737377167,0.21903926134109497,1.7030000686645508,0.1015808954834938,0.3175637722015381,1.5885000228881836,-0.2035985141992569,0.30560311675071716,1.6634999513626099
0.014588380232453346,-0.16836923360824585,1.3924999237060547,0.0485028401017189,-0.207023486495018,1.3945000171661377,-0.021389247849583626,-0.20778225362300873,1.3845000267028809,0.1752636730670929,-0.021443301811814308,1.534999966621399,-0.1662907749414444,-0.01680148020386696,1.565999984741211,0.2558425962924957,0.2398630529642105,1.6200000047683716,-0.2882792055606842,0.23103053867816925,1.6700000762939453,0.10484743863344193,0.31702321767807007,1.560499906539917,-0.18962877988815308,0.3026909828186035,1.5915000438690186
0.01655438542366028,-0.16546736657619476,1.368499994277954,0.04976135119795799,-0.2029409110546112,1.3669999837875366,-0.018862394616007805,-0.20470565557479858,1.3639999628067017,0.1733226478099823,-0.018746156245470047,1.5180000066757202,-0.17140454053878784,-0.009057131595909595,1.5434999465942383,0.2529209554195404,0.23971885442733765,1.6015000343322754,-0.2875359058380127,0.23148705065250397,1.6349999904632568,0.1031341403722763,0.3168172240257263,1.534999966621399,-0.1819961816072464,0.30454906821250916,1.5485000610351562
0.01840832270681858,-0.16226321458816528,1.3420000076293945,0.05341833829879761,-0.20222938060760498,1.347499966621399,-0.01859273575246334,-0.20177915692329407,1.3445000648498535,0.17352424561977386,-0.016077278181910515,1.4984999895095825,-0.16807305812835693,-0.003976348787546158,1.5134999752044678,0.2546383738517761,0.24406766891479492,1.5959999561309814,-0.28486430644989014,0.23807232081890106,1.590499997138977,0.10648873448371887,0.3194199204444885,1.5119999647140503,-0.17560407519340515,0.3077796697616577,1.5149999856948853
0.022350333631038666,-0.1593613475561142,1.318000078201294,0.058833733201026917,-0.19840240478515625,1.3220000267028809,-0.01397622749209404,-0.2002410888671875,1.3199999332427979,0.17797298729419708,-0.011045168153941631,1.4749999046325684,-0.16669468581676483,-0.001489741145633161,1.4795000553131104,0.25633805990219116,0.2483808845281601,1.590499997138977,-0.28208664059638977,0.24158768355846405,1.5469999313354492,0.10609272867441177,0.32061904668807983,1.472499966621399,-0.16977770626544952,0.3090076148509979,1.4854999780654907
0.026177188381552696,-0.15670128166675568,1.2960000038146973,0.061757203191518784,-0.1941251903772354,1.2934999465942383,-0.009566272608935833,-0.19751054048538208,1.3020000457763672,0.17791739106178284,-0.006180237513035536,1.4549999237060547,-0.164272278547287,0.0008943516877479851,1.4579999446868896,0.2586151659488678,0.2558431029319763,1.5729999542236328,-0.26990917325019836,0.2426666021347046,1.5069999694824219,0.1060844287276268,0.3228757083415985,1.440000057220459,-0.16342726349830627,0.30877795815467834,1.4505000114440918
0.03211371600627899,-0.15287160873413086,1.281499981880188,0.06485285609960556,-0.18883749842643738,1.2720000743865967,-0.003193704877048731,-0.19277450442314148,1.284500002861023,0.18289236724376678,-0.0037793046794831753,1.438499927520752,-0.15508262813091278,0.0008823901880532503,1.438499927520752,0.2543405592441559,0.2691608667373657,1.5469999313354492,-0.2639091908931732,0.24204733967781067,1.4735000133514404,0.11249532550573349,0.3304785490036011,1.4325000047683716,-0.14567077159881592,0.3172702193260193,1.4149999618530273
0.04410297051072121,-0.14509743452072144,1.2679998874664307,0.0780961662530899,-0.1819562315940857,1.253000020980835,0.009167646057903767,-0.18809519708156586,1.2669999599456787,0.1902782917022705,0.007795554120093584,1.4240000247955322,-0.14628846943378448,0.012384113855659962,1.4210000038146973,0.2652014195919037,0.2797917425632477,1.5230000019073486,-0.25012966990470886,0.2591535449028015,1.4490000009536743,0.12139731645584106,0.3479510545730591,1.4279999732971191,-0.12295916676521301,0.3368026614189148,1.3914999961853027
0.05147545784711838,-0.13870888948440552,1.247499942779541,0.08521959185600281,-0.1778438240289688,1.2384999990463257,0.015157212503254414,-0.1819562315940857,1.253000020980835,0.1973361372947693,0.01683965139091015,1.4084999561309814,-0.13958962261676788,0.014469563029706478,1.4000000953674316,0.27280229330062866,0.28956907987594604,1.496999979019165,-0.2405218482017517,0.26547127962112427,1.4200000762939453,0.1325475573539734,0.358387291431427,1.4235000610351562,-0.10687504708766937,0.3399464190006256,1.3589999675750732
0.05657099187374115,-0.13239924609661102,1.2265000343322754,0.09177859872579575,-0.17109331488609314,1.218999981880188,0.022971829399466515,-0.17755663394927979,1.2365000247955322,0.20704305171966553,0.025756577029824257,1.3970000743865967,-0.13079240918159485,0.023190269246697426,1.378999948501587,0.279202401638031,0.302964985370636,1.4795000553131104,-0.22512808442115784,0.26956358551979065,1.3819999694824219,0.1342218667268753,0.36199408769607544,1.3930000066757202,-0.09851236641407013,0.3395156264305115,1.30649995803833
0.06547744572162628,-0.12643511593341827,1.2074999809265137,0.10201456397771835,-0.16453777253627777,1.2000000476837158,0.030447259545326233,-0.16856318712234497,1.2149999141693115,0.22065469622612,0.03222121670842171,1.3830000162124634,-0.11810213327407837,0.02510206028819084,1.3615000247955322,0.28693723678588867,0.31292906403541565,1.4700000286102295,-0.21517035365104675,0.2743893265724182,1.3615000247955322,0.13816002011299133,0.36001521348953247,1.3434998989105225,-0.08419232070446014,0.33928224444389343,1.250999927520752
0.07416954636573792,-0.12074633687734604,1.190000057220459,0.11145726591348648,-0.15830782055854797,1.1970000267028809,0.03956129774451256,-0.16164493560791016,1.193000078201294,0.22646386921405792,0.038408949971199036,1.3639999628067017,-0.11029653996229172,0.03574765846133232,1.347000002861023,0.29876962304115295,0.3150993883609772,1.4579999446868896,-0.20573973655700684,0.28678077459335327,1.3574999570846558,0.14806997776031494,0.3695645332336426,1.315500020980835,-0.06336576491594315,0.34157416224479675,1.2020000219345093
0.08222592622041702,-0.11846331506967545,1.1675000190734863,0.11928252875804901,-0.15395155549049377,1.1784999370574951,0.050302039831876755,-0.15703438222408295,1.1730000972747803,0.23859629034996033,0.0418558232486248,1.3329999446868896,-0.09772346168756485,0.04373505711555481,1.3245000839233398,0.3125491142272949,0.3216424882411957,1.434499979019165,-0.19194427132606506,0.28916531801223755,1.3380000591278076,0.15346659719944,0.3798832297325134,1.306999921798706,-0.0521998293697834,0.34385544061660767,1.1700000762939453
0.0923340693116188,-0.1168905645608902,1.1519999504089355,0.1278001070022583,-0.15048977732658386,1.1519999504089355,0.058862123638391495,-0.1545577049255371,1.1545000076293945,0.23836031556129456,0.04742901027202606,1.3079999685287476,-0.0853835865855217,0.042926061898469925,1.2999999523162842,0.3198949694633484,0.3219722509384155,1.405500054359436,-0.17606087028980255,0.28878509998321533,1.316499948501587,0.15958362817764282,0.38479578495025635,1.2879999876022339,-0.04248348996043205,0.35702717304229736,1.1635000705718994
0.10259021073579788,-0.11397554725408554,1.1414999961853027,0.13616442680358887,-0.14741988480091095,1.128499984741211,0.06911491602659225,-0.1524157077074051,1.1384999752044678,0.2520347237586975,0.05143079534173012,1.3020000457763672,-0.07436195760965347,0.042645398527383804,1.2915000915527344,0.3272749185562134,0.3270772099494934,1.3884999752044678,-0.16631925106048584,0.2951722741127014,1.306999921798706,0.16970044374465942,0.3876495063304901,1.2699999809265137,-0.034597042948007584,0.36469802260398865,1.1519999504089355
0.11204461008310318,-0.11415094137191772,1.125,0.14478889107704163,-0.1450684815645218,1.1104999780654907,0.07972569018602371,-0.15154552459716797,1.1319999694824219,0.2666402757167816,0.05308812856674194,1.2910000085830688,-0.06352752447128296,0.04447825253009796,1.284000039100647,0.33291661739349365,0.33493468165397644,1.3654999732971191,-0.15651962161064148,0.29688796401023865,1.2960000038146973,0.17258433997631073,0.3930753171443939,1.2609999179840088,-0.026600612327456474,0.3667258322238922,1.129499912261963
