-0.22974573075771332,-0.4251597821712494,2.507999897003174,-0.19794297218322754,-0.46339088678359985,2.5169999599456787,-0.25859639048576355,-0.4432690441608429,2.4730000495910645,-0.027857163920998573,-0.2413824498653412,2.63100004196167,-0.37005892395973206,-0.2729821801185608,2.7339999675750732,0.04904185235500336,0.0205179825425148,2.8919999599456787,-0.5484744310379028,-0.13499815762043,2.553999900817871,0.11543543636798859,0.2970219850540161,3.0360000133514404,-0.6102584004402161,-0.33036887645721436,2.6610000133514404
-0.24644236266613007,-0.42592260241508484,2.5124998092651367,-0.21833497285842896,-0.46339088678359985,2.5169999599456787,-0.2746248245239258,-0.4432690441608429,2.4730000495910645,-0.036383405327796936,-0.2413824498653412,2.63100004196167,-0.37891891598701477,-0.26855218410491943,2.7339999675750732,0.034983765333890915,0.0205179825425148,2.8919999599456787,-0.5650278329849243,-0.12672150135040283,2.553999900817871,0.10067736357450485,0.2921026647090912,3.0360000133514404,-0.61888188123703,-0.31743377447128296,2.6610000133514404
-0.2636679410934448,-0.4274483621120453,2.5215001106262207,-0.23057018220424652,-0.4593124985694885,2.5169999599456787,-0.290653258562088,-0.43926194310188293,2.4730000495910645,-0.05758935213088989,-0.23666872084140778,2.625999927520752,-0.3973643481731415,-0.26460522413253784,2.738999843597412,0.020925676450133324,0.03926198184490204,2.8919999599456787,-0.5867515802383423,-0.12694478034973145,2.558499813079834,0.08063974976539612,0.3054961562156677,3.0225000381469727,-0.6036695241928101,-0.3033543527126312,2.6510000228881836
-0.2840964198112488,-0.423362672328949,2.5215001106262207,-0.2514108717441559,-0.46013370156288147,2.5215001106262207,-0.3106887936592102,-0.4432690441608429,2.4730000495910645,-0.08296120166778564,-0.23197121918201447,2.621000051498413,-0.4158746600151062,-0.26064208149909973,2.74399995803833,-0.0024992728140205145,0.034504249691963196,2.886000156402588,-0.6210071444511414,-0.12716805934906006,2.562999963760376,0.0606660358607769,0.3035757541656494,3.003499984741211,-0.6036695241928101,-0.2818768620491028,2.6510000228881836
-0.2993668019771576,-0.42592260241508484,2.5124998092651367,-0.26823148131370544,-0.46504783630371094,2.5260000228881836,-0.33072429895401,-0.4432690441608429,2.4730000495910645,-0.10844270884990692,-0.23197121918201447,2.621000051498413,-0.4469981789588928,-0.2517496645450592,2.74399995803833,-0.021116333082318306,0.03436078131198883,2.874000072479248,-0.6459247469902039,-0.11886224150657654,2.562999963760376,0.03133489936590195,0.30231231451034546,2.990999937057495,-0.6165561079978943,-0.2732858657836914,2.6510000228881836
-0.3237934410572052,-0.42592260241508484,2.5124998092651367,-0.29278936982154846,-0.46095484495162964,2.5260000228881836,-0.3513981103897095,-0.44407564401626587,2.4774999618530273,-0.11693653464317322,-0.23197121918201447,2.621000051498413,-0.4692292809486389,-0.25619587302207947,2.74399995803833,-0.048955097794532776,0.04358327016234398,2.868000030517578,-0.66382896900177,-0.11493311077356339,2.567999839782715,0.007102683652192354,0.3071587085723877,2.990999937057495,-0.6165561079978943,-0.2689903676509857,2.6510000228881836
-0.3394688069820404,-0.4251597821712494,2.507999897003174,-0.31325432658195496,-0.46504783630371094,2.5260000228881836,-0.37147006392478943,-0.44407564401626587,2.4774999618530273,-0.1424180418252945,-0.23621810972690582,2.621000051498413,-0.48701414465904236,-0.25619587302207947,2.74399995803833,-0.0768379420042038,0.04358327016234398,2.868000030517578,-0.6843153834342957,-0.11976657807826996,2.5824999809265137,-0.021744532510638237,0.3087192177772522,2.9594998359680176,-0.6294426918029785,-0.2689903676509857,2.6510000228881836
-0.35978788137435913,-0.4251597821712494,2.507999897003174,-0.32962626218795776,-0.46504783630371094,2.5260000228881836,-0.3875276744365692,-0.44407564401626587,2.4774999618530273,-0.16789953410625458,-0.23197121918201447,2.621000051498413,-0.5127553939819336,-0.2557290494441986,2.738999843597412,-0.10472079366445541,0.057524602860212326,2.868000030517578,-0.7315032482147217,-0.12907831370830536,2.6015000343322754,-0.045721542090177536,0.3039238452911377,2.9594998359680176,-0.6509203314781189,-0.2732858657836914,2.6510000228881836
-0.38010698556900024,-0.4251597821712494,2.507999897003174,-0.35418418049812317,-0.46504783630371094,2.5260000228881836,-0.40759965777397156,-0.44407564401626587,2.4774999618530273,-0.1859453320503235,-0.23329879343509674,2.636000156402588,-0.522996723651886,-0.24982303380966187,2.7230000495910645,-0.12795649468898773,0.048230379819869995,2.868000030517578,-0.7369912266731262,-0.12930159270763397,2.6059999465942383,-0.07911521941423416,0.3128260374069214,2.953000068664551,-0.665462076663971,-0.2729741930961609,2.6069998741149902
-0.39565110206604004,-0.42439696192741394,2.503499984741211,-0.36581024527549744,-0.4642193615436554,2.5215001106262207,-0.42288777232170105,-0.44727611541748047,2.4730000495910645,-0.20730143785476685,-0.23329879343509674,2.636000156402588,-0.5462412238121033,-0.25274133682250977,2.7069997787475586,-0.15583935379981995,0.048230379819869995,2.868000030517578,-0.7595587968826294,-0.133780375123024,2.6110000610351562,-0.11260931193828583,0.31761085987091064,2.953000068664551,-0.6764861345291138,-0.28515997529029846,2.492000102996826
-0.4151861071586609,-0.42768335342407227,2.499000072479248,-0.3862387239933014,-0.4683050215244293,2.5215001106262207,-0.44292327761650085,-0.45128318667411804,2.4730000495910645,-0.23248693346977234,-0.23285627365112305,2.63100004196167,-0.5692803859710693,-0.25565528869628906,2.691499948501587,-0.17907504737377167,0.05287749320268631,2.868000030517578,-0.7891738414764404,-0.133780375123024,2.6110000610351562,-0.1410313993692398,0.3169655501842499,2.947000026702881,-0.6907525658607483,-0.2953263223171234,2.442500114440918
-0.43138304352760315,-0.43173253536224365,2.499000072479248,-0.39778462052345276,-0.4674692153930664,2.5169999599456787,-0.4581165909767151,-0.4504620432853699,2.4685001373291016,-0.24953940510749817,-0.2413824498653412,2.63100004196167,-0.5856351256370544,-0.2595334053039551,2.686500072479248,-0.20231075584888458,0.04358327016234398,2.868000030517578,-0.806096613407135,-0.14224174618721008,2.6110000610351562,-0.16930800676345825,0.31626638770103455,2.940499782562256,-0.7342870831489563,-0.3111569583415985,2.442500114440918
-0.4541285037994385,-0.43026402592658997,2.490499973297119,-0.4263334274291992,-0.47154760360717773,2.5169999599456787,-0.4821154773235321,-0.4504620432853699,2.4685001373291016,-0.2766866385936737,-0.24704602360725403,2.6459999084472656,-0.6148450970649719,-0.2633461654186249,2.680999994277954,-0.2348407357931137,0.03428904712200165,2.868000030517578,-0.8314809203147888,-0.14647243916988373,2.6110000610351562,-0.205696702003479,0.3041815161705017,2.9159998893737793,-0.8015677332878113,-0.326987624168396,2.442500114440918
-0.46062198281288147,-0.42879557609558105,2.4820001125335693,-0.43041184544563293,-0.47154760360717773,2.5169999599456787,-0.48832812905311584,-0.452804833650589,2.4594998359680176,-0.2858005464076996,-0.24751286208629608,2.6510000228881836,-0.6191892027854919,-0.2676902711391449,2.680999994277954,-0.2487821727991104,0.029641931876540184,2.868000030517578,-0.848403811454773,-0.15070311725139618,2.6110000610351562,-0.2104216068983078,0.2994566261768341,2.9159998893737793,-0.8253138065338135,-0.34677591919898987,2.442500114440918
-0.46062198281288147,-0.42879557609558105,2.4820001125335693,-0.4337134063243866,-0.4707045257091522,2.5124998092651367,-0.4906119406223297,-0.4512399733066559,2.4509999752044678,-0.28633958101272583,-0.24797970056533813,2.6560001373291016,-0.6223705410957336,-0.2671910524368286,2.6760001182556152,-0.2487821727991104,0.029641931876540184,2.868000030517578,-0.8467791080474854,-0.15041451156139374,2.6059999465942383,-0.21695417165756226,0.3019726276397705,2.940499782562256,-0.8451022505760193,-0.35073360800743103,2.442500114440918
-0.46062198281288147,-0.4328172504901886,2.4820001125335693,-0.4329366087913513,-0.47392529249191284,2.507999897003174,-0.48664048314094543,-0.4552114009857178,2.4509999752044678,-0.28795671463012695,-0.2493801862001419,2.6710000038146973,-0.629863440990448,-0.26669180393218994,2.6710000038146973,-0.2487821727991104,0.02499482035636902,2.868000030517578,-0.8420675992965698,-0.16217486560344696,2.5915000438690186,-0.21695417165756226,0.3019726276397705,2.940499782562256,-0.875690758228302,-0.35912033915519714,2.4730000495910645
-0.452578604221344,-0.4328172504901886,2.4820001125335693,-0.42810332775115967,-0.4730749726295471,2.503499984741211,-0.48266905546188354,-0.4552114009857178,2.4509999752044678,-0.28362879157066345,-0.2537080943584442,2.6710000038146973,-0.6220226287841797,-0.26089051365852356,2.6560001373291016,-0.2441350221633911,0.02499482035636902,2.868000030517578,-0.8261094689369202,-0.16902627050876617,2.567999839782715,-0.21218955516815186,0.3019726276397705,2.940499782562256,-0.8909427523612976,-0.3644489645957947,2.4820001125335693
-0.44855690002441406,-0.43683892488479614,2.4820001125335693,-0.41443848609924316,-0.4713743329048157,2.494500160217285,-0.4779163599014282,-0.4544685184955597,2.447000026702881,-0.27930083870887756,-0.2537080943584442,2.6710000038146973,-0.6099510192871094,-0.2594170868396759,2.6410000324249268,-0.23533204197883606,0.02504711225628853,2.874000072479248,-0.8088707327842712,-0.17541460692882538,2.5399999618530273,-0.19624686241149902,0.2994566261768341,2.9159998893737793,-0.9136552810668945,-0.3744831383228302,2.5225000381469727
-0.4324701428413391,-0.43683892488479614,2.4820001125335693,-0.40231266617774963,-0.4713743329048157,2.494500160217285,-0.4620564579963684,-0.4544685184955597,2.447000026702881,-0.26100823283195496,-0.2527582347393036,2.6610000133514404,-0.601392388343811,-0.2636964023113251,2.6410000324249268,-0.2176094353199005,0.029827971011400223,2.886000156402588,-0.7893111109733582,-0.17790457606315613,2.5169999599456787,-0.17734719812870026,0.2994566261768341,2.9159998893737793,-0.9335763454437256,-0.39100104570388794,2.5774998664855957
-0.41638341546058655,-0.43683892488479614,2.4820001125335693,-0.38614487648010254,-0.4713743329048157,2.494500160217285,-0.4461965560913086,-0.4544685184955597,2.447000026702881,-0.2437613159418106,-0.2527582347393036,2.6610000133514404,-0.5831689238548279,-0.2631971836090088,2.636000156402588,-0.1946316659450531,0.02988998033106327,2.8919999599456787,-0.767469584941864,-0.1806815266609192,2.499000072479248,-0.1584475338459015,0.2947317659854889,2.9159998893737793,-0.9293999075889587,-0.39935386180877686,2.5774998664855957
