0.06944131851196289,-0.3805044889450073,1.996500015258789,0.11112543940544128,-0.5163523554801941,2.496999979019165,0.029777605086565018,-0.40462687611579895,1.941499948501587,0.09197499603033066,-0.24061796069145203,2.2290000915527344,-0.11697946488857269,-0.16581383347511292,1.8734999895095825,0.10439923405647278,-0.03400893881917,2.434499979019165,-0.05287161096930504,0.04957401379942894,1.7604999542236328,0.20768725872039795,0.02574031800031662,2.490499973297119,0.07202240079641342,0.1534256935119629,1.6795001029968262
0.0686587318778038,-0.3762162923812866,1.9739999771118164,0.1200484111905098,-0.5578135848045349,2.697499990463257,0.02961656264960766,-0.40243858098983765,1.930999994277954,0.08891824632883072,-0.23849482834339142,2.243000030517578,-0.1151375100016594,-0.15423926711082458,1.843999981880188,0.10296265035867691,-0.03354095667600632,2.4010000228881836,-0.03544113039970398,0.04065511003136635,1.744999885559082,0.20476855337619781,0.02935730665922165,2.4555001258850098,0.09118039906024933,0.1617821455001831,1.68149995803833
0.06761528551578522,-0.37364867329597473,1.944000005722046,0.1263456642627716,-0.5916743278503418,2.8389999866485596,0.029447851702570915,-0.40014609694480896,1.9200000762939453,0.08399730920791626,-0.24535301327705383,2.307499885559082,-0.11335800588130951,-0.15185542404651642,1.815500020980835,0.10279112309217453,-0.029601143673062325,2.3970000743865967,-0.007010108325630426,0.03700387850403786,1.7070000171661377,0.1947271078824997,0.03298305347561836,2.429500102996826,0.10866772383451462,0.1733974665403366,1.743499994277954
0.06660662591457367,-0.3680746853351593,1.9149999618530273,0.12710222601890564,-0.5952172875404358,2.8559999465942383,0.029363496229052544,-0.39899981021881104,1.9144999980926514,0.08307567238807678,-0.2539656162261963,2.3884999752044678,-0.10764902085065842,-0.14804962277412415,1.7699999809265137,0.09428571909666061,-0.03192048519849777,2.2850000858306885,0.006703655701130629,0.028218472376465797,1.6779999732971191,0.19788873195648193,0.043751150369644165,2.373000144958496,0.11464570462703705,0.17956103384494781,1.748500108718872
0.06605011969804764,-0.364999383687973,1.8989999294281006,0.12710222601890564,-0.5952172875404358,2.8559999465942383,0.029248462989926338,-0.3974367380142212,1.906999945640564,0.08392782509326935,-0.2565706968307495,2.4130001068115234,-0.10279788076877594,-0.14524754881858826,1.7365000247955322,0.08954048156738281,-0.023281745612621307,2.1700000762939453,0.017474627122282982,0.02805030532181263,1.6679999828338623,0.1885649561882019,0.05372532457113266,2.305999994277954,0.12597838044166565,0.17672789096832275,1.748500108718872
0.0690179392695427,-0.3613505959510803,1.8960000276565552,0.13066250085830688,-0.6118900179862976,2.935999870300293,0.03225366398692131,-0.3963946998119354,1.9019999504089355,0.08157651871442795,-0.2575820982456207,2.4600000381469727,-0.10253148525953293,-0.14767757058143616,1.7319999933242798,0.08525131642818451,-0.016103481873869896,2.1505000591278076,0.022667475044727325,0.02511204592883587,1.6524999141693115,0.18292273581027985,0.0738658532500267,2.236999988555908,0.15415644645690918,0.20694902539253235,2.0475001335144043
0.06874492764472961,-0.3568612337112427,1.8884999752044678,0.13600294291973114,-0.6319474577903748,3.055999994277954,0.03203321620821953,-0.3875637650489807,1.8889999389648438,0.0794040709733963,-0.2636028230190277,2.5174999237060547,-0.10521627962589264,-0.13909752666950226,1.7300000190734863,0.07755418121814728,-0.01595371589064598,2.130500078201294,0.02493864856660366,0.027344001457095146,1.625999927520752,0.1728859394788742,0.06423413753509521,2.1570000648498535,0.18341335654258728,0.23761218786239624,2.243000030517578
0.07104450464248657,-0.35308191180229187,1.868499994277954,0.13840614259243011,-0.6431140899658203,3.1100001335144043,0.0348525270819664,-0.3848966062068939,1.8760000467300415,0.07545950263738632,-0.2599875032901764,2.5219998359680176,-0.10509464144706726,-0.1333368420600891,1.7280000448226929,0.07375422865152359,-0.009007006883621216,2.120500087738037,0.024501534178853035,0.026864727959036827,1.5975000858306885,0.1663135439157486,0.06179222837090492,2.075000047683716,0.23301824927330017,0.29480913281440735,2.740999937057495
0.0705692246556282,-0.3507198393344879,1.8559999465942383,0.14344540238380432,-0.6431140899658203,3.1100001335144043,0.0348525270819664,-0.3848966062068939,1.8760000467300415,0.07643192261457443,-0.26747703552246094,2.554500102996826,-0.10217630118131638,-0.13597922027111053,1.7260000705718994,0.07695355266332626,-0.00897939782589674,2.114000082015991,0.026878055185079575,0.03179096803069115,1.5850000381469727,0.16423796117305756,0.059811897575855255,2.008500099182129,0.23745961487293243,0.3036918044090271,2.740999937057495
0.07020801305770874,-0.3459327220916748,1.8464999198913574,0.14409112930297852,-0.6460091471672058,3.124000072479248,0.034806083887815475,-0.3843836784362793,1.873500108718872,0.08145423233509064,-0.26622432470321655,2.5824999809265137,-0.10205789655447006,-0.13302819430828094,1.7239999771118164,0.07298903167247772,-0.0021130258683115244,2.0985000133514404,0.029251230880618095,0.03413158282637596,1.5745000839233398,0.15914002060890198,0.059126969426870346,1.9854999780654907,0.2898409366607666,0.36254262924194336,3.2249999046325684
0.06984680145978928,-0.3411763906478882,1.8370000123977661,0.14572854340076447,-0.6482307314872742,3.1595001220703125,0.03471319377422333,-0.38335782289505005,1.868499994277954,0.07768858224153519,-0.2676675617694855,2.5964999198913574,-0.10497300326824188,-0.13318252563476562,1.7260000705718994,0.07849685102701187,-0.0020787902176380157,2.064499855041504,0.02908402681350708,0.0364731103181839,1.565500020980835,0.15821827948093414,0.05878450721502304,1.9739999771118164,0.2898409366607666,0.36254262924194336,3.2249999046325684
0.07282337546348572,-0.3411763906478882,1.8370000123977661,0.14637427031993866,-0.6511030793190002,3.1735000610351562,0.034666746854782104,-0.3828448951244354,1.8660000562667847,0.08776108175516129,-0.26853376626968384,2.6465001106262207,-0.10789459198713303,-0.1333368420600891,1.7280000448226929,0.07415061444044113,-0.002051100367680192,2.0370001792907715,0.029056157916784286,0.03643816336989403,1.5640000104904175,0.16096708178520203,0.058620717376470566,1.9684998989105225,0.2950665354728699,0.3573170602321625,3.2249999046325684
0.06984680145978928,-0.3411763906478882,1.8370000123977661,0.14840371906757355,-0.6601304411888123,3.2174999713897705,0.03462029993534088,-0.3793124854564667,1.8634999990463257,0.08926990628242493,-0.2731505036354065,2.691999912261963,-0.10776971280574799,-0.13318252563476562,1.7260000705718994,0.07710905373096466,-0.0020420379005372524,2.0280001163482666,0.029019003733992577,0.036391567438840866,1.562000036239624,0.16369809210300446,0.05845693498849869,1.9630000591278076,0.29575276374816895,0.36338576674461365,3.2325000762939453
0.06984680145978928,-0.3411763906478882,1.8370000123977661,0.14840371906757355,-0.6601304411888123,3.2174999713897705,0.03457385674118996,-0.3788035809993744,1.8609999418258667,0.0899662896990776,-0.27528131008148193,2.7129998207092285,-0.10764483362436295,-0.13302819430828094,1.7239999771118164,0.08029599487781525,0.001242461963556707,2.0255000591278076,0.029019003733992577,0.036391567438840866,1.562000036239624,0.1666237860918045,0.06154344975948334,1.9600000381469727,0.30238717794418335,0.36507198214530945,3.247499942779541
0.06984680145978928,-0.3411763906478882,1.8370000123977661,0.14944151043891907,-0.6594968438148499,3.240000009536743,0.03457385674118996,-0.3757881820201874,1.8609999418258667,0.0855703055858612,-0.27528131008148193,2.7129998207092285,-0.10736386477947235,-0.1326809674501419,1.7195000648498535,0.08019688725471497,-0.002037003170698881,2.0230000019073486,0.028991134837269783,0.036356620490550995,1.5605000257492065,0.16641125082969666,0.06146495044231415,1.9574999809265137,0.2971251308917999,0.3703339993953705,3.247499942779541
0.06984680145978928,-0.3411763906478882,1.8370000123977661,0.1490955799818039,-0.6579702496528625,3.2325000762939453,0.03448096290230751,-0.37477853894233704,1.8559999465942383,0.09397967904806137,-0.27416518330574036,2.7019999027252197,-0.10695800930261612,-0.12940378487110138,1.7130000591278076,0.07691893726587296,0.0012409283081069589,2.0230000019073486,0.02896326780319214,0.03884777054190636,1.559000015258789,0.1725342720746994,0.06772194802761078,1.9550000429153442,0.2918630838394165,0.3755960464477539,3.247499942779541
0.06984680145978928,-0.3411763906478882,1.8370000123977661,0.14285649359226227,-0.6585916876792908,3.2100000381469727,0.031388819217681885,-0.3767681121826172,1.8509999513626099,0.09835784137248993,-0.27416518330574036,2.7019999027252197,-0.106583371758461,-0.1261846125125885,1.7070000171661377,0.08007796108722687,0.004512158688157797,2.0199999809265137,0.02896326780319214,0.04137386754155159,1.559000015258789,0.1693664938211441,0.06138645112514496,1.9550000429153442,0.291189044713974,0.3799785077571869,3.240000009536743
0.06696123629808426,-0.3416407108306885,1.8394999504089355,0.14123211801052094,-0.6511030793190002,3.1735000610351562,0.028389567509293556,-0.3767681121826172,1.8509999513626099,0.0947100967168808,-0.2762960195541382,2.7230000495910645,-0.10633361339569092,-0.12588892877101898,1.7029999494552612,0.07995902746915817,0.0012372478377074003,2.0169999599456787,0.023911042138934135,0.04389996454119682,1.559000015258789,0.1725342720746994,0.05821869894862175,1.9550000429153442,0.2984975576400757,0.3773308992385864,3.262500047683716
0.06705223768949509,-0.34210503101348877,1.8420000076293945,0.1418774127960205,-0.6540780067443848,3.187999963760376,0.025390315800905228,-0.3767681121826172,1.8509999513626099,0.09545790404081345,-0.27847757935523987,2.744500160217285,-0.10633361339569092,-0.12588892877101898,1.7029999494552612,0.07657673209905624,-0.0020279407035559416,2.0139999389648438,0.018834618851542473,0.043843645602464676,1.556999921798706,0.1725342720746994,0.04871545359492302,1.9550000429153442,0.2938852310180664,0.3781983256340027,3.2699999809265137
0.06406757235527039,-0.34210503101348877,1.8420000076293945,0.13065895438194275,-0.6496669054031372,3.1665000915527344,0.025356022641062737,-0.3762592375278473,1.8485000133514404,0.1043519675731659,-0.2829245924949646,2.744500160217285,-0.1089649349451065,-0.12574107944965363,1.7009999752044678,0.07984010130167007,-0.005291289184242487,2.0139999389648438,0.013771162368357182,0.04630694165825844,1.5549999475479126,0.17859531939029694,0.04547781124711037,1.9520000219345093,0.28858670592308044,0.38879531621932983,3.2699999809265137
