0.07207848876714706,-0.236628457903862,2.4089999198913574,0.10869999974966049,-0.27158036828041077,2.442500114440918,0.042915426194667816,-0.26059070229530334,2.309999942779541,0.23269149661064148,-0.15233705937862396,2.499000072479248,-0.08782613277435303,-0.173826202750206,2.5169999599456787,0.32161054015159607,0.10375618189573288,2.738999843597412,-0.1928512156009674,0.057549022138118744,2.309499979019165,0.1723974347114563,0.17648838460445404,2.7660000324249268,-0.024574868381023407,0.095443494617939,2.321000099182129
0.07598189264535904,-0.236628457903862,2.4089999198913574,0.11661536991596222,-0.27158036828041077,2.442500114440918,0.046729106456041336,-0.2647341787815094,2.313499927520752,0.23227249085903168,-0.14802083373069763,2.494500160217285,-0.08782613277435303,-0.173826202750206,2.5169999599456787,0.31717243790626526,0.09931808710098267,2.738999843597412,-0.18849490582942963,0.057362135499715805,2.302000045776367,0.16724778711795807,0.17578651010990143,2.755000114440918,-0.028335683047771454,0.09168270230293274,2.321000099182129
0.07585573196411133,-0.23623555898666382,2.4049999713897705,0.11620953679084778,-0.2706352472305298,2.434000015258789,0.046729106456041336,-0.2647341787815094,2.313499927520752,0.23992277681827545,-0.14775380492210388,2.490000009536743,-0.08389747142791748,-0.17413699626922607,2.5215001106262207,0.31717243790626526,0.10375618189573288,2.738999843597412,-0.1850859373807907,0.04998883977532387,2.305999994277954,0.1532413512468338,0.17508463561534882,2.74399995803833,-0.031833749264478683,0.08720216900110245,2.302000045776367
0.08364956825971603,-0.23623555898666382,2.4049999713897705,0.12453074008226395,-0.27158036828041077,2.442500114440918,0.054308466613292694,-0.26513466238975525,2.316999912261963,0.2443983256816864,-0.14397890865802765,2.494500160217285,-0.0837477371096611,-0.173826202750206,2.5169999599456787,0.3196621239185333,0.10904354602098465,2.760499954223633,-0.1819392293691635,0.04640277847647667,2.313499927520752,0.16151337325572968,0.16555632650852203,2.7335000038146973,-0.0499904528260231,0.09004338830709457,2.2795000076293945
0.08754649013280869,-0.23623555898666382,2.4049999713897705,0.12872514128684998,-0.2720807194709778,2.447000026702881,0.05797509104013443,-0.2647341787815094,2.313499927520752,0.24844026565551758,-0.14397890865802765,2.494500160217285,-0.07966934144496918,-0.173826202750206,2.5169999599456787,0.3209359049797058,0.10947807133197784,2.7715001106262207,-0.17846013605594635,0.04271867126226425,2.316999912261963,0.15383733808994293,0.16213436424732208,2.677000045776367,-0.04942025989294052,0.08901634812355042,2.253499984741211
0.09159550815820694,-0.236628457903862,2.4089999198913574,0.13290701806545258,-0.27252545952796936,2.4509999752044678,0.05797509104013443,-0.2647341787815094,2.313499927520752,0.24799208343029022,-0.1437191665172577,2.490000009536743,-0.07981178164482117,-0.17005130648612976,2.5215001106262207,0.32542669773101807,0.10498732328414917,2.7715001106262207,-0.18221448361873627,0.04271867126226425,2.316999912261963,0.15604786574840546,0.16423329710960388,2.6410000324249268,-0.053071700036525726,0.0853649377822876,2.253499984741211
0.09174760431051254,-0.23702138662338257,2.4130001068115234,0.13290701806545258,-0.27252545952796936,2.4509999752044678,0.06181713566184044,-0.26513466238975525,2.316999912261963,0.2520267367362976,-0.1437191665172577,2.490000009536743,-0.07586123049259186,-0.17444775998592377,2.5260000228881836,0.3234892785549164,0.10436228662729263,2.755000114440918,-0.18252906203269958,0.0427924208343029,2.321000099182129,0.16002365946769714,0.15965117514133453,2.636000156402588,-0.04211737960577011,0.09266777336597443,2.253499984741211
0.09549891203641891,-0.2405318319797516,2.4089999198913574,0.1376044899225235,-0.27397093176841736,2.4639999866485596,0.06547241657972336,-0.2647341787815094,2.313499927520752,0.2560613751411438,-0.1437191665172577,2.490000009536743,-0.07586123049259186,-0.17444775998592377,2.5260000228881836,0.32860803604125977,0.10457062721252441,2.760499954223633,-0.17876824736595154,0.039031632244586945,2.321000099182129,0.1679266095161438,0.1633004993200302,2.625999927520752,-0.04211737960577011,0.09266777336597443,2.253499984741211
0.09940230846405029,-0.236628457903862,2.4089999198913574,0.14237280189990997,-0.2754719853401184,2.4774999618530273,0.06922107934951782,-0.2647341787815094,2.313499927520752,0.2560613751411438,-0.14775380492210388,2.490000009536743,-0.07601138949394226,-0.17069199681282043,2.5310001373291016,0.3330809772014618,0.10009769350290298,2.760499954223633,-0.17587454617023468,0.039225023239851,2.3324999809265137,0.1676068902015686,0.16723646223545074,2.621000051498413,-0.0348144955933094,0.09266777336597443,2.253499984741211
0.10364878177642822,-0.23741428554058075,2.4170000553131104,0.14638718962669373,-0.2754719853401184,2.4774999618530273,0.06944549083709717,-0.2618316113948822,2.321000099182129,0.2600960433483124,-0.1437191665172577,2.490000009536743,-0.0719103068113327,-0.17069199681282043,2.5310001373291016,0.34066399931907654,0.10415393859148026,2.749500036239624,-0.16831564903259277,0.04300444573163986,2.3324999809265137,0.17057523131370544,0.15756165981292725,2.6015000343322754,-0.031211456283926964,0.1074400544166565,2.256999969482422
0.1038203164935112,-0.23780719935894012,2.4210000038146973,0.14638718962669373,-0.2754719853401184,2.4774999618530273,0.06944549083709717,-0.2618316113948822,2.321000099182129,0.2600960433483124,-0.1437191665172577,2.490000009536743,-0.06780921667814255,-0.17069199681282043,2.5310001373291016,0.3393630087375641,0.10375618189573288,2.738999843597412,-0.16914549469947815,0.04321647062897682,2.3439998626708984,0.1651129275560379,0.15638062357902527,2.5820000171661377,-0.03136357292532921,0.10428878664970398,2.2680001258850098
0.1038203164935112,-0.23780719935894012,2.4210000038146973,0.14237280189990997,-0.2754719853401184,2.4774999618530273,0.06922107934951782,-0.26098552346229553,2.313499927520752,0.2646080553531647,-0.13993699848651886,2.494500160217285,-0.06806373596191406,-0.1713326871395111,2.5405001640319824,0.34179285168647766,0.10756225138902664,2.7230000495910645,-0.169722780585289,0.039552949368953705,2.3519999980926514,0.15647228062152863,0.1561080664396286,2.5774998664855957,-0.035100307315588,0.10447271168231964,2.2720000743865967
0.1038203164935112,-0.23780719935894012,2.4210000038146973,0.14237280189990997,-0.2754719853401184,2.4774999618530273,0.06944549083709717,-0.2618316113948822,2.321000099182129,0.2646080553531647,-0.13993699848651886,2.494500160217285,-0.06806373596191406,-0.17544914782047272,2.5405001640319824,0.34179285168647766,0.10756225138902664,2.7230000495910645,-0.17030008137226105,0.03586350008845329,2.3600001335144043,0.15285718441009521,0.15668344497680664,2.5869998931884766,-0.04614455625414848,0.10447271168231964,2.2720000743865967
0.09989746659994125,-0.23780719935894012,2.4210000038146973,0.1418556123971939,-0.2744712829589844,2.4685001373291016,0.06558562070131302,-0.265191912651062,2.317500114440918,0.2605661153793335,-0.13993699848651886,2.494500160217285,-0.05983078107237816,-0.17544914782047272,2.5405001640319824,0.33477869629859924,0.1111108586192131,2.7019999027252197,-0.16375479102134705,0.03610663861036301,2.375999927520752,0.14866535365581512,0.14829985797405243,2.5869998931884766,-0.05350739136338234,0.1007913127541542,2.2720000743865967
0.09205177426338196,-0.23780719935894012,2.4210000038146973,0.13361194729804993,-0.27397093176841736,2.4639999866485596,0.06213729456067085,-0.2665078341960907,2.3289999961853027,0.2600960433483124,-0.1396845430135727,2.490000009536743,-0.06806373596191406,-0.17544914782047272,2.5405001640319824,0.3285052478313446,0.10612045228481293,2.686500072479248,-0.16905082762241364,0.03641816973686218,2.3965001106262207,0.14447353780269623,0.14829985797405243,2.5869998931884766,-0.07202526181936264,0.0935724526643753,2.2755000591278076
0.08798331767320633,-0.23741428554058075,2.4170000553131104,0.12917229533195496,-0.27302584052085876,2.4555001258850098,0.05836351588368416,-0.2665078341960907,2.3289999961853027,0.25652414560317993,-0.13993699848651886,2.494500160217285,-0.06818430125713348,-0.1757599115371704,2.5450000762939453,0.3278326690196991,0.11024730652570724,2.680999994277954,-0.17444933950901031,0.036737293004989624,2.4175000190734863,0.13608987629413605,0.13991624116897583,2.5869998931884766,-0.07547944039106369,0.08960887789726257,2.2685000896453857
0.07598189264535904,-0.236628457903862,2.4089999198913574,0.12057305872440338,-0.27158036828041077,2.442500114440918,0.050565049052238464,-0.265191912651062,2.317500114440918,0.2520267367362976,-0.1356499195098877,2.490000009536743,-0.07230807095766068,-0.1757599115371704,2.5450000762939453,0.318549245595932,0.11004170030355453,2.6760001182556152,-0.18322622776031494,0.036927249282598495,2.430000066757202,0.13189806044101715,0.13991624116897583,2.5869998931884766,-0.09018242359161377,0.08225742727518082,2.2685000896453857
0.07207848876714706,-0.236628457903862,2.4089999198913574,0.11226562410593033,-0.2706352472305298,2.434000015258789,0.04305476322770119,-0.265191912651062,2.317500114440918,0.24395741522312164,-0.1356499195098877,2.490000009536743,-0.08041317760944366,-0.17544914782047272,2.5405001640319824,0.3092981278896332,0.11416400223970413,2.6710000038146973,-0.18386712670326233,0.029154056683182716,2.438499927520752,0.11470797657966614,0.14357885718345642,2.5774998664855957,-0.10105351358652115,0.07846046984195709,2.265000104904175
0.060268037021160126,-0.23623555898666382,2.4049999713897705,0.10008314996957779,-0.2696901261806488,2.42549991607666,0.031576719135046005,-0.2634182274341583,2.302000045776367,0.23953735828399658,-0.13946016132831573,2.4860000610351562,-0.0884891077876091,-0.17924752831459045,2.5360000133514404,0.3049702048301697,0.11849190294742584,2.6710000038146973,-0.18878111243247986,0.029303504154086113,2.4509999752044678,0.09836345911026001,0.13991624116897583,2.5869998931884766,-0.11535058915615082,0.07454276829957962,2.257500171661377
0.04468034580349922,-0.23623555898666382,2.4049999713897705,0.0840669497847557,-0.2687450349330902,2.4170000553131104,0.016656607389450073,-0.2634182274341583,2.302000045776367,0.23110856115818024,-0.13923576474189758,2.4820001125335693,-0.1006179079413414,-0.1747930645942688,2.5310001373291016,0.3006422817707062,0.11416400223970413,2.6710000038146973,-0.20139147341251373,0.029405126348137856,2.4594998359680176,0.08563876152038574,0.1396728754043579,2.5824999809265137,-0.13319620490074158,0.07794085890054703,2.25
