0.1072692945599556,-0.34372323751449585,2.1730000972747803,0.1344659924507141,-0.38266804814338684,2.2149999141693115,0.06749740988016129,-0.366243451833725,2.140000104904175,0.22525523602962494,-0.1609070599079132,2.2255001068115234,-0.08393263816833496,-0.180533766746521,2.2009999752044678,0.30601945519447327,0.08445325493812561,2.437999963760376,-0.284044474363327,-0.08229029923677444,2.1500000953674316,0.4720577001571655,0.4110085666179657,3.117000102996826,-0.3093937039375305,-0.3247123658657074,2.313499927520752
0.0970178097486496,-0.34836283326148987,2.180000066757202,0.12829355895519257,-0.38569143414497375,2.2325000762939453,0.05736161023378372,-0.37143856287002563,2.1500000953674316,0.21578596532344818,-0.1582905501127243,2.239500045776367,-0.0880555659532547,-0.18168209493160248,2.2149999141693115,0.2902178466320038,0.08445325493812561,2.437999963760376,-0.30026623606681824,-0.08994273841381073,2.1665000915527344,0.45185524225234985,0.4160591661930084,3.117000102996826,-0.27190709114074707,-0.31721508502960205,2.313499927520752
0.08355381339788437,-0.35115930438041687,2.197499990463257,0.11453768610954285,-0.38811007142066956,2.246500015258789,0.047346778213977814,-0.37489378452301025,2.1700000762939453,0.21053040027618408,-0.16347377002239227,2.261000156402588,-0.10273545980453491,-0.17865590751171112,2.2220001220703125,0.28030771017074585,0.08106421679258347,2.4549999237060547,-0.31273430585861206,-0.09403550624847412,2.180000066757202,0.43456098437309265,0.40360844135284424,3.138000011444092,-0.24481698870658875,-0.3086468577384949,2.305500030517578
0.06975257396697998,-0.353396475315094,2.2114999294281006,0.10013305395841599,-0.39236050844192505,2.25,0.03348926454782486,-0.3772260844707489,2.183500051498413,0.1971322000026703,-0.16452214121818542,2.2755000591278076,-0.11824411153793335,-0.1803443729877472,2.243000030517578,0.267734557390213,0.07805970311164856,2.4860000610351562,-0.3314569592475891,-0.10851211845874786,2.187000036239624,0.40555232763290405,0.4051114022731781,3.110499858856201,-0.21866708993911743,-0.3011755049228668,2.305500030517578
0.05550673231482506,-0.35395577549934387,2.2149999141693115,0.0855499804019928,-0.39236050844192505,2.25,0.019399184733629227,-0.3784354031085968,2.190500020980835,0.19163432717323303,-0.16614890098571777,2.297999858856201,-0.13234296441078186,-0.18480674922466278,2.2985000610351562,0.26437875628471375,0.07947269082069397,2.5310001373291016,-0.3461848199367523,-0.11578445136547089,2.190500020980835,0.3803519308567047,0.4051114022731781,3.110499858856201,-0.20745998620986938,-0.27502575516700745,2.305500030517578
0.04495164752006531,-0.3556337058544159,2.2255001068115234,0.07560750097036362,-0.3975919783115387,2.2799999713897705,0.005218371283262968,-0.3796447515487671,2.197499990463257,0.17850910127162933,-0.16781185567378998,2.321000099182129,-0.14351604878902435,-0.1885310709476471,2.2985000610351562,0.2548641562461853,0.08035188168287277,2.559000015258789,-0.3519693911075592,-0.13081254065036774,2.2044999599456787,0.36019161343574524,0.400071382522583,3.110499858856201,-0.19998858869075775,-0.26381874084472656,2.305500030517578
0.030671393498778343,-0.3573116064071655,2.2360000610351562,0.06193719059228897,-0.404828816652298,2.321499824523926,-0.005489840637892485,-0.38145872950553894,2.2079999446868896,0.16374756395816803,-0.16810105741024017,2.325000047683716,-0.15096475183963776,-0.1885310709476471,2.2985000610351562,0.2400009036064148,0.08093277364969254,2.5774998664855957,-0.36253443360328674,-0.13205868005752563,2.2255001068115234,0.3362599015235901,0.40061813592910767,3.0759999752044678,-0.20107334852218628,-0.25669875741004944,2.2754998207092285
0.016229700297117233,-0.3584301769733429,2.243000030517578,0.04719367250800133,-0.407444566488266,2.3364999294281006,-0.019926251843571663,-0.3838774263858795,2.2220001220703125,0.15098048746585846,-0.1707039177417755,2.3610000610351562,-0.17239022254943848,-0.1954338550567627,2.3364999294281006,0.2157345563173294,0.08542286604642868,2.5869998931884766,-0.3775466978549957,-0.13354215025901794,2.250500202178955,0.3149349093437195,0.4038221836090088,3.0625,-0.21917115151882172,-0.26366671919822693,2.2719998359680176
0.0016972722951322794,-0.35954877734184265,2.25,0.032207705080509186,-0.4094499945640564,2.3480000495910645,-0.038107480853796005,-0.3820740580558777,2.2325000762939453,0.13774676620960236,-0.17330677807331085,2.3970000743865967,-0.18402326107025146,-0.18814346194267273,2.3399999141693115,0.19969789683818817,0.09415093809366226,2.5964999198913574,-0.3965761661529541,-0.13136740028858185,2.2760000228881836,0.292532354593277,0.3954085409641266,3.0360000133514404,-0.24375520646572113,-0.2733808755874634,2.261000156402588
-0.027603181079030037,-0.3576430082321167,2.261000156402588,0.001780250109732151,-0.40771859884262085,2.3600001335144043,-0.06038798391819,-0.3857536315917969,2.254000186920166,0.11074353754520416,-0.17359597980976105,2.4010000228881836,-0.20367522537708282,-0.19259123504161835,2.3480000495910645,0.16604015231132507,0.1067725196480751,2.5964999198913574,-0.4176596403121948,-0.13962705433368683,2.2904999256134033,0.2440468817949295,0.3887011706829071,2.984499931335449,-0.3133634924888611,-0.32100731134414673,2.261000156402588
-0.038969486951828,-0.3648221492767334,2.2829999923706055,-0.009775959886610508,-0.4112602174282074,2.380500078201294,-0.07571235299110413,-0.3894331455230713,2.2755000591278076,0.09207078814506531,-0.17900177836418152,2.4214999675750732,-0.21655458211898804,-0.20156452059745789,2.363999843597412,0.1509065479040146,0.09947562217712402,2.625999927520752,-0.4234866499900818,-0.13286808133125305,2.302000045776367,0.2166258692741394,0.3829706013202667,2.940500020980835,-0.3426722586154938,-0.3246709108352661,2.261000156402588
-0.05421391502022743,-0.367858350276947,2.302000045776367,-0.025379560887813568,-0.41411077976226807,2.3970000743865967,-0.09075886011123657,-0.39071670174598694,2.2829999923706055,0.08084697276353836,-0.1841718703508377,2.437999963760376,-0.23388731479644775,-0.19944876432418823,2.384500026702881,0.1397196501493454,0.09630845487117767,2.6560001373291016,-0.43309953808784485,-0.12228592485189438,2.313499927520752,0.1919831931591034,0.36710965633392334,2.927999973297119,-0.393962562084198,-0.3356616199016571,2.261000156402588
-0.06563129276037216,-0.3691367208957672,2.309999942779541,-0.03715503588318825,-0.4193898141384125,2.4050002098083496,-0.10219119489192963,-0.39571160078048706,2.2904999256134033,0.06912314146757126,-0.18451182544231415,2.442500114440918,-0.24846391379833221,-0.20187444984912872,2.4135000705718994,0.12826496362686157,0.08870836347341537,2.686500072479248,-0.44799479842185974,-0.11951079964637756,2.3324999809265137,0.1777500957250595,0.36710965633392334,2.927999973297119,-0.43345513939857483,-0.34157630801200867,2.2760000228881836
-0.08060324937105179,-0.3728797137737274,2.309999942779541,-0.0492621548473835,-0.42689475417137146,2.42549991607666,-0.11780322343111038,-0.4020387530326843,2.305500030517578,0.06132053583860397,-0.18881671130657196,2.447000026702881,-0.25803741812705994,-0.2150667905807495,2.430000066757202,0.12093847990036011,0.08532873541116714,2.7174999713897705,-0.45332372188568115,-0.11992069333791733,2.3404998779296875,0.17300572991371155,0.3576209545135498,2.927999973297119,-0.482216477394104,-0.35020574927330017,2.3334999084472656
-0.0927465632557869,-0.3803725838661194,2.3329999446868896,-0.0654381737112999,-0.4298868179321289,2.442500114440918,-0.12611685693264008,-0.40474167466163635,2.321000099182129,0.053576044738292694,-0.1974300593137741,2.4555001258850098,-0.26635000109672546,-0.21542081236839294,2.434000015258789,0.11700690537691116,0.07683197408914566,2.7284998893737793,-0.44953131675720215,-0.12371307611465454,2.3404998779296875,0.16351701319217682,0.3528766334056854,2.927999973297119,-0.5168033242225647,-0.34297943115234375,2.388500213623047
-0.10129597038030624,-0.38412249088287354,2.3559999465942383,-0.07743783295154572,-0.43455490469932556,2.446499824523926,-0.1378728747367859,-0.40991050004959106,2.3289999961853027,0.04186024144291878,-0.20247508585453033,2.4685001373291016,-0.2677178382873535,-0.22049124538898468,2.446499824523926,0.10879899561405182,0.0728355273604393,2.744500160217285,-0.45858094096183777,-0.12410951405763626,2.3480000495910645,0.1540282815694809,0.34338799118995667,2.927999973297119,-0.5339447259902954,-0.35047996044158936,2.4135000705718994
-0.109300896525383,-0.3892572820186615,2.363999843597412,-0.08168482035398483,-0.440042644739151,2.4549999237060547,-0.14613847434520721,-0.411934494972229,2.3404998779296875,0.042012859135866165,-0.21124200522899628,2.4774999618530273,-0.2766038775444031,-0.2252352237701416,2.4549999237060547,0.10988914966583252,0.06907377392053604,2.7719998359680176,-0.45858094096183777,-0.12791405618190765,2.3480000495910645,0.14928393065929413,0.3386436402797699,2.927999973297119,-0.5572159290313721,-0.3553446829319,2.447000026702881
-0.12160991877317429,-0.3957482874393463,2.380000114440918,-0.09361863881349564,-0.440042644739151,2.4549999237060547,-0.15802045166492462,-0.4132545590400696,2.3480000495910645,0.03416238725185394,-0.21638590097427368,2.490499973297119,-0.2845597267150879,-0.2252352237701416,2.4549999237060547,0.10707055032253265,0.06560733169317245,2.815999984741211,-0.4631732404232025,-0.12813197076320648,2.3519999980926514,0.1397951990365982,0.32441064715385437,2.927999973297119,-0.5650795698165894,-0.35781335830688477,2.4639999866485596
-0.12588806450366974,-0.3970785439014435,2.388000011444092,-0.10176070779561996,-0.4448344111442566,2.4594998359680176,-0.16675825417041779,-0.4160706102848053,2.364000082015991,0.03033861704170704,-0.21790637075901031,2.507999897003174,-0.2890665531158447,-0.22963328659534454,2.4594998359680176,0.09815347194671631,0.06117454543709755,2.822000026702881,-0.46777844429016113,-0.12453237175941467,2.3559999465942383,0.1409888118505478,0.32718056440353394,2.953000068664551,-0.5610511898994446,-0.35633385181427,2.4815001487731934
-0.13387863337993622,-0.4017033874988556,2.3924999237060547,-0.11013271659612656,-0.4504620432853699,2.4685001373291016,-0.17174330353736877,-0.4265994131565094,2.380000114440918,0.022290686145424843,-0.22276671230793,2.5169999599456787,-0.29412418603897095,-0.2304736077785492,2.4685001373291016,0.09834476560354233,0.061293769627809525,2.8274998664855957,-0.46777844429016113,-0.12453237175941467,2.3559999465942383,0.1364806890487671,0.32784533500671387,2.9590001106262207,-0.5528600811958313,-0.3547975420951843,2.499000072479248
