0,0,0,0,0,0,0,0,0,-0.061123643070459366,-0.22139288485050201,1.6740000247955322,0.2537873685359955,-0.17587052285671234,1.559000015258789,-0.30821704864501953,-0.12620128691196442,1.7855000495910645,0.43123313784599304,-0.0464448519051075,1.3899999856948853,-0.5912986397743225,-0.048698022961616516,2.055500030517578,1.587809443473816,-0.009146785363554955,3.4815001487731934
0,0,0,0,0,0,0,0,0,-0.08039794862270355,-0.22218641638755798,1.6800000667572021,0.24555858969688416,-0.18740640580654144,1.5709999799728394,-0.32969173789024353,-0.11692959070205688,1.7764999866485596,0.4053086042404175,-0.056231848895549774,1.409500002861023,-0.6043409109115601,-0.030517248436808586,1.9574999809265137,1.5015581846237183,-0.059186022728681564,3.439000129699707
0,0,0,0,0,0,0,0,0,-0.09400882571935654,-0.22218641638755798,1.6800000667572021,0.2264125496149063,-0.19097968935966492,1.5794999599456787,-0.3357563316822052,-0.1131843775510788,1.7630000114440918,0.3924587666988373,-0.06276223063468933,1.4549999237060547,-0.6051505208015442,-0.01739739067852497,1.9100000858306885,1.0831621885299683,-0.07019887119531631,2.6065001487731934
0,0,0,0,0,0,0,0,0,-0.11592406034469604,-0.22245091199874878,1.6820000410079956,0.20221780240535736,-0.19488686323165894,1.590499997138977,-0.34157055616378784,-0.10573373734951019,1.7344999313354492,0.38861897587776184,-0.06773803383111954,1.5134999752044678,-0.612616777420044,-0.0018889857456088066,1.8760000467300415,0.7085539102554321,-0.05733908712863922,1.8034999370574951
0,0,0,0,0,0,0,0,0,-0.12955112755298615,-0.21972553431987762,1.6820000410079956,0.17888687551021576,-0.20280814170837402,1.6124999523162842,-0.3544038236141205,-0.09620843827724457,1.715000033378601,0.3674968481063843,-0.06883455067873001,1.5379999876022339,-0.6300815939903259,0.013103981502354145,1.847000002861023,0.6705641150474548,-0.06902816146612167,1.8034999370574951
0,0,0,0,0,0,0,0,0,-0.1486290544271469,-0.21972553431987762,1.6820000410079956,0.170347660779953,-0.20834213495254517,1.656499981880188,-0.384971559047699,-0.08231408894062042,1.715000033378601,0.34306901693344116,-0.0669248104095459,1.5514999628067017,-0.6369861364364624,0.03347248584032059,1.815500020980835,0.6325744390487671,-0.0748727023601532,1.8034999370574951
0,0,0,0,0,0,0,0,0,-0.17315778136253357,-0.20882393419742584,1.6820000410079956,0.1569899320602417,-0.21205241978168488,1.6859999895095825,-0.39470136165618896,-0.06541121751070023,1.7089999914169312,0.3066519498825073,-0.07285703718662262,1.5709999799728394,-0.6503095030784607,0.0595516562461853,1.8034999370574951,0.585817813873291,-0.08071724325418472,1.8034999370574951
0,0,0,0,0,0,0,0,0,-0.18700696527957916,-0.20634359121322632,1.684000015258789,0.12982478737831116,-0.21503905951976776,1.687999963760376,-0.3977806270122528,-0.04299226403236389,1.6984999179840088,0.2948082983493805,-0.06397145986557007,1.6035000085830688,-0.6445401906967163,0.08509042859077454,1.787500023841858,0.5361389517784119,-0.07779496908187866,1.8034999370574951
0,0,0,0,0,0,0,0,0,-0.20337888598442078,-0.2036149501800537,1.684000015258789,0.11642434448003769,-0.21829025447368622,1.6920000314712524,-0.3957900106906891,-0.020870227366685867,1.690000057220459,0.26062142848968506,-0.06252148747444153,1.6334999799728394,-0.6351825594902039,0.11577253043651581,1.7695000171661377,0.4862222969532013,-0.07368586212396622,1.847000002861023
0,0,0,0,0,0,0,0,0,-0.21975083649158478,-0.20634359121322632,1.684000015258789,0.10047686100006104,-0.2248976081609726,1.7005000114440918,-0.3957900106906891,-0.004440059419721365,1.690000057220459,0.23589977622032166,-0.05561687424778938,1.6644999980926514,-0.619969367980957,0.1528296023607254,1.7669999599456787,0.45008549094200134,-0.054149940609931946,1.8964999914169312
0,0,0,-0.312770277261734,-0.7056404948234558,2.816500186920166,0,0,0,-0.23311692476272583,-0.19792233407497406,1.6820000410079956,0.07891803234815598,-0.2290586680173874,1.7109999656677246,-0.38164588809013367,0.014711037278175354,1.687999963760376,0.2247995138168335,-0.04586559534072876,1.7030000686645508,-0.5684328675270081,0.18718712031841278,1.7669999599456787,0.40340399742126465,-0.039327092468738556,1.9229999780654907
0,0,0,-0.3447161316871643,-0.7056404948234558,2.816500186920166,0,0,0,-0.24674400687217712,-0.19792233407497406,1.6820000410079956,0.06537919491529465,-0.23019661009311676,1.7195000648498535,-0.3652350604534149,0.042062241584062576,1.687999963760376,0.20653998851776123,-0.04167347401380539,1.7590000629425049,-0.5168962478637695,0.2129552662372589,1.7669999599456787,0.3610028922557831,0.0012151651317253709,1.9809999465942383
0,0,0,-0.37211498618125916,-0.7016306519508362,2.7825000286102295,0,0,0,-0.25492024421691895,-0.1951969414949417,1.6820000410079956,0.04908662289381027,-0.23782563209533691,1.7344999313354492,-0.3433539867401123,0.05573784187436104,1.687999963760376,0.1706162691116333,-0.03391386196017265,1.8009999990463257,-0.4596332907676697,0.23299714922904968,1.7669999599456787,0.3142455220222473,0.03785128518939018,2.052999973297119
0,0,0,-0.39601054787635803,-0.6960831880569458,2.760499954223633,0,0,0,-0.26309651136398315,-0.18429534137248993,1.6820000410079956,0.04090128466486931,-0.2364378720521927,1.7450000047683716,-0.32420802116394043,0.06394320726394653,1.687999963760376,0.14198362827301025,-0.031116116791963577,1.8079999685287476,-0.40498918294906616,0.24892234802246094,1.7785000801086426,0.239185631275177,0.06672440469264984,2.125
-0.45420461893081665,-0.696762204170227,2.874000072479248,-0.3441944420337677,-0.5642769932746887,2.2235000133514404,0,0,0,-0.27672356367111206,-0.18429534137248993,1.6820000410079956,0.029633691534399986,-0.2339450716972351,1.747499942779541,-0.30349108576774597,0.08066334575414658,1.6944999694824219,0.10724228620529175,-0.028295686468482018,1.815000057220459,-0.36313411593437195,0.27302929759025574,1.843999981880188,0.1811704933643341,0.11729642748832703,2.307000160217285
0,0,0,-0.2791091203689575,-0.4167911410331726,1.6965000629425049,0,0,0,-0.2791167199611664,-0.17863188683986664,1.6800000667572021,0.012709527276456356,-0.23799607157707214,1.756500005722046,-0.28947311639785767,0.0951993316411972,1.7089999914169312,0.07528415322303772,-0.02253120020031929,1.8245000839233398,-0.3225872218608856,0.33444783091545105,1.9045000076293945,0.12802623212337494,0.19282135367393494,2.68149995803833
-0.49611639976501465,-0.6595075726509094,2.874000072479248,-0.2862548828125,-0.41245585680007935,1.690000057220459,0,0,0,-0.2763945162296295,-0.17318756878376007,1.6800000667572021,0.001333301654085517,-0.23662254214286804,1.7674999237060547,-0.28634384274482727,0.10438497364521027,1.7235000133514404,0.0530627965927124,0.01937887817621231,1.875,-0.3327162265777588,0.3198557496070862,1.9094998836517334,0.006367718800902367,0.28840959072113037,2.68149995803833
0,0,0,-0.296504944562912,-0.411479651927948,1.686000108718872,0,0,0,-0.284222275018692,-0.17026247084140778,1.6779999732971191,-0.01601184532046318,-0.2419254034757614,1.7855000495910645,-0.29975855350494385,0.09954492002725601,1.7365000247955322,0,0,0,-0.3558592200279236,0.3180888593196869,1.9175000190734863,0,0,0
0,0,0,-0.3016104996204376,-0.41372016072273254,1.684000015258789,0,0,0,-0.284222275018692,-0.17026247084140778,1.6779999732971191,-0.02491246908903122,-0.24701233208179474,1.8015000820159912,-0.32065248489379883,0.10080606490373611,1.7584999799728394,0,0,0,-0.3823036551475525,0.3162959814071655,1.9254999160766602,0,0,0
-0.5333712697029114,-0.6688212156295776,2.874000072479248,-0.3070678412914276,-0.41644880175590515,1.684000015258789,0,0,0,-0.2838835120201111,-0.16462819278240204,1.6759999990463257,-0.036730822175741196,-0.2509025037288666,1.808500051498413,-0.334599107503891,0.10732240974903107,1.7719999551773071,0,0,0,-0.414040207862854,0.3104586601257324,1.9279999732971191,0,0,0
