-0.0008339568739756942,-0.1179981455206871,0.9629999995231628,0.03898845240473747,-0.14919479191303253,0.9835000038146973,-0.023576494306325912,-0.14347530901432037,0.8799999952316284,0.11051864176988602,-0.07921281456947327,1.1469999551773071,-0.20461545884609222,-0.09673580527305603,1.093000054359436,0.14808490872383118,0.131783127784729,1.24399995803833,-0.30434924364089966,0.12309587001800537,1.0950000286102295,0.044148292392492294,0.20080731809139252,1.0295000076293945,-0.1196175217628479,0.14527225494384766,0.9399999976158142
-0.002395589603111148,-0.11962060630321503,0.9635000228881836,0.037394847720861435,-0.15078838169574738,0.9835000038146973,-0.02500239759683609,-0.14347530901432037,0.8799999952316284,0.11051864176988602,-0.07921281456947327,1.1469999551773071,-0.21189327538013458,-0.10214224457740784,1.0940001010894775,0.15174947679042816,0.12945447862148285,1.2409999370574951,-0.30808043479919434,0.1274539977312088,1.1019999980926514,0.044148292392492294,0.20414358377456665,1.0295000076293945,-0.11809440702199936,0.14831846952438354,0.9399999976158142
-0.002398075768724084,-0.11974474787712097,0.9644999504089355,0.03731880336999893,-0.15048176050186157,0.9815000295639038,-0.02642829716205597,-0.14490120112895966,0.8799999952316284,0.11051864176988602,-0.07921281456947327,1.1469999551773071,-0.21208694577217102,-0.10046133399009705,1.0950000286102295,0.1496179699897766,0.12935017049312592,1.2400000095367432,-0.3076845705509186,0.13161969184875488,1.1069999933242798,0.045148879289627075,0.19788150489330292,1.0144999027252197,-0.11809440702199936,0.14527225494384766,0.9399999976158142
-0.0024018052499741316,-0.11993097513914108,0.965999960899353,0.03728077933192253,-0.15191715955734253,0.9804999828338623,-0.02642829716205597,-0.14490120112895966,0.8799999952316284,0.11061500012874603,-0.07928188145160675,1.1480000019073486,-0.21031267940998077,-0.10046133399009705,1.0950000286102295,0.14760875701904297,0.13135939836502075,1.2400000095367432,-0.3094782531261444,0.12803228199481964,1.1069999933242798,0.04120099917054176,0.19799646735191345,0.9984999895095825,-0.12418688833713531,0.14374913275241852,0.9399999976158142
-0.003967055585235357,-0.12306145578622818,0.965999960899353,0.03726176917552948,-0.15183968842029572,0.9800000190734863,-0.02645833045244217,-0.14506587386131287,0.8810000419616699,0.11061500012874603,-0.08486229181289673,1.1480000019073486,-0.21031267940998077,-0.10046133399009705,1.0950000286102295,0.1454821079969406,0.1292458474636078,1.2389999628067017,-0.3094782531261444,0.1244448646903038,1.1069999933242798,0.0392659492790699,0.19801504909992218,0.9904999732971191,-0.13789498805999756,0.14222602546215057,0.9399999976158142
-0.0024042916484177113,-0.1216219961643219,0.9670000076293945,0.03726176917552948,-0.15183968842029572,0.9800000190734863,-0.026623506098985672,-0.1474079191684723,0.8865000009536743,0.11090406775474548,-0.08321905881166458,1.1510000228881836,-0.21031267940998077,-0.10046133399009705,1.0950000286102295,0.1434745043516159,0.12523066997528076,1.2389999628067017,-0.3076845705509186,0.12085744738578796,1.1069999933242798,0.044014040380716324,0.19611266255378723,0.9889999628067017,-0.15522514283657074,0.13969802856445312,0.9435000419616699
-0.0024042916484177113,-0.12475571781396866,0.9670000076293945,0.03726176917552948,-0.1534276306629181,0.9800000190734863,-0.028154898434877396,-0.14790676534175873,0.8895000219345093,0.10736025869846344,-0.08523190021514893,1.152999997138977,-0.21031267940998077,-0.10223560780286789,1.0950000286102295,0.1412956267595291,0.12307390570640564,1.2374999523162842,-0.3094782531261444,0.11906374245882034,1.1069999933242798,0.05202662944793701,0.19130514562129974,0.9889999628067017,-0.17910116910934448,0.13429081439971924,0.9485000371932983
-0.0008374208700843155,-0.12318885326385498,0.9670000076293945,0.03724275901913643,-0.15493644773960114,0.9794999957084656,-0.026758650317788124,-0.14815618097782135,0.890999972820282,0.1074533760547638,-0.0853058323264122,1.1540000438690186,-0.2087288349866867,-0.09700131416320801,1.0959999561309814,0.1391216218471527,0.12492745369672775,1.2359999418258667,-0.3076845705509186,0.1154763251543045,1.1069999933242798,0.05192141979932785,0.18931902945041656,0.9869999885559082,-0.1852487474679947,0.13736458122730255,0.9485000371932983
-0.0024042916484177113,-0.12632258236408234,0.9670000076293945,0.03724275901913643,-0.15493644773960114,0.9794999957084656,-0.026803698390722275,-0.14840559661388397,0.8924999833106995,0.10754647850990295,-0.08350826799869537,1.1549999713897705,-0.2178068608045578,-0.09886732697486877,1.097000002861023,0.14312709867954254,0.12292472273111343,1.2359999418258667,-0.3097578287124634,0.11737597733736038,1.1080000400543213,0.050271160900592804,0.1923225075006485,0.9860000014305115,-0.18371185660362244,0.13736458122730255,0.9485000371932983
-0.0008382868836633861,-0.12331624329090118,0.9679999947547913,0.03882988169789314,-0.15493644773960114,0.9794999957084656,-0.026848746463656425,-0.1486550271511078,0.8939999938011169,0.10754647850990295,-0.08163678646087646,1.1549999713897705,-0.21800541877746582,-0.09895745664834976,1.0980000495910645,0.14330080151557922,0.12307390570640564,1.2374999523162842,-0.31391412019729614,0.11938639730215073,1.1099998950958252,0.050271160900592804,0.1923225075006485,0.9860000014305115,-0.17141668498516083,0.13429081439971924,0.9485000371932983
-0.0024055347312241793,-0.12638789415359497,0.9674999713897705,0.03724275901913643,-0.15652357041835785,0.9794999957084656,-0.026863764971494675,-0.15163694322109222,0.8945000171661377,0.10754647850990295,-0.08350826799869537,1.1549999713897705,-0.21286168694496155,-0.1026090681552887,1.0989999771118164,0.1435903012752533,0.12332254648208618,1.2400000095367432,-0.3108760714530945,0.12140332162380219,1.1119999885559082,0.04552431032061577,0.19571608304977417,0.9869999885559082,-0.1437525898218155,0.14043834805488586,0.9485000371932983
-0.002408021129667759,-0.12651853263378143,0.968500018119812,0.03724275901913643,-0.15652357041835785,0.9794999957084656,-0.026893796399235725,-0.15035544335842133,0.8955000042915344,0.10763958841562271,-0.08545365929603577,1.1559998989105225,-0.21464243531227112,-0.1026090681552887,1.0989999771118164,0.14370611310005188,0.12342200428247452,1.2410000562667847,-0.31267791986465454,0.1268087476491928,1.1119999885559082,0.042432960122823715,0.19300518929958344,0.9894999861717224,-0.12684674561023712,0.14351212978363037,0.9485000371932983
-0.0008382868836633861,-0.1264532208442688,0.9679999947547913,0.038869522511959076,-0.15668337047100067,0.9804999828338623,-0.024005159735679626,-0.15043939650058746,0.8960000276565552,0.10791893303394318,-0.08379746973514557,1.1589999198913574,-0.2147400826215744,-0.10087418556213379,1.0994999408721924,0.14370611310005188,0.12342200428247452,1.2410000562667847,-0.3144797384738922,0.1268087476491928,1.1119999885559082,0.0441475510597229,0.19510018825531006,0.9919999837875366,-0.12530985474586487,0.14351212978363037,0.9485000371932983
0.0022986955009400845,-0.1264532208442688,0.9679999947547913,0.04045826941728592,-0.15827210247516632,0.9804999828338623,-0.024031950160861015,-0.15351419150829315,0.8970000147819519,0.10801206529140472,-0.08574936538934708,1.1600000858306885,-0.21127301454544067,-0.10270243138074875,1.100000023841858,0.13968442380428314,0.12141116708517075,1.2410000562667847,-0.31571269035339355,0.12478211522102356,1.1100000143051147,0.044192053377628326,0.19851483404636383,0.9929999709129333,-0.12838365137577057,0.14351212978363037,0.9485000371932983
0.005438485182821751,-0.1280878186225891,0.968500018119812,0.043702516704797745,-0.16169656813144684,0.9819999933242798,-0.019671611487865448,-0.15642106533050537,0.8970000147819519,0.1062239557504654,-0.08394207805395126,1.1610000133514404,-0.21344275772571564,-0.10288916528224945,1.1019999980926514,0.13767357170581818,0.12141116708517075,1.2410000562667847,-0.322907030582428,0.12298355251550674,1.1100000143051147,0.04580105468630791,0.19851483404636383,0.9929999709129333,-0.13928860425949097,0.14058639109134674,0.9494999647140503
0.00857708789408207,-0.1343649923801422,0.968500018119812,0.04688486456871033,-0.16647006571292877,0.9819999933242798,-0.018238473683595657,-0.1609606146812439,0.8980000019073486,0.1062239557504654,-0.08394207805395126,1.1610000133514404,-0.2138301283121109,-0.10128704458475113,1.1039999723434448,0.13789544999599457,0.11757869273424149,1.2430000305175781,-0.3247056305408478,0.11758784204721451,1.1100000143051147,0.04741005226969719,0.19529686868190765,0.9929999709129333,-0.15092740952968597,0.1383059173822403,0.9549999833106995
0.011721738614141941,-0.13600444793701172,0.968999981880188,0.04859945550560951,-0.17008429765701294,0.984499990940094,-0.016792751848697662,-0.1625060886144638,0.8984999656677246,0.1062239557504654,-0.08394207805395126,1.1610000133514404,-0.21025240421295166,-0.10486473888158798,1.1039999723434448,0.14013464748859406,0.11575055122375488,1.2450000047683716,-0.3265041708946228,0.11039356887340546,1.1100000143051147,0.04894500970840454,0.19660840928554535,0.9915000200271606,-0.16294507682323456,0.1315258890390396,0.9620000123977661
0.014854294247925282,-0.14064215123653412,0.968500018119812,0.05192141979932785,-0.1753140091896057,0.9869999885559082,-0.013911894522607327,-0.16578605771064758,0.9004999995231628,0.1062697023153305,-0.08962427079677582,1.1614999771118164,-0.21561896800994873,-0.10307589173316956,1.1039999723434448,0.1424374133348465,0.1139616146683693,1.247499942779541,-0.3247056305408478,0.11039356887340546,1.1100000143051147,0.050551578402519226,0.19821497797966003,0.9915000200271606,-0.1763269603252411,0.12437519431114197,0.9670000076293945
0.014854294247925282,-0.142211452126503,0.968500018119812,0.05357492342591286,-0.17869339883327484,0.9879999756813049,-0.012487348169088364,-0.17063578963279724,0.902999997138977,0.10819827765226364,-0.09154567122459412,1.1619999408721924,-0.21581429243087769,-0.10495972633361816,1.1050000190734863,0.1428370326757431,0.11022727936506271,1.250999927520752,-0.3247056305408478,0.10679642856121063,1.1100000143051147,0.05215814709663391,0.2014281004667282,0.9915000200271606,-0.19199566543102264,0.1149740219116211,0.9670000076293945
0.017983607947826385,-0.14684346318244934,0.9679999947547913,0.05357492342591286,-0.1818951815366745,0.9879999756813049,-0.011060805059969425,-0.17413872480392456,0.906000018119812,0.108291395008564,-0.09162446111440659,1.1629999876022339,-0.21600958704948425,-0.10684679448604584,1.1059999465942383,0.14295122027397156,0.11234404891729355,1.2519999742507935,-0.3211084306240082,0.10679642856121063,1.1100000143051147,0.05360203608870506,0.20242032408714294,0.9884999990463257,-0.20726971328258514,0.1061733216047287,0.9724999666213989
