0.15661346912384033,-0.16974954307079315,1.5724999904632568,0.18992723524570465,-0.21101094782352448,1.5954999923706055,0.11851896345615387,-0.20130620896816254,1.5410000085830688,0.32986319065093994,0.017322132363915443,1.6759999990463257,0.020522115752100945,0.009287329390645027,1.6965000629425049,0.5004599690437317,0.19524461030960083,1.5180000066757202,-0.03846600279211998,0.28244009613990784,1.753999948501587,0.30334973335266113,0.02995861880481243,1.3819999694824219,-0.052556272596120834,0.5483405590057373,1.75
0.18199940025806427,-0.16983221471309662,1.5499999523162842,0.22080351412296295,-0.2058783769607544,1.5759999752044678,0.1484823375940323,-0.20130620896816254,1.5410000085830688,0.37199145555496216,0.00370354438200593,1.6579999923706055,0.03942462056875229,0.014658748172223568,1.6820000410079956,0.5229656100273132,0.1869400590658188,1.4909999370574951,-0.012744007632136345,0.28492099046707153,1.7344999313354492,0.29768165946006775,0.03206977620720863,1.3765000104904175,-0.02968372218310833,0.550529420375824,1.7390000820159912
0.20556895434856415,-0.16654513776302338,1.5199999809265137,0.24149462580680847,-0.2018287479877472,1.5450000762939453,0.17198854684829712,-0.1996079683303833,1.527999997138977,0.39282456040382385,0.006251308135688305,1.621999979019165,0.06349709630012512,0.014554167166352272,1.6700000762939453,0.5359679460525513,0.1807337999343872,1.441499948501587,0.009607897140085697,0.28660550713539124,1.7109999656677246,0.29424044489860535,0.048607487231492996,1.340499997138977,-0.009884845465421677,0.5492106080055237,1.7260000705718994
0.22286589443683624,-0.16057388484477997,1.4874999523162842,0.2624748945236206,-0.19875885546207428,1.5214999914169312,0.19013939797878265,-0.1953623741865158,1.4954999685287476,0.39537644386291504,0.006010428536683321,1.559499979019165,0.08703545480966568,0.01709992252290249,1.6545000076293945,0.5686681270599365,0.17839807271957397,1.441499948501587,0.03148059919476509,0.28933292627334595,1.6944999694824219,0.3009037375450134,0.04726583883166313,1.3034999370574951,0.009680896997451782,0.5541610717773438,1.7239999771118164
0.23970815539360046,-0.15738938748836517,1.4579999446868896,0.281576007604599,-0.19660340249538422,1.5049999952316284,0.20616266131401062,-0.19222716987133026,1.4714999198913574,0.4139617383480072,0.01567363739013672,1.5164999961853027,0.10975219309329987,0.022176504135131836,1.6334999799728394,0.584053099155426,0.17989452183246613,1.4165000915527344,0.04731786251068115,0.29361867904663086,1.6719999313354492,0.32888585329055786,0.0362970232963562,1.2890000343322754,0.029091043397784233,0.5625475645065308,1.715499997138977
0.25127094984054565,-0.1557701677083969,1.4429999589920044,0.2968837320804596,-0.19386009871959686,1.4839999675750732,0.21967266499996185,-0.19183415174484253,1.4505000114440918,0.42118871212005615,0.02277180179953575,1.4984999895095825,0.12155583500862122,0.02453458495438099,1.6145000457763672,0.6167347431182861,0.18854139745235443,1.412500023841858,0.06535074859857559,0.2921629846096039,1.6484999656677246,0.3710758090019226,0.027509037405252457,1.2690000534057617,0.04548908770084381,0.5618670582771301,1.7049999237060547
0.26392096281051636,-0.15030856430530548,1.435499906539917,0.30743035674095154,-0.1890687793493271,1.465499997138977,0.23014821112155914,-0.18654461205005646,1.4279999732971191,0.4350266754627228,0.027277633547782898,1.4795000553131104,0.1382654309272766,0.026839500293135643,1.5959999561309814,0.6275956630706787,0.18209907412528992,1.38100004196167,0.08090859651565552,0.2904793322086334,1.6390000581741333,0.3927730321884155,0.004804103169590235,1.246500015258789,0.0562579520046711,0.5645637512207031,1.6965000629425049
0.2747797966003418,-0.15093331038951874,1.4194999933242798,0.3177269995212555,-0.1867465376853943,1.4474999904632568,0.2423223853111267,-0.1852382868528366,1.4179999828338623,0.41209182143211365,0.046277597546577454,1.4014999866485596,0.14679396152496338,0.03162048012018204,1.5764999389648438,0.619736909866333,0.17759597301483154,1.3304998874664307,0.09867922216653824,0.2933543920516968,1.625499963760376,0.43922746181488037,-0.01943282224237919,1.246500015258789,0.0752110555768013,0.56513911485672,1.690000057220459
0.28033068776130676,-0.14329208433628082,1.3899999856948853,0.3228600025177002,-0.1817150115966797,1.4084999561309814,0.24876372516155243,-0.183213472366333,1.402500033378601,0.42052987217903137,0.035973235964775085,1.3554999828338623,0.1550697386264801,0.0287065040320158,1.556999921798706,0.613764226436615,0.17527669668197632,1.281999945640564,0.11289777606725693,0.2970860004425049,1.6029999256134033,0.5119386911392212,-0.02953154221177101,1.246500015258789,0.08253762871026993,0.5699566006660461,1.6720000505447388
0.28476032614707947,-0.1410241574048996,1.3680000305175781,0.3237393796443939,-0.17497402429580688,1.3734999895095825,0.256231427192688,-0.18047016859054565,1.381500005722046,0.4400850832462311,0.04297051578760147,1.368499994277954,0.16404743492603302,0.03352460265159607,1.5464999675750732,0.6081541776657104,0.17626994848251343,1.244999885559082,0.11959829181432724,0.2918248176574707,1.5885000228881836,0.562432587146759,-0.043669749051332474,1.246500015258789,0.0951642245054245,0.5564526915550232,1.656000018119812
0.29249143600463867,-0.1416178047657013,1.3524999618530273,0.33009856939315796,-0.17363639175891876,1.3629999160766602,0.2630739212036133,-0.17903319001197815,1.3704999685287476,0.4533897042274475,0.03631824254989624,1.368499994277954,0.18141230940818787,0.033492088317871094,1.5449999570846558,0.617272675037384,0.16630928218364716,1.2309999465942383,0.1264784336090088,0.28989583253860474,1.5779999494552612,0.6169660091400146,-0.07598564773797989,1.246500015258789,0.10053078830242157,0.5564526915550232,1.656000018119812
0.29199010133743286,-0.13398784399032593,1.3205000162124634,0.3380596935749054,-0.1687866896390915,1.3420000076293945,0.27177664637565613,-0.175264373421669,1.3585000038146973,0.4563441872596741,0.04702431708574295,1.3574999570846558,0.1908065229654312,0.033383697271347046,1.5399999618530273,0.6106637120246887,0.16739338636398315,1.2100000381469727,0.1354931890964508,0.28478968143463135,1.563999891281128,0.657432496547699,-0.07706669718027115,1.2315000295639038,0.10858065634965897,0.5618191957473755,1.656000018119812
0.2978747487068176,-0.1318570226430893,1.2994999885559082,0.3408147394657135,-0.16375669836997986,1.319000005722046,0.2790359854698181,-0.170770063996315,1.340499997138977,0.4725445508956909,0.04907887056469917,1.3534998893737793,0.19948402047157288,0.03316692262887955,1.5299999713897705,0.6163661479949951,0.16228818893432617,1.187000036239624,0.1471695452928543,0.2778433561325073,1.5534999370574951,0.6993369460105896,-0.087043896317482,1.2315000295639038,0.11663051694631577,0.5484028458595276,1.656000018119812
0.30488303303718567,-0.129152312874794,1.2934999465942383,0.3457879424095154,-0.16208064556121826,1.3055000305175781,0.2847192883491516,-0.16898655891418457,1.3264999389648438,0.4842679798603058,0.05112047120928764,1.3494999408721924,0.21091024577617645,0.033015176653862,1.5230000019073486,0.6139428019523621,0.1625514179468155,1.1749999523162842,0.15437257289886475,0.27972888946533203,1.5499999523162842,0.734443724155426,-0.0825134888291359,1.2235000133514404,0.1330508291721344,0.5551069974899292,1.659999966621399
0.3115713894367218,-0.12845338881015778,1.2864999771118164,0.3522142171859741,-0.15904630720615387,1.2979999780654907,0.29290470480918884,-0.16752155125141144,1.315000057220459,0.489373117685318,0.057509418576955795,1.3454999923706055,0.22005654871463776,0.03290678933262825,1.5180000066757202,0.610425591468811,0.1732591837644577,1.1575000286102295,0.16169825196266174,0.27435141801834106,1.5479999780654907,0.7241619825363159,-0.060664862394332886,1.184000015258789,0.14380989968776703,0.5443479418754578,1.659999966621399
0.3199096918106079,-0.12636883556842804,1.2864999771118164,0.36175215244293213,-0.15861745178699493,1.2944999933242798,0.29770371317863464,-0.16662979125976562,1.3079999685287476,0.49864909052848816,0.059756118804216385,1.347000002861023,0.2272108495235443,0.03041703626513481,1.5164999961853027,0.6009329557418823,0.17610394954681396,1.1394999027252197,0.17634837329387665,0.27122849225997925,1.5444999933242798,0.683479905128479,-0.04566674679517746,1.100000023841858,0.14936918020248413,0.5396178364753723,1.6619999408721924
0.32590988278388977,-0.1262706071138382,1.2855000495910645,0.36505943536758423,-0.15733085572719574,1.2839999198913574,0.3059472441673279,-0.16650240123271942,1.306999921798706,0.5033877491950989,0.05980048328638077,1.3480000495910645,0.2345825880765915,0.027959803119301796,1.5164999961853027,0.5967140793800354,0.1858680546283722,1.131500005722046,0.18343959748744965,0.2731108069419861,1.5410000085830688,0.6652083396911621,-0.034670520573854446,1.0905001163482666,0.15820609033107758,0.5395092964172363,1.6699999570846558
0.3354116976261139,-0.1288028508424759,1.2899999618530273,0.3685538172721863,-0.1582319140434265,1.2744998931884766,0.31206169724464417,-0.16637501120567322,1.305999994277954,0.5061345100402832,0.059867020696401596,1.3494999408721924,0.24195434153079987,0.027959803119301796,1.5164999961853027,0.5912138819694519,0.20053529739379883,1.131500005722046,0.19093042612075806,0.26811695098876953,1.5410000085830688,0.6369365453720093,-0.03290354833006859,1.0905001163482666,0.1622610241174698,0.5385749340057373,1.684000015258789
0.3368479013442993,-0.12855324149131775,1.287500023841858,0.3698919415473938,-0.15792153775691986,1.2719999551773071,0.31629401445388794,-0.16637501120567322,1.305999994277954,0.5017611980438232,0.05549374595284462,1.3494999408721924,0.24932608008384705,0.023045336827635765,1.5164999961853027,0.5857135653495789,0.20970231294631958,1.131500005722046,0.19842126965522766,0.2631230652332306,1.5410000085830688,0.608664870262146,-0.027602631598711014,1.0905001163482666,0.1681167185306549,0.5289136171340942,1.687999963760376
0.34102025628089905,-0.13063941895961761,1.287500023841858,0.37401410937309265,-0.1599826067686081,1.2719999551773071,0.318410187959671,-0.170607328414917,1.305999994277954,0.5083211064338684,0.059867020696401596,1.3494999408721924,0.25424060225486755,0.023045336827635765,1.5164999961853027,0.5802133679389954,0.2115357220172882,1.131500005722046,0.19842126965522766,0.25812920928001404,1.5410000085830688,0.5733251571655273,-0.024068688973784447,1.0905001163482666,0.17105428874492645,0.5268020033836365,1.690000057220459
