0.6796833872795105,-0.6804612874984741,3.0964999198913574,0,0,0,0.26437458395957947,-0.31823843717575073,1.3215000629425049,0.011760838329792023,-0.15411505103111267,1.3279999494552612,0.21555201709270477,-0.07009471952915192,1.249500036239624,0,0,0,0.34669163823127747,0.17368066310882568,1.4219999313354492,0,0,0,0,0,0
0.6806971430778503,-0.6567061543464661,3.055999994277954,0,0,0,0.27302801609039307,-0.3190637528896332,1.3429999351501465,0.01821628212928772,-0.1519632488489151,1.3279999494552612,0.2191437929868698,-0.07059960067272186,1.2584999799728394,0,0,0,0.34584060311317444,0.1836688369512558,1.4279999732971191,0,0,0,0,0,0
0.6835927963256836,-0.6594997048377991,3.069000005722046,0,0,0,0.2769922912120819,-0.32369646430015564,1.3624999523162842,0.018271151930093765,-0.15242096781730652,1.3320000171661377,0.22053684294223785,-0.07104838639497757,1.2664999961853027,0,0,0,0.34584060311317444,0.1836688369512558,1.4279999732971191,0,0,0,0,0,0
0.6885656118392944,-0.6495541334152222,3.069000005722046,0,0,0,0.28419598937034607,-0.3224445879459381,1.375999927520752,0.022672530263662338,-0.14866036176681519,1.3370000123977661,0.2201235443353653,-0.0633111372590065,1.2760000228881836,0,0,0,0.34605273604393005,0.20366613566875458,1.4385000467300415,0,0,0,0,0,0
0.6885656118392944,-0.6396085023880005,3.069000005722046,0,0,0,0.28452786803245544,-0.3186242878437042,1.3884999752044678,0.02928081713616848,-0.14486733078956604,1.3420000076293945,0.2128494679927826,-0.059454306960105896,1.281999945640564,0,0,0,0.3397672176361084,0.21576941013336182,1.441499948501587,0,0,0,0,0,0
0.678619921207428,-0.6197172999382019,3.069000005722046,0,0,0,0.28227803111076355,-0.31187477707862854,1.3884999752044678,0.03172486275434494,-0.14172250032424927,1.3534998893737793,0.20454035699367523,-0.055299777537584305,1.281999945640564,0,0,0,0.33042433857917786,0.21576941013336182,1.441499948501587,0,0,0,0,0,0
0.6587285995483398,-0.5998260974884033,3.069000005722046,0,0,0,0.2732786536216736,-0.30287545919418335,1.3884999752044678,0.032322563230991364,-0.13098593056201935,1.378999948501587,0.19312547147274017,-0.055601730942726135,1.2890000343322754,0,0,0,0.3123873174190521,0.21855904161930084,1.4444999694824219,0,0,0,0,0,0
0.6445616483688354,-0.5901488065719604,3.0964999198913574,0,0,0,0.2665291130542755,-0.29387614130973816,1.3884999752044678,0.02824752777814865,-0.11924196034669876,1.3984999656677246,0.18859918415546417,-0.05190325155854225,1.3009999990463257,0,0,0,0.30365434288978577,0.2260492444038391,1.4474999904632568,0,0,0,0.29194176197052,0.13266621530056,1.4024999141693115
0.6194747090339661,-0.5750967264175415,3.0964999198913574,0,0,0,0.25527989864349365,-0.28712666034698486,1.3884999752044678,0.021487729623913765,-0.11037478595972061,1.4010000228881836,0.18594203889369965,-0.05021622031927109,1.312000036239624,0,0,0,0.29283463954925537,0.2338101714849472,1.4520000219345093,0,0,0,0.2865472733974457,0.14017994701862335,1.409500002861023
0.5893703699111938,-0.5700793862342834,3.0964999198913574,0,0,0,0.24289493262767792,-0.2865961790084839,1.4079999923706055,0.012469323351979256,-0.10636341571807861,1.4079999923706055,0.1787232756614685,-0.04843856394290924,1.3215000629425049,0,0,0,0.277507483959198,0.2395011931657791,1.4579999446868896,0,0,0,0.29433560371398926,0.17499472200870514,1.4140000343322754
0.5555015802383423,-0.566339373588562,3.1034998893737793,0,0,0,0.23319460451602936,-0.28694087266921997,1.4325000047683716,0.0033578050788491964,-0.10681667178869247,1.4140000343322754,0.16004836559295654,-0.047103069722652435,1.3445000648498535,0,0,0,0.25835439562797546,0.2462361752986908,1.4700000286102295,0,0,0,0.2980951964855194,0.18046601116657257,1.4210000038146973
0.519837498664856,-0.5612112283706665,3.13100004196167,0,0,0,0.3406781554222107,-0.4396574795246124,2.249500036239624,-0.017293190583586693,-0.1070055291056633,1.4165000915527344,0.15397927165031433,-0.050142981112003326,1.3680000305175781,0,0,0,0.2410898357629776,0.2432793378829956,1.4809999465942383,0,0,0,0.28958165645599365,0.19555863738059998,1.4474999904632568
0.46610620617866516,-0.5688165426254272,3.1449999809265137,0,0,0,0.4241054654121399,-0.6134424805641174,3.0625,-0.038298413157463074,-0.1033550426363945,1.4295001029968262,0.13564620912075043,-0.04850442707538605,1.3845000267028809,0,0,0,0.22459466755390167,0.23639902472496033,1.4830000400543213,0,0,0,0.2881240248680115,0.2076507806777954,1.500999927520752
0.41514647006988525,-0.5688165426254272,3.1449999809265137,0,0,0,0.3761332929134369,-0.6111624836921692,3.0759999752044678,-0.05290810018777847,-0.10241705924272537,1.4490000009536743,0.12377457320690155,-0.049135033041238785,1.4024999141693115,0,0,0,0.2176056206226349,0.22701658308506012,1.4844999313354492,0,0,0,0.26008477807044983,0.2344799041748047,1.566499948501587
0.3556268513202667,-0.5714390873908997,3.1595001220703125,0,0,0,0.322717547416687,-0.6138447523117065,3.0894999504089355,-0.08722872287034988,-0.1041487455368042,1.4735000133514404,0.10917434096336365,-0.05663079768419266,1.4194999933242798,0,0,0,0.18189150094985962,0.21542413532733917,1.4874999523162842,0,0,0,0.26367121934890747,0.2554864287376404,1.6360000371932983
0.28907373547554016,-0.576558530330658,3.1595001220703125,0,0,0,0.26438772678375244,-0.622957170009613,3.1100001335144043,-0.11034007370471954,-0.1081269383430481,1.4954999685287476,0.09003184735774994,-0.0599687397480011,1.4444999694824219,0,0,0,0.15167151391506195,0.21458914875984192,1.4984999895095825,0,0,0,0.38073986768722534,0.4053512215614319,2.569000005722046
0.21740113198757172,-0.576558530330658,3.1595001220703125,0,0,0,0.20575247704982758,-0.6285657286643982,3.138000011444092,-0.13864439725875854,-0.11188073456287384,1.5134999752044678,0.0756106823682785,-0.06877592951059341,1.4830000400543213,0,0,0,0.133967787027359,0.20262360572814941,1.5180000066757202,0,0,0,0.464070588350296,0.5704991221427917,3.4730000495910645
0,0,0,0,0,0,0.14572854340076447,-0.6328724026679993,3.1595001220703125,-0.16473150253295898,-0.10057327151298523,1.527999997138977,0.05804090574383736,-0.06831986457109451,1.5264999866485596,0,0,0,0.12026986479759216,0.19946250319480896,1.531499981880188,0,0,0,0.40885287523269653,0.5606935620307922,3.4820001125335693
0,0,0,0,0,0,0,0,0,-0.1891278773546219,-0.11322419345378876,1.565999984741211,0.04159383475780487,-0.07735271751880646,1.559000015258789,0,0,0,0.10895374417304993,0.1989745795726776,1.5469999313354492,0,0,0,0.3411484956741333,0.5494095087051392,3.4820001125335693
0,0,0,0,0,0,0,0,0,-0.21825896203517914,-0.11136064678430557,1.6124999523162842,0.03729165717959404,-0.07894045859575272,1.590999960899353,-0.15168876945972443,0.07810565084218979,1.25600004196167,0.1022205576300621,0.20051802694797516,1.559000015258789,0,0,0,0.2960122525691986,0.5324835181236267,3.4820001125335693
