0.06468595564365387,-0.22520305216312408,1.4535000324249268,0.09687676280736923,-0.26483219861984253,1.4774999618530273,0.029570527374744415,-0.2624123990535736,1.4639999866485596,0.19595128297805786,-0.0753149762749672,1.6239999532699585,-0.10682656615972519,-0.05179101973772049,1.5499999523162842,0.2504991292953491,0.14105664193630219,1.7279999256134033,-0.11148945242166519,0.18617692589759827,1.4474999904632568,0.25845277309417725,0.25274133682250977,1.688499927520752,0.01745498552918434,0.2667621374130249,1.2725000381469727
0.06925305724143982,-0.2247382402420044,1.4505000114440918,0.09906924515962601,-0.26429444551467896,1.4744999408721924,0.03431488946080208,-0.2624123990535736,1.4639999866485596,0.198582723736763,-0.0753149762749672,1.6239999532699585,-0.10124523192644119,-0.05150700733065605,1.5414999723434448,0.255135715007782,0.13773664832115173,1.7214999198913574,-0.08925654739141464,0.18154549598693848,1.4294999837875366,0.2668163776397705,0.25827643275260925,1.7070000171661377,0.029193440452218056,0.2812831997871399,1.245500087738037
0.06910981982946396,-0.22661885619163513,1.4474999904632568,0.10104559361934662,-0.2632189989089966,1.468500018119812,0.03664948046207428,-0.2645132541656494,1.462499976158142,0.20403388142585754,-0.07275069504976273,1.625499963760376,-0.09852326661348343,-0.05139005929231644,1.5379999876022339,0.25446879863739014,0.1401587277650833,1.7170000076293945,-0.06764434278011322,0.17035216093063354,1.4134999513626099,0.2705298662185669,0.2591842710971832,1.7130000591278076,0.03597940504550934,0.2852112352848053,1.2025001049041748
0.06889497488737106,-0.2259143590927124,1.443000078201294,0.10300249606370926,-0.2621435225009918,1.462499976158142,0.03653671219944954,-0.26369935274124146,1.4579999446868896,0.20403388142585754,-0.07538454234600067,1.625499963760376,-0.09593752026557922,-0.04885029420256615,1.5364999771118164,0.251686692237854,0.1401587277650833,1.7170000076293945,-0.05104590952396393,0.17074935138225555,1.3980000019073486,0.27155640721321106,0.26295387744903564,1.7195000648498535,0.04450500011444092,0.29279419779777527,1.1705000400543213
0.0687517449259758,-0.22544467449188232,1.440000057220459,0.10289684683084488,-0.2618746757507324,1.4609999656677246,0.03646153584122658,-0.26315680146217346,1.4550000429153442,0.20096634328365326,-0.07785040140151978,1.621999979019165,-0.09531313180923462,-0.04605892673134804,1.5264999866485596,0.2483246773481369,0.13983219861984253,1.7130000591278076,-0.03498787432909012,0.17427679896354675,1.3900001049041748,0.27226704359054565,0.26643550395965576,1.7239999771118164,0.0472666434943676,0.2958209812641144,1.1454999446868896
0.0687517449259758,-0.22544467449188232,1.440000057220459,0.1027912050485611,-0.26160579919815063,1.4594999551773071,0.034103937447071075,-0.26315680146217346,1.4550000429153442,0.20096634328365326,-0.07522222399711609,1.621999979019165,-0.09456386417150497,-0.04569685459136963,1.5145000219345093,0.24526233971118927,0.13966894149780273,1.7109999656677246,-0.025726458057761192,0.1792753040790558,1.3765000104904175,0.273609459400177,0.2677491307258606,1.7325000762939453,0.05214309319853783,0.3084333837032318,1.1304999589920044
0.06860850751399994,-0.22497498989105225,1.437000036239624,0.10032309591770172,-0.26133692264556885,1.4579999446868896,0.034103937447071075,-0.26315680146217346,1.4550000429153442,0.19809360802173615,-0.07250453531742096,1.6200000047683716,-0.09122798591852188,-0.045259345322847366,1.5,0.24526233971118927,0.14244133234024048,1.7109999656677246,-0.0166888739913702,0.17360804975032806,1.3669999837875366,0.273609459400177,0.26494190096855164,1.7325000762939453,0.055461134761571884,0.3101644814014435,1.1234999895095825
0.06839365512132645,-0.22427047789096832,1.4325000047683716,0.10257992148399353,-0.26106807589530945,1.4565000534057617,0.034103937447071075,-0.26315680146217346,1.4550000429153442,0.19809360802173615,-0.07512947171926498,1.6200000047683716,-0.08988997340202332,-0.03980584070086479,1.4779999256134033,0.24526233971118927,0.14244133234024048,1.7109999656677246,-0.00996670313179493,0.17447252571582794,1.3564999103546143,0.2732146382331848,0.2673627734184265,1.7300000190734863,0.060922496020793915,0.3119848966598511,1.1234999895095825
0.07056670635938644,-0.22380079329013824,1.4294999837875366,0.10247427970170975,-0.26079922914505005,1.4550000429153442,0.03403361886739731,-0.2626141905784607,1.4520000219345093,0.19546864926815033,-0.07512947171926498,1.6200000047683716,-0.08849114179611206,-0.039186399430036545,1.4549999237060547,0.24220649898052216,0.14227484166622162,1.7089999914169312,-0.007657031994313002,0.18062996864318848,1.3369998931884766,0.27226704359054565,0.26643550395965576,1.7239999771118164,0.06257542222738266,0.3147830367088318,1.120500087738037
0.07049265503883362,-0.2235659509897232,1.4279999732971191,0.10236863791942596,-0.26053035259246826,1.4535000324249268,0.033928144723176956,-0.26180028915405273,1.4474999904632568,0.19546864926815033,-0.07512947171926498,1.6200000047683716,-0.08739641308784485,-0.03637320548295975,1.437000036239624,0.23915711045265198,0.14210833609104156,1.7070000171661377,-0.007508129812777042,0.18136587738990784,1.3109999895095825,0.27601781487464905,0.27016595005989075,1.7300000190734863,0.06793113052845001,0.32342737913131714,1.11899995803833
0.07049265503883362,-0.2235659509897232,1.4279999732971191,0.10226298868656158,-0.2602614760398865,1.4520000219345093,0.03385782614350319,-0.26125770807266235,1.4444999694824219,0.1928437054157257,-0.07512947171926498,1.6200000047683716,-0.08897557109594345,-0.03606946021318436,1.4249999523162842,0.23915711045265198,0.14210833609104156,1.7070000171661377,-0.005307888146489859,0.18508940935134888,1.2925000190734863,0.2773739695549011,0.2714933454990387,1.7384999990463257,0.06594070792198181,0.32979342341423035,1.1159999370574951
0.07034456729888916,-0.22078730165958405,1.4249999523162842,0.10226298868656158,-0.2602614760398865,1.4520000219345093,0.03616081923246384,-0.26098641753196716,1.4429999589920044,0.19546864926815033,-0.07512947171926498,1.6200000047683716,-0.08835118263959885,-0.033523570746183395,1.4149999618530273,0.23639120161533356,0.13934242725372314,1.7070000171661377,-0.005297621246427298,0.1847313940525055,1.2899999618530273,0.2823997139930725,0.27928051352500916,1.7699999809265137,0.06762759387493134,0.32920241355895996,1.1139999628067017
0.07007306814193726,-0.21993516385555267,1.4195001125335693,0.10226298868656158,-0.2602614760398865,1.4520000219345093,0.036123231053352356,-0.25837942957878113,1.441499948501587,0.19546864926815033,-0.07250453531742096,1.6200000047683716,-0.08800777047872543,-0.033393267542123795,1.409500002861023,0.23639120161533356,0.14487424492835999,1.7070000171661377,-0.005293514579534531,0.18458819389343262,1.2890000343322754,0.2874254882335663,0.28716981410980225,1.8015000820159912,0.06759724020957947,0.3326631188392639,1.1134999990463257
0.06758200377225876,-0.21931539475917816,1.4155000448226929,0.09960061311721802,-0.2571094334125519,1.4474999904632568,0.033646874129772186,-0.25730398297309875,1.4355000257492065,0.1902187466621399,-0.07512947171926498,1.6200000047683716,-0.09019555151462555,-0.03563915938138962,1.4079999923706055,0.23362527787685394,0.13934242725372314,1.7070000171661377,-0.005287354812026024,0.1781148612499237,1.287500023841858,0.4287051260471344,0.42832377552986145,2.687000036239624,0.06744547933340073,0.3283158838748932,1.1110000610351562
0.06292806565761566,-0.21679185330867767,1.4140000343322754,0.0946146622300148,-0.25397202372550964,1.4429999589920044,0.028903977945446968,-0.2541786730289459,1.430999994277954,0.18759378790855408,-0.07512947171926498,1.6200000047683716,-0.0924769937992096,-0.03563915938138962,1.4079999923706055,0.22809343039989471,0.13657651841640472,1.7070000171661377,-0.007364954333752394,0.17790734767913818,1.2860000133514404,0.4199974238872528,0.43267762660980225,2.687000036239624,0.06537938117980957,0.3287789225578308,1.1064999103546143
0.058283839374780655,-0.21656186878681183,1.412500023841858,0.08696277439594269,-0.25212398171424866,1.4325000047683716,0.024241123348474503,-0.2539122402667999,1.4294999837875366,0.17687533795833588,-0.07503671944141388,1.6180000305175781,-0.09703987836837769,-0.03563915938138962,1.4079999923706055,0.21979565918445587,0.14487424492835999,1.7070000171661377,-0.015675576403737068,0.18179166316986084,1.2839999198913574,0.40655723214149475,0.4279252588748932,2.684499979019165,0.06367268413305283,0.3238386809825897,1.1080000400543213
0.05119922757148743,-0.2133629471063614,1.406499981880188,0.08232049643993378,-0.24748171865940094,1.4325000047683716,0.017219707369804382,-0.24823342263698578,1.4235000610351562,0.16618281602859497,-0.07232551276683807,1.6160000562667847,-0.10149451345205307,-0.03332219272851944,1.406499981880188,0.21125006675720215,0.14746715128421783,1.7049999237060547,-0.01772843860089779,0.18150849640369415,1.281999945640564,0.3888903558254242,0.4272027015686035,2.6529998779296875,0.05649132654070854,0.32563403248786926,1.1080000400543213
0.04194854199886322,-0.21040859818458557,1.4019999504089355,0.07303594052791595,-0.24748171865940094,1.4325000047683716,0.007968209683895111,-0.2451494336128235,1.4190000295639038,0.15798446536064148,-0.07216886430978775,1.6124999523162842,-0.1058640405535698,-0.033262964338064194,1.4040000438690186,0.20572470128536224,0.14746715128421783,1.7049999237060547,-0.021797647699713707,0.17873141169548035,1.2769999504089355,0.5046795606613159,0.5791845321655273,3.560999870300293,0.045574869960546494,0.32997435331344604,1.1045000553131104
0.030589943751692772,-0.21040859818458557,1.4019999504089355,0.06136590987443924,-0.24490389227867126,1.430999994277954,-0.0035281179007142782,-0.2451494336128235,1.4190000295639038,0.15171679854393005,-0.07167655229568481,1.6015000343322754,-0.11891793459653854,-0.033097125589847565,1.3970000743865967,0.19743666052818298,0.14470449090003967,1.7049999237060547,-0.038200899958610535,0.1739094853401184,1.2719999551773071,0.4758293330669403,0.5734145641326904,3.560999870300293,0.032972391694784164,0.33279865980148315,1.1019999980926514
0.016959626227617264,-0.2081369012594223,1.4019999504089355,0.04485108330845833,-0.2433636337518692,1.4220000505447388,-0.017311502248048782,-0.24267905950546265,1.4179999828338623,0.13567934930324554,-0.06625829637050629,1.5959999561309814,-0.13193055987358093,-0.032954975962638855,1.3910000324249268,0.18086056411266327,0.14746715128421783,1.7049999237060547,-0.04850627854466438,0.17597055435180664,1.2719999551773071,0.45274919271469116,0.561874508857727,3.560999870300293,0.022258689627051353,0.3292274475097656,1.1019999980926514
