0,0,0,0,0,0,0,0,0,-0.32385870814323425,-0.33689260482788086,1.968500018119812,-0.030890431255102158,-0.3421980142593384,1.999500036239624,-0.3992851674556732,-0.07556269317865372,2.061500072479248,0.04728132113814354,-0.10049726814031601,2.1670000553131104,-0.46450677514076233,0.14502272009849548,2.1630001068115234,0.10996024310588837,0.12829598784446716,2.892000198364258
0,0,0,0,0,0,0,0,0,-0.335941880941391,-0.35569027066230774,2.002500057220459,-0.03471919894218445,-0.357989639043808,2.0339999198913574,-0.40189889073371887,-0.08687060326337814,2.0924999713897705,0.03732403740286827,-0.1127731055021286,2.2009999752044678,-0.4790370762348175,0.1402144581079483,2.197499990463257,0.0892132818698883,0.10714653879404068,2.8285000324249268
0,0,0,0,0,0,0,0,0,-0.34122633934020996,-0.3645811676979065,2.0339999198913574,-0.03852894902229309,-0.3661700487136841,2.061500072479248,-0.4123908281326294,-0.0979233831167221,2.1115000247955322,0.023278551176190376,-0.12104985117912292,2.2220001220703125,-0.4964224696159363,0.13035766780376434,2.2114999294281006,0.06547721475362778,0.09676790982484818,2.7934999465942383
0,0,0,0,0,0,0,0,0,-0.3470628559589386,-0.37058985233306885,2.0490000247955322,-0.0458127036690712,-0.3744395673274994,2.0889999866485596,-0.4224103093147278,-0.10555991530418396,2.127500057220459,0.012718810699880123,-0.1307324916124344,2.2649998664855957,-0.5075743198394775,0.12055405229330063,2.2290000915527344,0.04775306209921837,0.07929589599370956,2.815999984741211
0,0,0,0,0,0,0,0,0,-0.348587304353714,-0.37888696789741516,2.058000087738037,-0.05655679851770401,-0.381803423166275,2.1110000610351562,-0.42991024255752563,-0.1126129999756813,2.130500078201294,0.005530642345547676,-0.13820023834705353,2.3289999961853027,-0.5272836685180664,0.1173095852136612,2.2360000610351562,0.020332349464297295,0.0745738074183464,2.809999942779541
0,0,0,0,0,0,0,0,0,-0.35070452094078064,-0.38454312086105347,2.070499897003174,-0.0649895891547203,-0.39840200543403625,2.1640000343322754,-0.4333623945713043,-0.1160651221871376,2.130500078201294,-0.0020615102257579565,-0.1412561982870102,2.380500078201294,-0.5309067964553833,0.11006346344947815,2.2360000610351562,-0.002433456713333726,0.06091441214084625,2.809999942779541
0,0,0,0,0,0,0,0,0,-0.3561969995498657,-0.3902398347854614,2.0829999446868896,-0.07704414427280426,-0.41008028388023376,2.2079999446868896,-0.4333623945713043,-0.1195172443985939,2.130500078201294,-0.009927907027304173,-0.1591203361749649,2.4175000190734863,-0.5317378044128418,0.10660700500011444,2.239500045776367,-0.029577722772955894,0.0333983413875103,2.7934999465942383
0,0,0,0,0,0,0,0,0,-0.359572172164917,-0.3936150074005127,2.0829999446868896,-0.0880555659532547,-0.4113803505897522,2.2149999141693115,-0.4368145167827606,-0.1229693591594696,2.130500078201294,-0.02193950116634369,-0.1649932563304901,2.446499824523926,-0.5297597646713257,0.10330015420913696,2.246500015258789,-0.04768342524766922,0.019819149747490883,2.7934999465942383
0,0,0,0,0,0,0,0,0,-0.3770131468772888,-0.4045938551425934,2.1050000190734863,-0.0964590460062027,-0.42394396662712097,2.243499994277954,-0.4402666687965393,-0.1264214813709259,2.130500078201294,-0.03394954651594162,-0.18147815763950348,2.4549999237060547,-0.5277590155601501,0.09997060894966125,2.253499984741211,-0.0657891258597374,0.006239958107471466,2.7934999465942383
0,0,0,0,0,0,0,0,0,-0.39594560861587524,-0.4100717306137085,2.133500099182129,-0.1125832349061966,-0.43367791175842285,2.2755000591278076,-0.44236505031585693,-0.1294773519039154,2.124000072479248,-0.05030812695622444,-0.1911315768957138,2.4769999980926514,-0.5164551734924316,0.10061386972665787,2.2680001258850098,-0.08389482647180557,-0.002812836552038789,2.7934999465942383
0,0,0,0,0,0,0,0,0,-0.4018363058567047,-0.40909236669540405,2.1465001106262207,-0.12383468449115753,-0.43434494733810425,2.2790000438690186,-0.43548181653022766,-0.12603577971458435,2.124000072479248,-0.05500155687332153,-0.19758740067481995,2.507999897003174,-0.5124723315238953,0.09758008271455765,2.2829999923706055,-0.10099641233682632,-0.016230661422014236,2.7660000324249268
0,0,0,0,0,0,0,0,0,-0.4100303053855896,-0.4103311598300934,2.1530001163482666,-0.14229847490787506,-0.4380377233028412,2.2790000438690186,-0.4492482542991638,-0.1294773519039154,2.124000072479248,-0.07559093832969666,-0.20237483084201813,2.5169999599456787,-0.5141558647155762,0.10161201655864716,2.2904999256134033,-0.12244652211666107,-0.024998502805829048,2.744500160217285
0,0,0,0,0,0,0,0,0,-0.4204961061477661,-0.4103311598300934,2.1530001163482666,-0.15706951916217804,-0.4454231858253479,2.2790000438690186,-0.4492482542991638,-0.12603577971458435,2.124000072479248,-0.08782613277435303,-0.20645320415496826,2.5169999599456787,-0.5167373418807983,0.10585219413042068,2.302000045776367,-0.13578760623931885,-0.024998502805829048,2.744500160217285
0,0,0,0,0,0,0,0,0,-0.43445050716400146,-0.4068426191806793,2.1530001163482666,-0.17184056341648102,-0.4454231858253479,2.2790000438690186,-0.4630146920681,-0.12603577971458435,2.124000072479248,-0.10024023801088333,-0.2149936556816101,2.5215001106262207,-0.533202052116394,0.10690978914499283,2.3249998092651367,-0.1446816623210907,-0.03389250859618187,2.744500160217285
0,0,0,0,0,0,0,0,0,-0.46311089396476746,-0.40400972962379456,2.1565001010894775,-0.18632499873638153,-0.44473910331726074,2.2755000591278076,-0.48594146966934204,-0.11971358954906464,2.134000062942505,-0.11292116343975067,-0.20350049436092377,2.5310001373291016,-0.5641459822654724,0.11158151179552078,2.3439998626708984,-0.16691681742668152,-0.00721049914136529,2.744500160217285
0,0,0,0,0,0,0,0,0,-0.4813622236251831,-0.4081653654575348,2.1600000858306885,-0.20413056015968323,-0.4396952986717224,2.2685000896453857,-0.5161857604980469,-0.11138970404863358,2.1740000247955322,-0.1413489729166031,-0.19900549948215485,2.5260000228881836,-0.5917406678199768,0.12318555265665054,2.3480000495910645,-0.18470491468906403,-0.00721049914136529,2.744500160217285
0,0,0,0,0,0,0,0,0,-0.5023618340492249,-0.3976656198501587,2.1600000858306885,-0.2217736393213272,-0.4345780313014984,2.261000156402588,-0.5537567138671875,-0.11689445376396179,2.2114999294281006,-0.1577209085226059,-0.19081959128379822,2.5260000228881836,-0.6118039488792419,0.12720642983913422,2.3519999980926514,-0.1951156109571457,-0.0027851462364196777,2.7660000324249268
0,0,0,0,0,0,0,0,0,-0.5268614292144775,-0.3871658444404602,2.1600000858306885,-0.24088802933692932,-0.43234381079673767,2.2685000896453857,-0.5761973857879639,-0.11059603095054626,2.2290000915527344,-0.17505772411823273,-0.19187717139720917,2.5399999618530273,-0.6368289589881897,0.12763909995555878,2.3600001335144043,-0.20529672503471375,0.0017068132292479277,2.7825000286102295
0,0,0,0,0,0,0,0,0,-0.548748791217804,-0.3737708330154419,2.1635000705718994,-0.25926676392555237,-0.4249923825263977,2.2685000896453857,-0.5943540930747986,-0.10038745403289795,2.243000030517578,-0.18876968324184418,-0.19742031395435333,2.558499813079834,-0.6592844128608704,0.13597498834133148,2.372000217437744,-0.2106347531080246,0.006239958107471466,2.7934999465942383
0,0,0,0,0,0,0,0,0,-0.5574297308921814,-0.3678615689277649,2.1700000762939453,-0.2666182518005371,-0.41764095425605774,2.2685000896453857,-0.6153936386108398,-0.0935545563697815,2.253499984741211,-0.20571346580982208,-0.18946172297000885,2.562999963760376,-0.6708148121833801,0.13981841504573822,2.372000217437744,-0.21191659569740295,0.006277932319790125,2.810500144958496
