-0.08328507095575333,0.23890678584575653,2.0950000286102295,-0.08172738552093506,0.2934977412223816,3.05049991607666,-0.11236291378736496,0.19970294833183289,2.007999897003174,0.04971439763903618,0.30716949701309204,2.121000051498413,-0.21521900594234467,0.28695446252822876,2.124000072479248,0.08785006403923035,0.4905867874622345,1.9739999771118164,-0.3289628028869629,0.4919370114803314,2.194000005722046,0,0,0,-0.36556652188301086,0.556429922580719,1.9359999895095825
-0.07989045232534409,0.24230137467384338,2.0950000286102295,-0.07678453624248505,0.2934977412223816,3.05049991607666,-0.11202718317508698,0.19910624623298645,2.002000093460083,0.04627765715122223,0.3106062412261963,2.121000051498413,-0.20897334814071655,0.2912847399711609,2.130500078201294,0.09104862064123154,0.4905867874622345,1.9739999771118164,-0.3254077732563019,0.4883819818496704,2.194000005722046,0,0,0,-0.36139991879463196,0.5517211556434631,1.9305000305175781
-0.07649584114551544,0.24230137467384338,2.0950000286102295,-0.04995122179389,0.2075044959783554,2.121000051498413,-0.10862024128437042,0.19880786538124084,1.9989999532699585,0.046135835349559784,0.3062281310558319,2.114500045776367,-0.2165362536907196,0.2887107729911804,2.13700008392334,0.09157904237508774,0.4902276396751404,1.9854999780654907,-0.3254077732563019,0.4883819818496704,2.194000005722046,0,0,0,-0.3609319031238556,0.5510066747665405,1.9279999732971191
-0.07649584114551544,0.24230137467384338,2.0950000286102295,-0.04949198290705681,0.20559674501419067,2.1015000343322754,-0.10862024128437042,0.19880786538124084,1.9989999532699585,0.04599400982260704,0.3087024688720703,2.1080000400543213,-0.2168402373790741,0.2891160845756531,2.140000104904175,0.09028757363557816,0.4896579384803772,1.9574999809265137,-0.32185277342796326,0.4848269522190094,2.194000005722046,0,0,0,-0.36242955923080444,0.5501560568809509,1.9359999895095825
-0.07649584114551544,0.24569597840309143,2.0950000286102295,-0.04949198290705681,0.20900188386440277,2.1015000343322754,-0.10862024128437042,0.20204691588878632,1.9989999532699585,0.04620128870010376,0.3100936710834503,2.117500066757202,-0.2168402373790741,0.2891160845756531,2.140000104904175,0.09028757363557816,0.4833143353462219,1.9574999809265137,-0.32082587480545044,0.48328012228012085,2.187000036239624,0,0,0,-0.3661330044269562,0.554150402545929,1.9390000104904175
-0.0762767568230629,0.24499231576919556,2.0889999866485596,-0.04986879602074623,0.21059314906597137,2.117500066757202,-0.10927228629589081,0.20325979590415955,2.010999917984009,0.046266745775938034,0.30709707736968994,2.120500087738037,-0.2168402373790741,0.2891160845756531,2.140000104904175,0.08514466136693954,0.4837932884693146,1.9854999780654907,-0.32385045289993286,0.4825066924095154,2.183500051498413,0,0,0,-0.36345916986465454,0.5517190098762512,1.941499948501587
-0.07954724878072739,0.24126045405864716,2.0859999656677246,-0.05346348509192467,0.21123959124088287,2.124000072479248,-0.10927228629589081,0.20325979590415955,2.010999917984009,0.042901504784822464,0.30760395526885986,2.124000072479248,-0.2168402373790741,0.2856485843658447,2.140000104904175,0.08297968655824661,0.5030407309532166,2.011000156402588,-0.323331356048584,0.4817332625389099,2.180000066757202,0,0,0,-0.36345916986465454,0.5548648238182068,1.941499948501587
-0.07943284511566162,0.2442886382341385,2.0829999446868896,-0.053387969732284546,0.21094122529029846,2.121000051498413,-0.10927228629589081,0.20325979590415955,2.010999917984009,0.042962100356817245,0.3080384433269501,2.127000093460083,-0.21820814907550812,0.29093992710113525,2.1535000801086426,0.08357799798250198,0.5033857822418213,2.0255000591278076,-0.3243695795536041,0.48682379722595215,2.187000036239624,0,0,0,-0.3692748248577118,0.5604340434074402,1.9390000104904175
-0.07931844145059586,0.24393680691719055,2.0799999237060547,-0.05346348509192467,0.21123959124088287,2.124000072479248,-0.10927228629589081,0.20325979590415955,2.010999917984009,0.04640857130289078,0.3080384433269501,2.127000093460083,-0.21307358145713806,0.2817854881286621,2.13700008392334,0.08335104584693909,0.5052919387817383,2.0199999809265137,-0.32843801379203796,0.49115222692489624,2.190500020980835,0,0,0,-0.36056262254714966,0.54881352186203,1.9094998836517334
-0.07920403778553009,0.24021953344345093,2.0769999027252197,-0.05329987034201622,0.21059314906597137,2.117500066757202,-0.10910926759243011,0.20295657217502594,2.007999897003174,0.042962100356817245,0.31493133306503296,2.127000093460083,-0.20961090922355652,0.2887107729911804,2.13700008392334,0.08347483724355698,0.4994865655899048,2.0230000019073486,-0.32592689990997314,0.48916107416152954,2.197499990463257,0,0,0,-0.3636566400527954,0.5457195043563843,1.9094998836517334
-0.07920403778553009,0.24358497560024261,2.0769999027252197,-0.0532243587076664,0.21029478311538696,2.114500045776367,-0.10894627124071121,0.20265337824821472,2.005000114440918,0.0463431142270565,0.31448712944984436,2.124000072479248,-0.20931664109230042,0.28830546140670776,2.134000062942505,0.08297968655824661,0.5030407309532166,2.011000156402588,-0.33001235127449036,0.493506520986557,2.2009999752044678,0,0,0,-0.35961851477622986,0.5473764538764954,1.9045000076293945
-0.0790705680847168,0.23981474339962006,2.073499917984009,-0.0532243587076664,0.21029478311538696,2.114500045776367,-0.10894627124071121,0.20265337824821472,2.005000114440918,0.04277021437883377,0.3100936710834503,2.117500066757202,-0.20931664109230042,0.28830546140670776,2.134000062942505,0.08335104584693909,0.4954727590084076,2.0199999809265137,-0.3269650936126709,0.4907192587852478,2.2044999599456787,0,0,0,-0.35914644598960876,0.546657919883728,1.9019999504089355
-0.0789371058344841,0.24276404082775116,2.069999933242798,-0.05306074395775795,0.20964832603931427,2.1080000400543213,-0.10894627124071121,0.20265337824821472,2.005000114440918,0.042901504784822464,0.31448712944984436,2.124000072479248,-0.21277445554733276,0.28830546140670776,2.134000062942505,0.08180368691682816,0.4894869327545166,1.9824999570846558,-0.33001235127449036,0.493506520986557,2.2009999752044678,0,0,0,-0.36270445585250854,0.5504624247550964,1.9045000076293945
-0.0789371058344841,0.239409938454628,2.069999933242798,-0.05306074395775795,0.20964832603931427,2.1080000400543213,-0.10910926759243011,0.20295657217502594,2.007999897003174,0.042972199618816376,0.315005362033844,2.127500057220459,-0.21277445554733276,0.28830546140670776,2.134000062942505,0.08229883760213852,0.495681494474411,1.994499921798706,-0.3289628028869629,0.4919370114803314,2.194000005722046,0,0,0,-0.35961851477622986,0.5504624247550964,1.9045000076293945
-0.08256948739290237,0.24021953344345093,2.0769999027252197,-0.056476425379514694,0.20964832603931427,2.1080000400543213,-0.11253079026937485,0.20325979590415955,2.010999917984009,0.04303279519081116,0.30854532122612,2.130500078201294,-0.21277445554733276,0.2848476767539978,2.134000062942505,0.08275272697210312,0.49516570568084717,2.005499839782715,-0.3254077732563019,0.4883819818496704,2.194000005722046,0,0,0,-0.35914644598960876,0.5435760617256165,1.9019999504089355
-0.0828080102801323,0.2409134805202484,2.0829999446868896,-0.056476425379514694,0.20964832603931427,2.1080000400543213,-0.11253079026937485,0.20325979590415955,2.010999917984009,0.042962100356817245,0.3080384433269501,2.127000093460083,-0.21932975947856903,0.2878326177597046,2.130500078201294,0.08380494266748428,0.5080435872077942,2.0310001373291016,-0.32843801379203796,0.49115222692489624,2.190500020980835,0,0,0,-0.363180547952652,0.5480949878692627,1.906999945640564
-0.08304654061794281,0.2416074275970459,2.0889999866485596,-0.05655679851770401,0.20994669198989868,2.1110000610351562,-0.11236291378736496,0.19970294833183289,2.007999897003174,0.04303279519081116,0.30854532122612,2.130500078201294,-0.21587763726711273,0.2878326177597046,2.130500078201294,0.08285589516162872,0.4957830309867859,2.008000135421753,-0.3243695795536041,0.48328012228012085,2.187000036239624,0,0,0,-0.36150676012039185,0.5502505898475647,1.9144999980926514
-0.09320122748613358,0.2416074275970459,2.0889999866485596,-0.06359308958053589,0.21059314906597137,2.117500066757202,-0.12212385982275009,0.19970294833183289,2.007999897003174,0.03951563313603401,0.3080384433269501,2.127000093460083,-0.2162322700023651,0.2917632460594177,2.134000062942505,0.08417630195617676,0.5036839246749878,2.0399999618530273,-0.3243695795536041,0.49036747217178345,2.187000036239624,0,0,0,-0.36056262254714966,0.5519075393676758,1.9094998836517334
-0.09997101873159409,0.2416074275970459,2.0889999866485596,-0.07013914734125137,0.20964832603931427,2.1080000400543213,-0.12484677881002426,0.1988576054573059,1.999500036239624,0.042962100356817245,0.31493133306503296,2.127000093460083,-0.20961090922355652,0.2887107729911804,2.13700008392334,0.09145484864711761,0.5073874592781067,2.054999828338623,-0.32082587480545044,0.48682379722595215,2.187000036239624,0,0,0,-0.3574685752391815,0.5457195043563843,1.9094998836517334
-0.105948805809021,0.2431745082139969,2.073499917984009,-0.0731186643242836,0.21180056035518646,2.0954999923706055,-0.13132652640342712,0.1988576054573059,1.999500036239624,0.04303279519081116,0.3119974434375763,2.130500078201294,-0.21491502225399017,0.28998589515686035,2.121000051498413,0.09105432778596878,0.5051653385162354,2.0460000038146973,-0.3243695795536041,0.49391111731529236,2.187000036239624,0,0,0,-0.36056262254714966,0.5519075393676758,1.9094998836517334
