-0.8884738683700562,0.009496438317000866,2.4639999866485596,-0.8655717968940735,-0.022680368274450302,2.490000009536743,-0.8990830183029175,-0.025711843743920326,2.3965001106262207,-0.8092940449714661,0.13687123358249664,2.691999912261963,-1.0829559564590454,0.144287109375,2.5169999599456787,-0.7235578894615173,0.420276939868927,2.558499813079834,-1.0926483869552612,0.41338154673576355,2.4210000038146973,-0.8130223751068115,0.5741257071495056,2.371999979019165,-1.0282557010650635,0.5779691338539124,2.371999979019165
-0.8884738683700562,0.009496438317000866,2.4639999866485596,-0.8655717968940735,-0.022680368274450302,2.490000009536743,-0.8990830183029175,-0.025711843743920326,2.3965001106262207,-0.8136560320854187,0.13687123358249664,2.691999912261963,-1.0829559564590454,0.144287109375,2.5169999599456787,-0.7235578894615173,0.420276939868927,2.558499813079834,-1.0926483869552612,0.4094587564468384,2.4210000038146973,-0.8157644867897034,0.5760620832443237,2.380000114440918,-1.0282557010650635,0.5818125605583191,2.371999979019165
-0.8924664258956909,0.013488936237990856,2.4639999866485596,-0.8655717968940735,-0.022680368274450302,2.490000009536743,-0.9061688184738159,-0.025803038850426674,2.4049999713897705,-0.8136560320854187,0.1412331759929657,2.691999912261963,-1.0870343446731567,0.15244385600090027,2.5169999599456787,-0.728983461856842,0.42516911029815674,2.562999963760376,-1.0926483869552612,0.41338154673576355,2.4210000038146973,-0.8157644867897034,0.5760620832443237,2.380000114440918,-1.0282557010650635,0.5818125605583191,2.371999979019165
-0.8908364772796631,0.009479094296693802,2.4594998359680176,-0.8682095408439636,-0.022643934935331345,2.4860000610351562,-0.9029662013053894,-0.025711843743920326,2.3965001106262207,-0.8136560320854187,0.1412331759929657,2.691999912261963,-1.0829559564590454,0.144287109375,2.5169999599456787,-0.7248305678367615,0.4210161566734314,2.562999963760376,-1.0926483869552612,0.41338154673576355,2.4210000038146973,-0.8157644867897034,0.5799184441566467,2.380000114440918,-1.0282557010650635,0.5818125605583191,2.371999979019165
-0.88920658826828,0.009461751207709312,2.4549999237060547,-0.8668126463890076,-0.022607499733567238,2.4820001125335693,-0.9029662013053894,-0.025711843743920326,2.3965001106262207,-0.8136560320854187,0.13687123358249664,2.691999912261963,-1.0829559564590454,0.144287109375,2.5169999599456787,-0.7275172472000122,0.4225767254829407,2.572499990463257,-1.0926483869552612,0.40553590655326843,2.4210000038146973,-0.8157644867897034,0.5799184441566467,2.380000114440918,-1.0282557010650635,0.5779691338539124,2.371999979019165
-0.8917292952537537,0.009446335025131702,2.4509999752044678,-0.8652409911155701,-0.02256651036441326,2.4774999618530273,-0.9029662013053894,-0.025711843743920326,2.3965001106262207,-0.8136560320854187,0.1412331759929657,2.691999912261963,-1.0829559564590454,0.144287109375,2.5169999599456787,-0.7357186079025269,0.42734044790267944,2.6015000343322754,-1.0926483869552612,0.41338154673576355,2.4210000038146973,-0.8209984302520752,0.5808930993080139,2.384000062942505,-1.0282557010650635,0.5818125605583191,2.371999979019165
-0.8902739882469177,0.009430918842554092,2.447000026702881,-0.8620979189872742,-0.022484535351395607,2.4685001373291016,-0.8997634649276733,-0.02562064677476883,2.388000011444092,-0.8136560320854187,0.1412331759929657,2.691999912261963,-1.0829559564590454,0.144287109375,2.5169999599456787,-0.7275172472000122,0.4225767254829407,2.572499990463257,-1.0946792364120483,0.4141499102115631,2.42549991607666,-0.8171355128288269,0.5808930993080139,2.384000062942505,-1.0282557010650635,0.5818125605583191,2.371999979019165
-0.886309027671814,0.009430918842554092,2.447000026702881,-0.8589546084403992,-0.026387762278318405,2.4594998359680176,-0.8997634649276733,-0.02562064677476883,2.388000011444092,-0.8136560320854187,0.1412331759929657,2.691999912261963,-1.0870343446731567,0.144287109375,2.5169999599456787,-0.7358538508415222,0.4225767254829407,2.572499990463257,-1.0946792364120483,0.41021981835365295,2.42549991607666,-0.8209984302520752,0.5770302414894104,2.384000062942505,-1.0282557010650635,0.5818125605583191,2.371999979019165
-0.8846791386604309,0.009413576684892178,2.442500114440918,-0.8589546084403992,-0.026387762278318405,2.4594998359680176,-0.8997634649276733,-0.02562064677476883,2.388000011444092,-0.8180178999900818,0.1412331759929657,2.691999912261963,-1.089161992073059,0.14402912557125092,2.5124998092651367,-0.7316855192184448,0.4184083938598633,2.572499990463257,-1.0946792364120483,0.4141499102115631,2.42549991607666,-0.8143934011459351,0.5789437890052795,2.375999927520752,-1.0282557010650635,0.5818125605583191,2.371999979019165
-0.8846791386604309,0.005455915350466967,2.442500114440918,-0.8589546084403992,-0.026387762278318405,2.4594998359680176,-0.8997634649276733,-0.029489999637007713,2.388000011444092,-0.8133078813552856,0.14041997492313385,2.676499843597412,-1.083147406578064,0.14783495664596558,2.507999897003174,-0.7316855192184448,0.4184083938598633,2.572499990463257,-1.098515510559082,0.4116574227809906,2.434000015258789,-0.8157644867897034,0.5799184441566467,2.380000114440918,-1.0282557010650635,0.5818125605583191,2.371999979019165
-0.8846791386604309,0.005455915350466967,2.442500114440918,-0.8573830723762512,-0.026339484378695488,2.4549999237060547,-0.9014589786529541,-0.033422213047742844,2.3924999237060547,-0.8042863011360168,0.1396068036556244,2.6610000133514404,-1.083147406578064,0.14377117156982422,2.507999897003174,-0.7331364154815674,0.4210161566734314,2.562999963760376,-1.098515510559082,0.41560128331184387,2.434000015258789,-0.8196209669113159,0.5760620832443237,2.380000114440918,-1.0320991277694702,0.5856559872627258,2.371999979019165
-0.8869996070861816,0.0054458631202578545,2.437999963760376,-0.8573830723762512,-0.030317397788167,2.4549999237060547,-0.9031545519828796,-0.029601143673062325,2.3970000743865967,-0.808597981929779,0.1396068036556244,2.6610000133514404,-1.089161992073059,0.14402912557125092,2.5124998092651367,-0.7251437306404114,0.4146675169467926,2.549499988555908,-1.1004213094711304,0.4030231535434723,2.429500102996826,-0.8182433843612671,0.5789437890052795,2.375999927520752,-1.0282557010650635,0.5856559872627258,2.371999979019165
-0.8830491900444031,0.0054458631202578545,2.437999963760376,-0.8573830723762512,-0.030317397788167,2.4549999237060547,-0.9031545519828796,-0.03348507732152939,2.3970000743865967,-0.808597981929779,0.1396068036556244,2.6610000133514404,-1.091112732887268,0.144287109375,2.5169999599456787,-0.7251437306404114,0.418798565864563,2.549499988555908,-1.098515510559082,0.4116574227809906,2.434000015258789,-0.8154883980751038,0.5769944787025452,2.368000030517578,-1.0320991277694702,0.5818125605583191,2.371999979019165
-0.8869996070861816,0.0054458631202578545,2.437999963760376,-0.8573830723762512,-0.030317397788167,2.4549999237060547,-0.9085521697998047,-0.02965054102241993,2.4010000228881836,-0.808597981929779,0.1396068036556244,2.6610000133514404,-1.0870343446731567,0.144287109375,2.5169999599456787,-0.728983461856842,0.41686323285102844,2.562999963760376,-1.098515510559082,0.41560128331184387,2.434000015258789,-0.8182433843612671,0.5750938653945923,2.375999927520752,-1.0320991277694702,0.5894994139671326,2.371999979019165
-0.8869996070861816,0.0054458631202578545,2.437999963760376,-0.8589546084403992,-0.030372967943549156,2.4594998359680176,-0.9085521697998047,-0.03354095667600632,2.4010000228881836,-0.808597981929779,0.1396068036556244,2.6610000133514404,-1.091112732887268,0.144287109375,2.5169999599456787,-0.728983461856842,0.4210161566734314,2.562999963760376,-1.098515510559082,0.41560128331184387,2.434000015258789,-0.8196209669113159,0.5760620832443237,2.380000114440918,-1.0303586721420288,0.5846683979034424,2.368000030517578
-0.8869996070861816,0.0054458631202578545,2.437999963760376,-0.8645187616348267,-0.02643604390323162,2.4639999866485596,-0.910065770149231,-0.029699936509132385,2.4049999713897705,-0.812909722328186,0.1396068036556244,2.6610000133514404,-1.0870343446731567,0.144287109375,2.5169999599456787,-0.7251437306404114,0.418798565864563,2.549499988555908,-1.0967103242874146,0.41491830348968506,2.430000066757202,-0.8225482106208801,0.5858597755432129,2.388500213623047,-1.0233968496322632,0.584528923034668,2.3519999980926514
-0.8869996070861816,0.0054458631202578545,2.437999963760376,-0.8605262637138367,-0.03042854182422161,2.4639999866485596,-0.910065770149231,-0.029699936509132385,2.4049999713897705,-0.808597981929779,0.1396068036556244,2.6610000133514404,-1.0870343446731567,0.144287109375,2.5169999599456787,-0.728983461856842,0.4210161566734314,2.562999963760376,-1.0946792364120483,0.4141499102115631,2.42549991607666,-0.8225482106208801,0.5858597755432129,2.388500213623047,-1.0181753635406494,0.5777550339698792,2.3399999141693115
-0.8869996070861816,0.0054458631202578545,2.437999963760376,-0.8645187616348267,-0.02643604390323162,2.4639999866485596,-0.9061688184738159,-0.029699936509132385,2.4049999713897705,-0.8070786595344543,0.1393444836139679,2.6560001373291016,-1.0870343446731567,0.144287109375,2.5169999599456787,-0.728983461856842,0.41686323285102844,2.562999963760376,-1.0946792364120483,0.4141499102115631,2.42549991607666,-0.8168659210205078,0.5779691934585571,2.372000217437744,-1.0066447257995605,0.571212112903595,2.313499927520752
-0.8869996070861816,0.0054458631202578545,2.437999963760376,-0.8620979189872742,-0.026484325528144836,2.4685001373291016,-0.9061688184738159,-0.033596836030483246,2.4049999713897705,-0.8027750849723816,0.13504087924957275,2.6560001373291016,-1.0870343446731567,0.144287109375,2.5169999599456787,-0.7251437306404114,0.418798565864563,2.549499988555908,-1.098609447479248,0.41021981835365295,2.42549991607666,-0.8168659210205078,0.5779691934585571,2.372000217437744,-1.0066447257995605,0.5674634575843811,2.313499927520752
-0.8869996070861816,0.0054458631202578545,2.437999963760376,-0.8620979189872742,-0.026484325528144836,2.4685001373291016,-0.9061688184738159,-0.029699936509132385,2.4049999713897705,-0.8027750849723816,0.1393444836139679,2.6560001373291016,-1.0870343446731567,0.144287109375,2.5169999599456787,-0.7304055690765381,0.4176764488220215,2.567999839782715,-1.1025396585464478,0.41021981835365295,2.42549991607666,-0.8141108751296997,0.576019823551178,2.364000082015991,-1.0066447257995605,0.5674634575843811,2.313499927520752
