0,0,0,0,0,0,0,0,0,0.6408370733261108,0.05569151043891907,2.0985000133514404,0.8560440540313721,0.09230229258537292,1.9390000104904175,0.5814273357391357,0.27756592631340027,2.1050000190734863,0.92723548412323,0.36753663420677185,2.055000066757202,0.5302267670631409,0.4496287703514099,2.065000057220459,1.191028118133545,0.6744099259376526,2.6115000247955322
0,0,0,0,0,0,0,0,0,0.647153913974762,0.05252796784043312,2.1080000400543213,0.8740012049674988,0.09254030138254166,1.944000005722046,0.6041167974472046,0.2748601734638214,2.13700008392334,0.9292067289352417,0.35702529549598694,2.052000045776367,0.5515148639678955,0.45216017961502075,2.1080000400543213,1.1880508661270142,0.665629506111145,2.5774998664855957
0,0,0,0,0,0,0,0,0,0.6626975536346436,0.04582671821117401,2.114000082015991,0.880070686340332,0.09635474532842636,1.9574999809265137,0.6227388978004456,0.26651424169540405,2.1535000801086426,0.9411285519599915,0.349863201379776,2.0490000247955322,0.5702716708183289,0.45278918743133545,2.127000093460083,1.2172858715057373,0.6531003713607788,2.5774998664855957
0,0,0,0,0,0,0,0,0,0.6798245310783386,0.042401332408189774,2.114000082015991,0.8977746963500977,0.09370657056570053,1.9684998989105225,0.6450909972190857,0.2580079138278961,2.1700000762939453,0.955806314945221,0.35702529549598694,2.052000045776367,0.6017687916755676,0.45231595635414124,2.191500186920166,1.2381681203842163,0.6531003713607788,2.5774998664855957
0,0,0,0,0,0,0,0,0,0.6969515681266785,0.038975950330495834,2.114000082015991,0.9105332493782043,0.09370657056570053,1.9684998989105225,0.6597182750701904,0.2666890025138855,2.183500051498413,0.9705228805541992,0.3542174994945526,2.055000066757202,0.639863908290863,0.47354820370674133,2.2764999866485596,1.2841215133666992,0.6574839353561401,2.6115000247955322
0,0,0,0,0,0,0.5658296942710876,-0.06504658609628677,1.194000005722046,0.7106531858444214,0.038975950330495834,2.114000082015991,0.9246989488601685,0.09384938329458237,1.9714999198913574,0.6774083375930786,0.26315101981163025,2.183500051498413,0.9831264615058899,0.3530220687389374,2.067500114440918,0.6760996580123901,0.47986969351768494,2.3249998092651367,1.32229745388031,0.6553583741188049,2.63700008392334
0,0,0,0,0,0,0.5774378776550293,-0.06504658609628677,1.194000005722046,0.7265819907188416,0.039095789194107056,2.120500087738037,0.9342824816703796,0.09384938329458237,1.9714999198913574,0.6926689743995667,0.2635728120803833,2.187000036239624,0.9991812705993652,0.3551563620567322,2.0799999237060547,0.7021594047546387,0.48224326968193054,2.3364999294281006,1.3612407445907593,0.6552749872207642,2.6714999675750732
0.6365289688110352,-0.04535137489438057,1.2944999933242798,0,0,0,0.587602972984314,-0.05735587328672409,1.1949999332427979,0.7403256893157959,0.035659875720739365,2.120500087738037,0.9418643116950989,0.09716693311929703,1.9739999771118164,0.7103873491287231,0.2564854919910431,2.187000036239624,1.0168133974075317,0.36119839549064636,2.0954999923706055,0.7324469089508057,0.4670996367931366,2.3364999294281006,1.4004545211791992,0.657159686088562,2.697000026702881
0.6635366678237915,-0.046209704130887985,1.319000005722046,0,0,0,0.59584641456604,-0.05740387365221977,1.1959999799728394,0.7507213354110718,0.03928016126155853,2.130500078201294,0.9386658072471619,0.09396839141845703,1.9739999771118164,0.7245621681213379,0.2564854919910431,2.187000036239624,1.0221388339996338,0.3640718460083008,2.0924999713897705,0.7665202617645264,0.4595278203487396,2.3364999294281006,1.4260838031768799,0.6653316617012024,2.7125000953674316
0.6779452562332153,-0.042300887405872345,1.3304998874664307,0,0,0,0.8826866745948792,-0.07827804982662201,1.749000072479248,0.765785813331604,0.03588690236210823,2.134000062942505,0.9418643116950989,0.09396839141845703,1.9739999771118164,0.7422806024551392,0.2493981570005417,2.187000036239624,1.0221388339996338,0.35729074478149414,2.0924999713897705,0.7968076467514038,0.45195597410202026,2.3364999294281006,1.4480597972869873,0.6565413475036621,2.7125000953674316
0.6847016215324402,-0.040416594594717026,1.3394999504089355,0,0,0,1.1265696287155151,-0.09567465633153915,2.2179999351501465,0.7796170711517334,0.03588690236210823,2.134000062942505,0.9450628757476807,0.09076986461877823,1.9739999771118164,0.7623207569122314,0.26315101981163025,2.183500051498413,1.0189636945724487,0.35956090688705444,2.0859999656677246,0.8631630539894104,0.4114384949207306,2.321499824523926,1.4568500518798828,0.6521461606025696,2.7125000953674316
0.9136446714401245,-0.050238240510225296,1.7595000267028809,0,0,0,1.1409454345703125,-0.09208076447248459,2.2179999351501465,0.8003638982772827,0.025513537228107452,2.134000062942505,0.9456193447113037,0.09370657056570053,1.9684998989105225,0,0,0,1.0238139629364014,0.363462895154953,2.0889999866485596,0,0,0,1.4700356721878052,0.6477510333061218,2.7125000953674316
1.0888694524765015,-0.055951718240976334,2.077500104904175,0,0,0,1.1481331586837769,-0.08848686516284943,2.2179999351501465,0.8163118958473206,0.018567457795143127,2.130500078201294,0.9444184303283691,0.09040199965238571,1.965999960899353,0,0,0,1.0204291343688965,0.3668477535247803,2.0889999866485596,0,0,0,1.4717129468917847,0.6421699523925781,2.7074999809265137
1.1912108659744263,-0.056825216859579086,2.244999885559082,0,0,0,1.1625089645385742,-0.08848686516284943,2.2179999351501465,0.8395784497261047,0.015161455608904362,2.13700008392334,0.9397966265678406,0.09344476461410522,1.9630000591278076,0,0,0,1.002551555633545,0.36189699172973633,2.0799999237060547,0,0,0,1.463287591934204,0.6254078149795532,2.691999912261963
1.1984862089157104,-0.053187571465969086,2.244999885559082,0,0,0,1.1732906103134155,-0.0812990739941597,2.2179999351501465,0.856024980545044,0.022153934463858604,2.1435000896453857,0.9345303177833557,0.09292113035917282,1.9520000219345093,0,0,0,0.986476480960846,0.36307215690612793,2.067500114440918,0,0,0,1.463287591934204,0.6210458874702454,2.691999912261963
1.216819167137146,-0.049704425036907196,2.251999855041504,0,0,0,1.1392292976379395,-0.06784675270318985,2.134000062942505,0.8707424998283386,0.025549406185746193,2.13700008392334,0.9263573884963989,0.09242129325866699,1.941499948501587,0,0,0,0.9778430461883545,0.37366366386413574,2.070499897003174,0,0,0,1.4478156566619873,0.6119877696037292,2.6714999675750732
1.2467259168624878,-0.04293370619416237,2.2799999713897705,0,0,0,1.1374818086624146,-0.07055273652076721,2.1115000247955322,0.8915185332298279,0.025549406185746193,2.13700008392334,0.929503321647644,0.08927542716264725,1.941499948501587,0,0,0,0.9563267230987549,0.37587258219718933,2.0460000038146973,0,0,0,1.4521445035934448,0.6033303737640381,2.6714999675750732
1.218361496925354,-0.03812068700790405,2.2150001525878906,0,0,0,1.1271247863769531,-0.06294066458940506,2.0859999656677246,0.9053691625595093,0.02208675444126129,2.13700008392334,0.9131416082382202,0.08890756964683533,1.933500051498413,0,0,0,0.9375346302986145,0.3604849874973297,2.0339999198913574,0,0,0,1.4339959621429443,0.5975714325904846,2.6459999084472656
1.2097066640853882,-0.03398600220680237,2.180000066757202,0,0,0,1.1373639106750488,-0.06275962293148041,2.0799999237060547,0.9267803430557251,0.018567457795143127,2.130500078201294,0.9131416082382202,0.08890756964683533,1.933500051498413,0,0,0,0.9131155014038086,0.35666242241859436,2.0310001373291016,0,0,0,1.4258668422698975,0.5856577157974243,2.63100004196167
1.2167714834213257,-0.030453680083155632,2.180000066757202,0,0,0,1.1441045999526978,-0.05938933417201042,2.0799999237060547,0.948573887348175,0.018454160541296005,2.117500066757202,0.906875729560852,0.08264174312353134,1.933500051498413,0,0,0,0.8889834880828857,0.3529365658760071,2.0285000801086426,0,0,0,1.4092600345611572,0.5823187232017517,2.616000175476074
