-0.9030078053474426,0.013587475754320621,2.4820001125335693,-0.8708342909812927,-0.022607499733567238,2.4820001125335693,-0.9170028567314148,-0.021979007869958878,2.4130001068115234,-0.8136560320854187,0.1412331759929657,2.691999912261963,-1.0850908756256104,0.14402912557125092,2.5124998092651367,-0.7345297932624817,0.42003485560417175,2.5824999809265137,-1.0908430814743042,0.4087822437286377,2.4170000553131104,-0.8337404131889343,0.5859858393669128,2.4210000038146973,-0.9745314121246338,0.5555672645568848,2.265000104904175
-0.9030078053474426,0.013587475754320621,2.4820001125335693,-0.8692553639411926,-0.02256651036441326,2.4774999618530273,-0.9170028567314148,-0.021979007869958878,2.4130001068115234,-0.8151673078536987,0.1414954960346222,2.697000026702881,-1.0870343446731567,0.14836546778678894,2.5169999599456787,-0.7264236211776733,0.41126111149787903,2.553999900817871,-1.0890378952026367,0.408105731010437,2.4130001068115234,-0.8313599228858948,0.5870749950408936,2.42549991607666,-0.9775431752204895,0.5536028146743774,2.2720000743865967
-0.9013705849647522,0.013562840409576893,2.4774999618530273,-0.8676764965057373,-0.022525522857904434,2.4730000495910645,-0.9170028567314148,-0.021979007869958878,2.4130001068115234,-0.8151673078536987,0.13712546229362488,2.697000026702881,-1.0850908756256104,0.14810021221637726,2.5124998092651367,-0.731849193572998,0.41613131761550903,2.558499813079834,-1.0890378952026367,0.4041958749294281,2.4130001068115234,-0.8382173776626587,0.5851885080337524,2.434000015258789,-0.9790490865707397,0.5544556379318237,2.2755000591278076
-0.9013705849647522,0.013562840409576893,2.4774999618530273,-0.8676764965057373,-0.022525522857904434,2.4730000495910645,-0.9154826998710632,-0.02194257266819477,2.4089999198913574,-0.8181896805763245,0.13763388991355896,2.7069997787475586,-1.0850908756256104,0.14402912557125092,2.5124998092651367,-0.7400014996528625,0.4207667410373688,2.5869998931884766,-1.0890378952026367,0.4041958749294281,2.4130001068115234,-0.8352900743484497,0.5910050868988037,2.42549991607666,-0.9775431752204895,0.5536028146743774,2.2720000743865967
-0.9013705849647522,0.013562840409576893,2.4774999618530273,-0.8676764965057373,-0.022525522857904434,2.4730000495910645,-0.9154826998710632,-0.018039193004369736,2.4089999198913574,-0.8151673078536987,0.1414954960346222,2.697000026702881,-1.0850908756256104,0.14810021221637726,2.5124998092651367,-0.7497271299362183,0.42629677057266235,2.621000051498413,-1.0890378952026367,0.408105731010437,2.4130001068115234,-0.8266806602478027,0.5810239315032959,2.4005000591278076,-0.9775431752204895,0.5536028146743774,2.2720000743865967
-0.9030078053474426,0.013587475754320621,2.4820001125335693,-0.8676764965057373,-0.022525522857904434,2.4730000495910645,-0.9170028567314148,-0.021979007869958878,2.4130001068115234,-0.8151673078536987,0.1414954960346222,2.697000026702881,-1.0850908756256104,0.14402912557125092,2.5124998092651367,-0.7400014996528625,0.4207667410373688,2.5869998931884766,-1.0890378952026367,0.4041958749294281,2.4130001068115234,-0.8196209669113159,0.5799184441566467,2.380000114440918,-0.9753619432449341,0.5544556379318237,2.2755000591278076
-0.9030078053474426,0.013587475754320621,2.4820001125335693,-0.8676764965057373,-0.022525522857904434,2.4730000495910645,-0.9154826998710632,-0.02194257266819477,2.4089999198913574,-0.8151673078536987,0.13712546229362488,2.697000026702881,-1.0850908756256104,0.14402912557125092,2.5124998092651367,-0.738571286201477,0.4199535548686981,2.5820000171661377,-1.0908430814743042,0.4087822437286377,2.4170000553131104,-0.8266806602478027,0.5771343111991882,2.4005000591278076,-0.9768621921539307,0.55530846118927,2.2790000438690186
-0.9077374339103699,0.013658641837537289,2.494999885559082,-0.8676764965057373,-0.022525522857904434,2.4730000495910645,-0.9170028567314148,-0.021979007869958878,2.4130001068115234,-0.8151673078536987,0.13712546229362488,2.697000026702881,-1.0850908756256104,0.14810021221637726,2.5124998092651367,-0.738571286201477,0.4199535548686981,2.5820000171661377,-1.1044169664382935,0.40553590655326843,2.4210000038146973,-0.8366676568984985,0.5841066241264343,2.429500102996826,-0.9805549383163452,0.55530846118927,2.2790000438690186
-0.9077374339103699,0.013658641837537289,2.494999885559082,-0.8692553639411926,-0.02256651036441326,2.4774999618530273,-0.9154826998710632,-0.018039193004369736,2.4089999198913574,-0.8181896805763245,0.13763388991355896,2.7069997787475586,-1.083147406578064,0.14377117156982422,2.507999897003174,-0.728983461856842,0.41686323285102844,2.562999963760376,-1.0926483869552612,0.40553590655326843,2.4210000038146973,-0.8366676568984985,0.5919798016548157,2.429500102996826,-0.9805549383163452,0.55530846118927,2.2790000438690186
-0.9077374339103699,0.013658641837537289,2.494999885559082,-0.8692553639411926,-0.02256651036441326,2.4774999618530273,-0.9139626026153564,-0.021906139329075813,2.4049999713897705,-0.816678524017334,0.1417578160762787,2.7019999027252197,-1.0850908756256104,0.14810021221637726,2.5124998092651367,-0.7331364154815674,0.41686323285102844,2.562999963760376,-1.0926483869552612,0.40553590655326843,2.4210000038146973,-0.8280581831932068,0.5858882069587708,2.4045000076293945,-0.9768621921539307,0.5590012073516846,2.2790000438690186
-0.9077374339103699,0.013658641837537289,2.494999885559082,-0.8676764965057373,-0.022525522857904434,2.4730000495910645,-0.9154826998710632,-0.02194257266819477,2.4089999198913574,-0.810482382774353,0.14068230986595154,2.68149995803833,-1.0850908756256104,0.14810021221637726,2.5124998092651367,-0.7358538508415222,0.4184083938598633,2.572499990463257,-1.0887255668640137,0.40553590655326843,2.4210000038146973,-0.8270755410194397,0.5801396369934082,2.4130001068115234,-0.9805549383163452,0.55530846118927,2.2790000438690186
-0.9077374339103699,0.013658641837537289,2.494999885559082,-0.8692553639411926,-0.02256651036441326,2.4774999618530273,-0.9154826998710632,-0.02194257266819477,2.4089999198913574,-0.8073087930679321,0.13580352067947388,2.6710000038146973,-1.0850908756256104,0.14402912557125092,2.5124998092651367,-0.7370896339416504,0.42149868607521057,2.5915000438690186,-1.0926483869552612,0.4094587564468384,2.4210000038146973,-0.8280581831932068,0.5819920897483826,2.4045000076293945,-0.9768621921539307,0.55530846118927,2.2790000438690186
-0.9077374339103699,0.013658641837537289,2.494999885559082,-0.8692553639411926,-0.02256651036441326,2.4774999618530273,-0.9170028567314148,-0.018069148063659668,2.4130001068115234,-0.810482382774353,0.13633738458156586,2.68149995803833,-1.0850908756256104,0.14810021221637726,2.5124998092651367,-0.7468666434288025,0.4246703088283539,2.6110000610351562,-1.0908430814743042,0.40486589074134827,2.4170000553131104,-0.8200489282608032,0.5790875554084778,2.3924999237060547,-0.9768621921539307,0.55530846118927,2.2790000438690186
-0.9030078053474426,0.013587475754320621,2.4820001125335693,-0.8692553639411926,-0.02256651036441326,2.4774999618530273,-0.9170028567314148,-0.018069148063659668,2.4130001068115234,-0.810482382774353,0.14068230986595154,2.68149995803833,-1.083147406578064,0.14783495664596558,2.507999897003174,-0.7426359057426453,0.4246703088283539,2.6110000610351562,-1.0890378952026367,0.408105731010437,2.4130001068115234,-0.8215913772583008,0.580176830291748,2.3970000743865967,-0.9768621921539307,0.55530846118927,2.2790000438690186
-0.9030078053474426,0.013587475754320621,2.4820001125335693,-0.8692553639411926,-0.02256651036441326,2.4774999618530273,-0.9170028567314148,-0.018069148063659668,2.4130001068115234,-0.816678524017334,0.13737967610359192,2.7019999027252197,-1.0850908756256104,0.14810021221637726,2.5124998092651367,-0.7412887811660767,0.42149868607521057,2.5915000438690186,-1.0908430814743042,0.4087822437286377,2.4170000553131104,-0.8243334889411926,0.5821132063865662,2.4050002098083496,-0.9753619432449341,0.5544556379318237,2.2755000591278076
-0.9030078053474426,0.013587475754320621,2.4820001125335693,-0.8692553639411926,-0.02256651036441326,2.4774999618530273,-0.9170028567314148,-0.018069148063659668,2.4130001068115234,-0.8213633894920349,0.13816775381565094,2.7174999713897705,-1.0850908756256104,0.14402912557125092,2.5124998092651367,-0.7370896339416504,0.42149868607521057,2.5915000438690186,-1.0908430814743042,0.4087822437286377,2.4170000553131104,-0.8282304406166077,0.5860100388526917,2.4050002098083496,-0.9738617539405823,0.5536028146743774,2.2720000743865967
-0.9030078053474426,0.013587475754320621,2.4820001125335693,-0.8708342909812927,-0.022607499733567238,2.4820001125335693,-0.9130930304527283,-0.018069148063659668,2.4130001068115234,-0.8213633894920349,0.13816775381565094,2.7174999713897705,-1.0850908756256104,0.14810021221637726,2.5124998092651367,-0.7385116815567017,0.4223119020462036,2.5964999198913574,-1.0851280689239502,0.408105731010437,2.4130001068115234,-0.8243334889411926,0.5821132063865662,2.4050002098083496,-0.9738617539405823,0.5536028146743774,2.2720000743865967
-0.9030078053474426,0.013587475754320621,2.4820001125335693,-0.8708342909812927,-0.022607499733567238,2.4820001125335693,-0.9170028567314148,-0.018069148063659668,2.4130001068115234,-0.8181896805763245,0.14202013611793518,2.7069997787475586,-1.0870343446731567,0.14836546778678894,2.5169999599456787,-0.7385116815567017,0.41810473799705505,2.5964999198913574,-1.0890378952026367,0.408105731010437,2.4130001068115234,-0.8282304406166077,0.5860100388526917,2.4050002098083496,-0.9738617539405823,0.5536028146743774,2.2720000743865967
-0.9013705849647522,0.013562840409576893,2.4774999618530273,-0.8708342909812927,-0.022607499733567238,2.4820001125335693,-0.9170028567314148,-0.018069148063659668,2.4130001068115234,-0.8181896805763245,0.14202013611793518,2.7069997787475586,-1.0870343446731567,0.14836546778678894,2.5169999599456787,-0.7427189350128174,0.4223119020462036,2.5964999198913574,-1.0890378952026367,0.408105731010437,2.4130001068115234,-0.8270755410194397,0.5840495228767395,2.4130001068115234,-0.9723615050315857,0.5564257502555847,2.2685000896453857
-0.9013705849647522,0.013562840409576893,2.4774999618530273,-0.8708342909812927,-0.022607499733567238,2.4820001125335693,-0.9146066308021545,-0.018099099397659302,2.4170000553131104,-0.8181896805763245,0.13763388991355896,2.7069997787475586,-1.0870343446731567,0.14836546778678894,2.5169999599456787,-0.7343875765800476,0.4199535548686981,2.5820000171661377,-1.0908430814743042,0.4087822437286377,2.4170000553131104,-0.830985426902771,0.587959349155426,2.4130001068115234,-0.9738617539405823,0.5572842359542847,2.2720000743865967
