0.70733243227005,-0.2240978330373764,2.8445000648498535,0.7285161018371582,-0.2653280198574066,2.8919999599456787,0.5135794281959534,-0.20128965377807617,2.194000005722046,0.5348629951477051,-0.03612181916832924,2.316999912261963,0.3109070956707001,-0.009009130299091339,2.121000051498413,0.5518171787261963,0.21272461116313934,2.4594998359680176,0.2877644896507263,0.24859990179538727,2.180000066757202,0.7467086315155029,0.5490807890892029,3.0425000190734863,0.3857000172138214,0.4787003695964813,2.2149999141693115
0.70733243227005,-0.2240978330373764,2.8445000648498535,0.7285161018371582,-0.2653280198574066,2.8919999599456787,0.5127601623535156,-0.20096854865550995,2.190500020980835,0.5303063988685608,-0.03606725484132767,2.313499927520752,0.3113468289375305,-0.009021873585879803,2.124000072479248,0.5478320121765137,0.21272461116313934,2.4594998359680176,0.28423216938972473,0.24859990179538727,2.180000066757202,0.737136960029602,0.5371757745742798,3.003499984741211,0.380903422832489,0.4807652533054352,2.2079999446868896
0.70733243227005,-0.2240978330373764,2.8445000648498535,0.7285161018371582,-0.2653280198574066,2.8919999599456787,0.5092108249664307,-0.20096854865550995,2.190500020980835,0.529504120349884,-0.036012690514326096,2.309999942779541,0.3113468289375305,-0.009021873585879803,2.124000072479248,0.5518171787261963,0.21670982241630554,2.4594998359680176,0.2877644896507263,0.25213223695755005,2.180000066757202,0.7245904803276062,0.5315420031547546,2.9720001220703125,0.38448113203048706,0.4843429625034332,2.2079999446868896
0.7027233242988586,-0.2240978330373764,2.8445000648498535,0.722596287727356,-0.2631720006465912,2.868499994277954,0.5075835585594177,-0.2003263235092163,2.183500051498413,0.5248507857322693,-0.03595033288002014,2.305999994277954,0.31434381008148193,-0.009009130299091339,2.121000051498413,0.5448418259620667,0.21710634231567383,2.4639999866485596,0.2877644896507263,0.25213223695755005,2.180000066757202,0.7230056524276733,0.5351845026016235,2.9654998779296875,0.38448113203048706,0.4843429625034332,2.2079999446868896
0.7027233242988586,-0.2240978330373764,2.8445000648498535,0.7238300442695618,-0.2653280198574066,2.8919999599456787,0.5075835585594177,-0.19678834080696106,2.183500051498413,0.520210325717926,-0.03588797152042389,2.302000045776367,0.31434381008148193,-0.002135681686922908,2.121000051498413,0.5448418259620667,0.20912133157253265,2.4639999866485596,0.2912968397140503,0.2627291977405548,2.180000066757202,0.7214210033416748,0.5340115427970886,2.9590001106262207,0.38448113203048706,0.49149835109710693,2.2079999446868896
0.698114275932312,-0.21948881447315216,2.8445000648498535,0.7283352017402649,-0.2669794261455536,2.9099998474121094,0.5032376050949097,-0.1964728981256485,2.180000066757202,0.520210325717926,-0.039617978036403656,2.302000045776367,0.31434381008148193,-0.002135681686922908,2.121000051498413,0.5328642129898071,0.22109884023666382,2.4639999866485596,0.2948291599750519,0.2662615180015564,2.180000066757202,0.7121459245681763,0.5402020215988159,2.940500020980835,0.38448113203048706,0.495076060295105,2.2079999446868896
0.6952918171882629,-0.21860143542289734,2.8329999446868896,0.7236199975013733,-0.2622642517089844,2.9099998474121094,0.4997052550315857,-0.1929405778646469,2.180000066757202,0.5164803266525269,-0.03215796872973442,2.302000045776367,0.32068726420402527,0.004729948937892914,2.117500066757202,0.5368567705154419,0.22109884023666382,2.4639999866485596,0.29836153984069824,0.2662615180015564,2.180000066757202,0.713862955570221,0.5284169316291809,2.927999973297119,0.38509058952331543,0.4958608150482178,2.2114999294281006
0.690701425075531,-0.21860143542289734,2.8329999446868896,0.728096067905426,-0.26863086223602295,2.927999973297119,0.4997052550315857,-0.1964728981256485,2.180000066757202,0.5136412382125854,-0.03221384808421135,2.305999994277954,0.3270079791545868,0.011572894640266895,2.114000082015991,0.5248792171478271,0.22509132325649261,2.4639999866485596,0.3119891881942749,0.27288734912872314,2.176500082015991,0.7171347737312317,0.513130247592926,2.921999931335449,0.39287814497947693,0.5002346038818359,2.2149999141693115
0.690701425075531,-0.22319182753562927,2.8329999446868896,0.7218693494796753,-0.26808038353919983,2.921999931335449,0.4997052550315857,-0.20000521838665009,2.180000066757202,0.5061681866645813,-0.03221384808421135,2.305999994277954,0.3299644887447357,0.011556470766663551,2.1110000610351562,0.5200411081314087,0.22871193289756775,2.4600000381469727,0.3150084912776947,0.2724485397338867,2.1730000972747803,0.7127170562744141,0.5005583763122559,2.9039998054504395,0.3964672088623047,0.5038236379623413,2.2149999141693115
0.698114275932312,-0.2240978330373764,2.8445000648498535,0.728096067905426,-0.2733752131462097,2.927999973297119,0.5040455460548401,-0.2003263235092163,2.183500051498413,0.5061681866645813,-0.039686817675828934,2.305999994277954,0.3318847119808197,0.011504463851451874,2.1015000343322754,0.5124175548553467,0.22754265367984772,2.4054999351501465,0.3216058909893036,0.2720724046230316,2.1700000762939453,0.709771990776062,0.49848997592926025,2.8919999599456787,0.40005624294281006,0.5038236379623413,2.2149999141693115
0.698114275932312,-0.2240978330373764,2.8445000648498535,0.7266040444374084,-0.2775495946407318,2.921999931335449,0.5056614279747009,-0.20096854865550995,2.190500020980835,0.509904682636261,-0.039686817675828934,2.305999994277954,0.3294368088245392,0.014799623750150204,2.0859999656677246,0.5018731355667114,0.21522530913352966,2.3559999465942383,0.3281838595867157,0.2752074897289276,2.1670000553131104,0.711244523525238,0.494828462600708,2.8980000019073486,0.40659090876579285,0.5030275583267212,2.2114999294281006
0.7024092078208923,-0.22547653317451477,2.861999988555908,0.728096067905426,-0.2781195342540741,2.927999973297119,0.5080852508544922,-0.20193186402320862,2.2009999752044678,0.509904682636261,-0.043423302471637726,2.305999994277954,0.32801544666290283,0.014735770411789417,2.0769999027252197,0.4952695667743683,0.21616066992282867,2.325000047683716,0.33062365651130676,0.2778184413909912,2.1600000858306885,0.7040044665336609,0.49908727407455444,2.868499994277954,0.41375768184661865,0.5066108703613281,2.2114999294281006
0.6958059668540955,-0.22189190983772278,2.816499948501587,0.7266040444374084,-0.2775495946407318,2.921999931335449,0.5080852508544922,-0.20193186402320862,2.2009999752044678,0.5136412382125854,-0.047159790992736816,2.305999994277954,0.32801544666290283,0.014735770411789417,2.0769999027252197,0.4885195195674896,0.2116050273180008,2.2760000228881836,0.3320353031158447,0.2795600891113281,2.1465001106262207,0.708299458026886,0.5021321177482605,2.886000156402588,0.41668057441711426,0.5093867778778076,2.2079999446868896
0.6944472193717957,-0.22145859897136688,2.810999870300293,0.7266040444374084,-0.2775495946407318,2.921999931335449,0.5080852508544922,-0.20193186402320862,2.2009999752044678,0.5173777341842651,-0.043423302471637726,2.305999994277954,0.32801544666290283,0.014735770411789417,2.0769999027252197,0.4821876287460327,0.21614250540733337,2.246500015258789,0.33102986216545105,0.27871352434158325,2.140000104904175,0.7025319933891296,0.5119580030441284,2.8625001907348633,0.41959211230278015,0.5121514201164246,2.2044999599456787
0.7042056322097778,-0.22457054257392883,2.8505001068115234,0.7266040444374084,-0.2775495946407318,2.921999931335449,0.5080852508544922,-0.20193186402320862,2.2009999752044678,0.5136412382125854,-0.047159790992736816,2.305999994277954,0.3313809037208557,0.0046394821256399155,2.0769999027252197,0.4879426956176758,0.20095407962799072,2.239500045776367,0.33102986216545105,0.27871352434158325,2.140000104904175,0.6967644095420837,0.4847543239593506,2.8389999866485596,0.4267362058162689,0.5157234072685242,2.2044999599456787
0.7055643200874329,-0.22500383853912354,2.8559999465942383,0.7266040444374084,-0.2728149890899658,2.921999931335449,0.5088931918144226,-0.20225296914577484,2.2044999599456787,0.5211142301559448,-0.047159790992736816,2.305999994277954,0.32801544666290283,0.014735770411789417,2.0769999027252197,0.48718011379241943,0.20426307618618011,2.2360000610351562,0.33102986216545105,0.2752460539340973,2.140000104904175,0.6967644095420837,0.493954598903656,2.8389999866485596,0.4267362058162689,0.5085793733596802,2.2044999599456787
0.7055643200874329,-0.22500383853912354,2.8559999465942383,0.7328404188156128,-0.2733752131462097,2.927999973297119,0.5140925049781799,-0.19931183755397797,2.2114999294281006,0.5211142301559448,-0.047159790992736816,2.305999994277954,0.32801544666290283,0.0113703403621912,2.0769999027252197,0.4864175319671631,0.21117813885211945,2.2325000762939453,0.33301249146461487,0.2774762511253357,2.130500078201294,0.6939419507980347,0.49653515219688416,2.8274998664855957,0.43675780296325684,0.5113382935523987,2.2009999752044678
0.7055643200874329,-0.22500383853912354,2.8559999465942383,0.7313386797904968,-0.2728149890899658,2.921999931335449,0.509701132774353,-0.1989963948726654,2.2079999446868896,0.5222333073616028,-0.04692460224032402,2.2944998741149902,0.32465001940727234,0.008004911243915558,2.0769999027252197,0.48926669359207153,0.20001190900802612,2.2290000915527344,0.33152756094932556,0.2728022634983063,2.121000051498413,0.6985234618186951,0.49195370078086853,2.8274998664855957,0.43752339482307434,0.5045421123504639,2.187000036239624
0.7055643200874329,-0.22500383853912354,2.8559999465942383,0.7343421578407288,-0.2739354074001312,2.934000015258789,0.5072773098945618,-0.2016107589006424,2.197499990463257,0.5268681049346924,-0.047006409615278244,2.2985000610351562,0.32801544666290283,0.008004911243915558,2.0769999027252197,0.49287843704223633,0.20362362265586853,2.2290000915527344,0.33152756094932556,0.2728022634983063,2.121000051498413,0.6956824660301208,0.48082709312438965,2.815999984741211,0.43752339482307434,0.5045421123504639,2.187000036239624
0.7055643200874329,-0.22500383853912354,2.8559999465942383,0.7283352017402649,-0.2716946005821228,2.9099998474121094,0.5056614279747009,-0.20096854865550995,2.190500020980835,0.524232029914856,-0.04677122086286545,2.2869999408721924,0.32801544666290283,0.008004911243915558,2.0769999027252197,0.5001019239425659,0.19640018045902252,2.2290000915527344,0.3280907869338989,0.26592883467674255,2.121000051498413,0.7134432196617126,0.5098117589950562,2.8505001068115234,0.43397971987724304,0.49745479226112366,2.187000036239624
