0.8801243305206299,0.10099118947982788,1.3734999895095825,0.9272186160087585,0.07261022925376892,1.3840000629425049,0.8498939275741577,0.06545417755842209,1.375,1.0381029844284058,0.2712259292602539,1.5164999961853027,0.7744197845458984,0.1924501210451126,1.4595000743865967,1.069974422454834,0.5072309374809265,1.5779999494552612,0.6255394816398621,0.2501979172229767,1.315500020980835,0,0,0,0.42433804273605347,0.18282929062843323,0.9865000247955322
0.8742709159851074,0.10421393811702728,1.3574999570846558,0.9226155281066895,0.07856395095586777,1.3704999685287476,0.8484470248222351,0.06942707300186157,1.3654999732971191,1.0261236429214478,0.26809605956077576,1.499000072479248,0.7680524587631226,0.19555863738059998,1.4474999904632568,1.0513278245925903,0.5285392999649048,1.5504999160766602,0.6141921281814575,0.24945226311683655,1.3004999160766602,0,0,0,0.4123128056526184,0.18124957382678986,0.9695000052452087
0.8686375021934509,0.10954746603965759,1.3420000076293945,0.9145371913909912,0.08227849751710892,1.3585000038146973,0.8459616899490356,0.07363586127758026,1.3615000247955322,1.0103777647018433,0.2622112035751343,1.4795000553131104,0.762481153011322,0.20345376431941986,1.437000036239624,1.031664252281189,0.5186536908149719,1.5214999914169312,0.6101778745651245,0.26456964015960693,1.2920000553131104,0,0,0,0.40427839756011963,0.18318097293376923,0.9470000267028809
0.8661561012268066,0.11732025444507599,1.3315000534057617,0.9145428538322449,0.088456891477108,1.3519999980926514,0.8478755354881287,0.08221793174743652,1.3574999570846558,1.0083255767822266,0.27299293875694275,1.4730000495910645,0.7562939524650574,0.20809592306613922,1.4210000038146973,0,0,0,0.6010660529136658,0.270725280046463,1.281499981880188,0,0,0,0.3962986469268799,0.18467649817466736,0.9390000104904175
0.8600110411643982,0.12443665415048599,1.315500020980835,0.9122580289840698,0.09411521255970001,1.3389999866485596,0.8450548052787781,0.09024529159069061,1.3459999561309814,0.9990842938423157,0.27995049953460693,1.4595000743865967,0.7562192678451538,0.2130364328622818,1.4079999923706055,0,0,0,0.5961411595344543,0.27468541264533997,1.2709999084472656,0,0,0,0.38927704095840454,0.1858202964067459,0.9294999837875366
0.8583036065101624,0.12928976118564606,1.2999999523162842,0.902906596660614,0.10125833004713058,1.319000005722046,0.8364798426628113,0.09316633641719818,1.3255000114440918,0.9888161420822144,0.2864355444908142,1.4444999694824219,0.7487000823020935,0.21769441664218903,1.3940000534057617,0,0,0,0.5816077589988708,0.2748558819293976,1.253000020980835,0,0,0,0.38124021887779236,0.18859800696372986,0.9210000038146973
0.8545548319816589,0.13227029144763947,1.2879999876022339,0.8919539451599121,0.10214131325483322,1.3029999732971191,0.8263890147209167,0.09765570610761642,1.2994999885559082,0.9826553463935852,0.28465092182159424,1.4355000257492065,0.7429513931274414,0.21918317675590515,1.375,0,0,0,0.5694808959960938,0.2710171341896057,1.2355000972747803,0,0,0,0.3768938481807709,0.18497255444526672,0.9105000495910645
0.8521274328231812,0.1330011785030365,1.274999976158142,0.8854507803916931,0.10349251329898834,1.2934999465942383,0.8189288973808289,0.09811080247163773,1.277999997138977,0,0,0,0.7444559335708618,0.21988138556480408,1.3654999732971191,0,0,0,0.5669863224029541,0.260029137134552,1.221500039100647,0,0,0,0.3667559027671814,0.18286429345607758,0.8930000066757202
0.8461856842041016,0.1334780901670456,1.2599999904632568,0.8775786757469177,0.10464967042207718,1.2820000648498535,0.8185622692108154,0.10169228911399841,1.2709999084472656,0,0,0,0.7450280785560608,0.21939830482006073,1.3624999523162842,0,0,0,0.5517462491989136,0.2585764229297638,1.2055000066757202,0,0,0,0.3583565950393677,0.18081654608249664,0.8830000162124634
0.8384659886360168,0.13396015763282776,1.2454999685287476,0.8673105239868164,0.10342521220445633,1.2669999599456787,0.8121219873428345,0.10089219361543655,1.2609999179840088,0,0,0,0.745042085647583,0.21875420212745667,1.3585000038146973,0,0,0,0.538977861404419,0.2563154101371765,1.1859999895095825,0,0,0,0.3467632532119751,0.17714889347553253,0.8789999485015869
0.8310608267784119,0.13477733731269836,1.2344999313354492,0.8532775044441223,0.10377155244350433,1.246500015258789,0.7985973954200745,0.10122121125459671,1.2400000095367432,0,0,0,0.7395578026771545,0.21932895481586456,1.3485000133514404,0,0,0,0.5321611166000366,0.25497108697891235,1.1710000038146973,0,0,0,0.3439639210700989,0.18211790919303894,0.875499963760376
0.8217005729675293,0.1398659497499466,1.2265000343322754,0.8426671028137207,0.10647042095661163,1.2309999465942383,0.7833651304244995,0.10573525726795197,1.2225000858306885,0,0,0,0.724585235118866,0.22179128229618073,1.3369998931884766,0,0,0,0.5223315954208374,0.26143962144851685,1.1660000085830688,0,0,0,0.33494699001312256,0.18107783794403076,0.8704999685287476
0.8044626116752625,0.1402340978384018,1.2125000953674316,0.8354794979095459,0.10951750725507736,1.2204999923706055,0.7697913646697998,0.10665877908468246,1.2105000019073486,0,0,0,0.7159428000450134,0.22477103769779205,1.3289999961853027,0,0,0,0.509585976600647,0.26726657152175903,1.1584999561309814,0,0,0,0.32938578724861145,0.18315944075584412,0.8669999837875366
0.7916531562805176,0.14096733927726746,1.2020000219345093,0.8303455114364624,0.11277544498443604,1.2130000591278076,0.7598051428794861,0.10803692787885666,1.2039999961853027,0,0,0,0.7116410136222839,0.2305353581905365,1.3250000476837158,0,0,0,0.5029935836791992,0.26576703786849976,1.1519999504089355,0,0,0,0.32058656215667725,0.19417385756969452,0.8659999966621399
0.7767107486724854,0.14196379482746124,1.194000005722046,0.823258101940155,0.11403146386146545,1.2055000066757202,0.7507524490356445,0.10785747319459915,1.2020000219345093,0,0,0,0.7020068168640137,0.23162861168384552,1.319000005722046,0,0,0,0.494236558675766,0.2706601917743683,1.1489999294281006,0,0,0,0.31121689081192017,0.19828712940216064,0.859499990940094
0.7567353844642639,0.1416086107492447,1.1749999523162842,0.8083422183990479,0.11303823441267014,1.1949999332427979,0.7355446219444275,0.10870888829231262,1.190000057220459,0,0,0,0.6831967234611511,0.23313088715076447,1.3034999370574951,0,0,0,0.480753630399704,0.2804817259311676,1.1434999704360962,0,0,0,0.2995389997959137,0.2108559012413025,0.8539999723434448
0.7421068549156189,0.14216899871826172,1.1640000343322754,0.7985870838165283,0.1127544641494751,1.1920000314712524,0.7172830700874329,0.10579363256692886,1.178999900817871,0,0,0,0.6677339673042297,0.23143182694911957,1.2940000295639038,0,0,0,0.4618457555770874,0.2901962995529175,1.1380000114440918,0,0,0,0.30057039856910706,0.23272328078746796,0.8529999852180481
0.7317322492599487,0.14198578894138336,1.162500023841858,0.7842968702316284,0.11209230870008469,1.184999942779541,0.7054281830787659,0.1051655113697052,1.1719999313354492,0,0,0,0.6585827469825745,0.23535209894180298,1.2925000190734863,0,0,0,0.4313250482082367,0.3194241225719452,1.130500078201294,0,0,0,0.2784559726715088,0.2686590254306793,0.8529999852180481
0.7216926217079163,0.13998162746429443,1.1614999771118164,0.7688125967979431,0.10933545976877213,1.1759999990463257,0.6966413259506226,0.10688184946775436,1.1700000762939453,0.9658841490745544,0.3118007481098175,1.4110000133514404,0.6473591327667236,0.2308952659368515,1.2910000085830688,0,0,0,0.44964301586151123,0.3011062741279602,1.130500078201294,0,0,0,0.29365962743759155,0.2893911600112915,0.8529999852180481
0.7207606434822083,0.13980086147785187,1.1600000858306885,0.7675051093101501,0.1091495156288147,1.1740000247955322,0.6966413259506226,0.10688184946775436,1.1700000762939453,0.9484283924102783,0.30616578459739685,1.3854999542236328,0.6438489556312561,0.2296433001756668,1.2839999198913574,0,0,0,0.44964301586151123,0.3011062741279602,1.130500078201294,0,0,0,0.29365962743759155,0.2893911600112915,0.8529999852180481
