0.5390752553939819,0.13670654594898224,1.181999921798706,0.5623197555541992,0.10925453156232834,1.1549999713897705,0.49938690662384033,0.09743153303861618,1.1480000019073486,0.6800438761711121,0.2767663896083832,1.2255001068115234,0.4868580996990204,0.24148841202259064,1.4010000228881836,0.7871551513671875,0.4940885901451111,1.3589999675750732,0.4473284184932709,0.48878899216651917,1.5130000114440918,0,0,0,0,0,0
0.5330828428268433,0.13377542793750763,1.190000057220459,0.5569954514503479,0.105922631919384,1.1594998836517334,0.49179375171661377,0.09403776377439499,1.1519999504089355,0.6704923510551453,0.27257704734802246,1.2335000038146973,0.4819323420524597,0.2378784418106079,1.406499981880188,0.7635804414749146,0.4795909523963928,1.3370000123977661,0.4447646141052246,0.48151537775993347,1.5210000276565552,0,0,0,0,0,0
0.5256410837173462,0.13240119814872742,1.1949999332427979,0.5487819910049438,0.10462711751461029,1.1659998893737793,0.48602044582366943,0.09285123646259308,1.1605000495910645,0.6639793515205383,0.27200421690940857,1.2400000095367432,0.47516947984695435,0.23448167741298676,1.4135000705718994,0.7385404706001282,0.4713079035282135,1.308000087738037,0.44288164377212524,0.4846162796020508,1.5230000019073486,0,0,0,0,0,0
0.5239647626876831,0.13150206208229065,1.2044999599456787,0.5549917817115784,0.10305402427911758,1.191499948501587,0.4858591854572296,0.09081775695085526,1.183000087738037,0.6509631276130676,0.2664055824279785,1.2420001029968262,0.4684745967388153,0.23457318544387817,1.4279999732971191,0.7131499648094177,0.45286381244659424,1.2739999294281006,0.4389525353908539,0.4807831048965454,1.5264999866485596,0,0,0,0,0,0
0.5182618498802185,0.1305721551179886,1.2139999866485596,0.5556366443634033,0.1050000786781311,1.2139999866485596,0.4884282946586609,0.09239151328802109,1.2035000324249268,0.6462778449058533,0.26375383138656616,1.2484999895095825,0.4645253121852875,0.23494301736354828,1.4444999694824219,0.6389803886413574,0.40372180938720703,1.1514999866485596,0.4323802590370178,0.47924965620040894,1.5295000076293945,0,0,0,0,0,0
0.5124956369400024,0.12913475930690765,1.2190001010894775,0.5496227145195007,0.10177355259656906,1.2225000858306885,0.48046767711639404,0.09273696690797806,1.2079999446868896,0.6409972310066223,0.2608519196510315,1.253999948501587,0.45564374327659607,0.24111716449260712,1.4535000324249268,0.5772777795791626,0.36455899477005005,1.0494999885559082,0.4288209080696106,0.4758435785770416,1.534500002861023,0,0,0,0,0,0
0.507285475730896,0.12982334196567535,1.2255001068115234,0.5454655885696411,0.1024811714887619,1.2309999465942383,0.47538134455680847,0.09092990309000015,1.2100000381469727,0.6354078650474548,0.2590264678001404,1.2549999952316284,0.4489860534667969,0.23787067830562592,1.4625000953674316,0.5725096464157104,0.3636905550956726,1.0469999313354492,0.42384809255599976,0.4808163642883301,1.534500002861023,0,0,0,0,0,0
0.5031691193580627,0.13030004501342773,1.2300000190734863,0.5414537787437439,0.10285580158233643,1.2354999780654907,0.4679252505302429,0.09100504964590073,1.2109999656677246,0.6293072700500488,0.2590264678001404,1.2549999952316284,0.4427832067012787,0.24310781061649323,1.465499997138977,0.5697228312492371,0.3663823902606964,1.0450000762939453,0.41887524724006653,0.4833027720451355,1.534500002861023,0,0,0,0,0,0
0.496002197265625,0.12851566076278687,1.2319999933242798,0.5353890061378479,0.10323042422533035,1.2400000095367432,0.46280163526535034,0.08918989449739456,1.2130000591278076,0.6232066750526428,0.2569929361343384,1.2549999952316284,0.44221168756484985,0.23933449387550354,1.471500039100647,0.5655233263969421,0.36416560411453247,1.0434999465942383,0.41887524724006653,0.47832998633384705,1.534500002861023,0,0,0,0,0,0
0.4904111623764038,0.12662211060523987,1.2330000400543213,0.5297883152961731,0.10130283981561661,1.2410000562667847,0.4568149745464325,0.08758396655321121,1.2179999351501465,0.6175978183746338,0.25719770789146423,1.25600004196167,0.44117242097854614,0.2376748025417328,1.4760000705718994,0.5613336563110352,0.3602654039859772,1.0420000553131104,0.4125537574291229,0.47924965620040894,1.5295000076293945,0,0,0,0,0,0
0.4861854314804077,0.12708422541618347,1.2374999523162842,0.5266138911247253,0.1014660969376564,1.2430000305175781,0.4520048499107361,0.08779969066381454,1.2209999561309814,0.6130390167236328,0.2569929361343384,1.2549999952316284,0.43683260679244995,0.24031035602092743,1.4774999618530273,0.5566181540489197,0.3577166795730591,1.0394999980926514,0.4125537574291229,0.48420628905296326,1.5295000076293945,0,0,0,0,0,0
0.48230403661727905,0.12764905393123627,1.2430000305175781,0.5218280553817749,0.09969206154346466,1.246000051498413,0.4496992230415344,0.08812327682971954,1.2254999876022339,0.6084867119789124,0.25475624203681946,1.253999948501587,0.4344385862350464,0.24509845674037933,1.4774999618530273,0.5516528487205505,0.3499664068222046,1.0364999771118164,0.40793055295944214,0.4792083203792572,1.5214999914169312,0,0,0,0,0,0
0.48106271028518677,0.12785443663597107,1.2450000047683716,0.5177901387214661,0.09969206154346466,1.246000051498413,0.44609150290489197,0.08819518983364105,1.2265000343322754,0.6044228672981262,0.25678813457489014,1.253999948501587,0.4287780523300171,0.24698995053768158,1.4744999408721924,0.5522646307945251,0.3559960424900055,1.034500002861023,0.3988233804702759,0.48698028922080994,1.5149999856948853,0,0,0,0,0,0
0.4770280718803406,0.12987174093723297,1.2450000047683716,0.5157712697982788,0.10171099007129669,1.246000051498413,0.4441041648387909,0.09018252044916153,1.2265000343322754,0.6014302372932434,0.2563785910606384,1.2519999742507935,0.42161044478416443,0.24698995053768158,1.4744999408721924,0.5506631731987,0.3549637198448181,1.0315001010894775,0.39339375495910645,0.48633742332458496,1.5130000114440918,0,0,0,0,0,0
0.4750107228755951,0.13188906013965607,1.2450000047683716,0.51173335313797,0.10372993350028992,1.246000051498413,0.44012945890426636,0.0921698585152626,1.2265000343322754,0.5957029461860657,0.2576848864555359,1.2484999895095825,0.4155599772930145,0.24861808121204376,1.4700000286102295,0.5490615963935852,0.3555978536605835,1.0285000801086426,0.38758307695388794,0.48215872049331665,1.5,0,0,0,0,0,0
0.4709760844707489,0.13188906013965607,1.2450000047683716,0.5097144246101379,0.10574886202812195,1.246000051498413,0.4381420910358429,0.09415720403194427,1.2265000343322754,0.5945101380348206,0.2612067759037018,1.246000051498413,0.4110700488090515,0.2473496049642563,1.462499976158142,0.5496571063995361,0.35823285579681396,1.0264999866485596,0.3819429874420166,0.4781407117843628,1.4874999523162842,0,0,0,0,0,0
0.47021952271461487,0.13570533692836761,1.2430000305175781,0.51173335313797,0.1097867339849472,1.246000051498413,0.4365345537662506,0.0957917794585228,1.222000002861023,0.5935558080673218,0.26481884717941284,1.24399995803833,0.4106484353542328,0.24946320056915283,1.4609999656677246,0.5471930503845215,0.35438773036003113,1.024999976158142,0.3763618469238281,0.48439255356788635,1.4844999313354492,0,0,0,0,0,0
0.46908462047576904,0.13939623534679413,1.2400000095367432,0.5121439695358276,0.11391594260931015,1.246999979019165,0.4361773133277893,0.09769181162118912,1.2209999561309814,0.5930787324905396,0.2686341404914856,1.2430000305175781,0.4078619182109833,0.2515719532966614,1.4594999551773071,0.5463923215866089,0.35552752017974854,1.0234999656677246,0.3711756765842438,0.48870906233787537,1.4830000400543213,0,0,0,0,0,0
0.4713861346244812,0.1428941935300827,1.2354999780654907,0.51173335313797,0.1158435270190239,1.246000051498413,0.43815577030181885,0.10362708568572998,1.2209999561309814,0.5950928330421448,0.27266228199005127,1.2430000305175781,0.40744271874427795,0.2536758482456207,1.4579999446868896,0.5455915331840515,0.35997438430786133,1.0219999551773071,0.36715638637542725,0.49374428391456604,1.4765000343322754,0,0,0,0,0,0
0.4723118245601654,0.14594686031341553,1.2274999618530273,0.5149433016777039,0.1196889653801918,1.24399995803833,0.44175055623054504,0.10551902651786804,1.2200000286102295,0.5986390113830566,0.27244293689727783,1.2420001029968262,0.41325071454048157,0.2576032280921936,1.4535000324249268,0.5467119812965393,0.35962215065956116,1.0209999084472656,0.3651670515537262,0.49344852566719055,1.468500018119812,0,0,0,0,0,0
