1.992159366607666,0.5322248935699463,3.240000009536743,2.0555195808410645,0.45137467980384827,3.1519999504089355,0.7518366575241089,0.16166071593761444,1.2259999513626099,0,0,0,0,0,0,0,0,0,0,0,0,0,0,0,0,0,0
1.8958982229232788,0.5188663601875305,3.255000114440918,1.943939208984375,0.44018036127090454,3.1449999809265137,0.712105929851532,0.15768767893314362,1.2259999513626099,0,0,0,0,0,0,0,0,0,0,0,0,0,0,0,0,0,0
1.8134113550186157,0.5012104511260986,3.2775001525878906,1.8480890989303589,0.4239468276500702,3.138000011444092,1.18057382106781,0.263296514749527,2.127500057220459,0,0,0,0,0,0,0,0,0,0,0,0,0,0,0,0,0,0
1.728440523147583,0.48527851700782776,3.2775001525878906,1.2090705633163452,0.2762106955051422,2.1475000381469727,1.6530271768569946,0.3676057457923889,3.134500026702881,0.9107787609100342,0.38671359419822693,1.3305000066757202,0.6054155826568604,0.26298409700393677,1.1480000019073486,0,0,0,0.5870314240455627,0.47397640347480774,1.3394999504089355,0,0,0,0,0,0
1.6676664352416992,0.45133960247039795,3.262500047683716,0.6321118474006653,0.14119186997413635,1.1559998989105225,1.1334266662597656,0.24000972509384155,2.2315001487731934,0.8848013877868652,0.39360907673835754,1.317500114440918,0.5830937623977661,0.2555435299873352,1.1480000019073486,0,0,0,0.5717751383781433,0.4746192693710327,1.3599998950958252,0,0,0,0,0,0
1.1040053367614746,0.2905002236366272,2.2304999828338623,0.6117889881134033,0.1277477741241455,1.152999997138977,1.0936529636383057,0.2219308763742447,2.2315001487731934,0.8423914909362793,0.3844127357006073,1.308000087738037,0.5570516586303711,0.24066241085529327,1.1480000019073486,0,0,0,0.5601959824562073,0.4693848192691803,1.3639999628067017,0,0,0,0,0,0
0.5880350470542908,0.14703193306922913,1.2200000286102295,0.5942546725273132,0.11789308488368988,1.1480000019073486,1.0473062992095947,0.19830699265003204,2.2100000381469727,0.8061956167221069,0.3624054193496704,1.2975000143051147,0.5347298383712769,0.2350819855928421,1.1480000019073486,0,0,0,0.5247308611869812,0.47349655628204346,1.369499921798706,0,0,0,0,0,0
0.5712824463844299,0.13692307472229004,1.2179999351501465,0.5815699696540833,0.1064533144235611,1.1449999809265137,1.017736792564392,0.17666135728359222,2.2079999446868896,0.7215231657028198,0.3199232220649719,1.2085000276565552,0.5463148951530457,0.24024367332458496,1.2419999837875366,0,0,0,0.5228966474533081,0.48378610610961914,1.4124999046325684,0,0,0,0,0,0
0.5420397520065308,0.12590372562408447,1.188499927520752,0.5614190697669983,0.10027070343494415,1.1380000114440918,0.9855372905731201,0.16592827439308167,2.2079999446868896,0.6480628252029419,0.3024783134460449,1.121999979019165,0.5620331168174744,0.24871455132961273,1.3420000076293945,0,0,0,0.5082342028617859,0.4962875247001648,1.4490000009536743,0,0,0,0,0,0
0.5105801820755005,0.12063989788293839,1.156499981880188,0.5429084897041321,0.09808080643415451,1.1340000629425049,0.5026243925094604,0.08213116228580475,1.1684999465942383,0.6224806904792786,0.2870360314846039,1.118499994277954,0.534758985042572,0.23828519880771637,1.3445000648498535,0,0,0,0.4972202777862549,0.4755435287952423,1.472000002861023,0,0,0,0,0,0
0.49051302671432495,0.1198575347661972,1.1489999294281006,0.5184803009033203,0.09299062937498093,1.1169999837875366,0.48244890570640564,0.08192029595375061,1.1654999256134033,0.6025447845458984,0.2870360314846039,1.118499994277954,0.5063220262527466,0.23925994336605072,1.3499999046325684,0,0,0,0.4672943353652954,0.4983208477497101,1.4830000400543213,0,0,0,0,0,0
0.4737570881843567,0.1198575347661972,1.1489999294281006,0.5006174445152283,0.09269925951957703,1.1134999990463257,0.465052992105484,0.08185001462697983,1.1644999980926514,0.5813067555427551,0.29181933403015137,1.1160000562667847,0.4906328022480011,0.23795054852962494,1.3550000190734863,0,0,0,0.44656920433044434,0.4993289113044739,1.4860000610351562,0,0,0,0,0,0
0.45700111985206604,0.12171930074691772,1.1489999294281006,0.4861834645271301,0.09630773216485977,1.1134999990463257,0.4469166398048401,0.08163914829492569,1.1614999771118164,0.5583534836769104,0.29838258028030396,1.1134999990463257,0.46379557251930237,0.23882856965065002,1.3599998950958252,0,0,0,0.4229173958301544,0.4926021695137024,1.4874999523162842,0,0,0,0,0,0
0.44287651777267456,0.12379617989063263,1.1510000228881836,0.46994519233703613,0.09991621226072311,1.1134999990463257,0.43186041712760925,0.08540317416191101,1.1614999771118164,0.5367024540901184,0.29838258028030396,1.1134999990463257,0.4345412850379944,0.2498282939195633,1.371999979019165,0,0,0,0.38754352927207947,0.5153316259384155,1.4904999732971191,0,0,0,0,0,0
0.4298214316368103,0.12379617989063263,1.1510000228881836,0.455511212348938,0.09811197966337204,1.1134999990463257,0.4177013337612152,0.08558700233697891,1.1640000343322754,0.5132472515106201,0.29296985268592834,1.1134999990463257,0.41695040464401245,0.25128501653671265,1.3799999952316284,0,0,0,0.36822256445884705,0.500840961933136,1.4904999732971191,0,0,0,0,0,0
0.41676631569862366,0.12379617989063263,1.1510000228881836,0.44288143515586853,0.09811197966337204,1.1134999990463257,0.40261271595954895,0.087473064661026,1.1640000343322754,0.5006174445152283,0.2893613874912262,1.1134999990463257,0.4039725959300995,0.2381272166967392,1.381500005722046,0,0,0,0.3650711476802826,0.4684997498989105,1.4874999523162842,0,0,0,0,0,0
0.40930628776550293,0.12379617989063263,1.1510000228881836,0.43580836057662964,0.09674018621444702,1.118499994277954,0.39230474829673767,0.08580758422613144,1.1670000553131104,0.4790905714035034,0.28690773248672485,1.1180000305175781,0.3849373757839203,0.23657171428203583,1.3854999542236328,0,0,0,0.3426862955093384,0.4699602425098419,1.4844999313354492,0,0,0,0,0,0
0.402893602848053,0.12224898487329483,1.1540000438690186,0.4280819594860077,0.09704290330410004,1.121999979019165,0.3847409784793854,0.08580758422613144,1.1670000553131104,0.4692683815956116,0.27120906114578247,1.120500087738037,0.3647114336490631,0.2267293781042099,1.3940000534057617,0,0,0,0.33065932989120483,0.4531225860118866,1.4844999313354492,0,0,0,0,0,0
0.39831674098968506,0.11881732940673828,1.156999945640564,0.4241345524787903,0.09373988211154938,1.125999927520752,0.37717726826667786,0.08202573657035828,1.1670000553131104,0.46388667821884155,0.2660667896270752,1.1295000314712524,0.346111923456192,0.2187875658273697,1.4010000228881836,0,0,0,0.30660533905029297,0.44831180572509766,1.4844999313354492,0,0,0,0,0,0
0.3967846930027008,0.11516734212636948,1.1579999923706055,0.42033421993255615,0.09045093506574631,1.1304999589920044,0.37371528148651123,0.07641837745904922,1.1679999828338623,0.46225157380104065,0.2609223425388336,1.1389999389648438,0.32398802042007446,0.2123555690050125,1.403499960899353,0,0,0,0.2808297574520111,0.43944841623306274,1.4630000591278076,0,0,0,0,0,0
