0.6842195987701416,0.12135709822177887,2.117000102996826,0.9335306286811829,0.09619633853435516,2.7769999504089355,0.45122721791267395,0.059311315417289734,1.5015000104904175,0.3718249797821045,0.17203472554683685,1.5994999408721924,0.3806532919406891,0.1954156458377838,1.4639999866485596,0,0,0,0.43409767746925354,0.38708001375198364,1.4444999694824219,0,0,0,0.47139397263526917,0.48438772559165955,1.3564999103546143
0.5001035928726196,0.09386980533599854,1.5095000267028809,0.9443338513374329,0.10886579751968384,2.75600004196167,0.4575819969177246,0.06612211465835571,1.4904999732971191,0.38093462586402893,0.17544545233249664,1.5835000276565552,0.3889428377151489,0.1995447427034378,1.4595000743865967,0,0,0,0.42905861139297485,0.3876599371433258,1.4124999046325684,0,0,0,0.48458191752433777,0.49317964911460876,1.3564999103546143
0.511314868927002,0.10100633651018143,1.506500005722046,0.7452595829963684,0.09039942175149918,2.115000009536743,0.4652048647403717,0.07064290344715118,1.4839999675750732,0.3965173363685608,0.18088752031326294,1.5640000104904175,0.395223468542099,0.20621462166309357,1.4565000534057617,0,0,0,0.42795661091804504,0.3848413825035095,1.3940000534057617,0,0,0,0.4743996262550354,0.47421035170555115,1.3220000267028809
0.52316814661026,0.11018223315477371,1.4984999895095825,0.5496535301208496,0.07718073576688766,1.5180000066757202,0.476561963558197,0.07735821604728699,1.4744999408721924,0.4180832505226135,0.1893143653869629,1.5499999523162842,0.409383624792099,0.21329466998577118,1.4565000534057617,0,0,0,0.4383419454097748,0.3955359160900116,1.3840000629425049,0,0,0,0.46963343024253845,0.46528345346450806,1.2855000495910645
0.5343275666236877,0.1167217344045639,1.4889999628067017,0.5644116401672363,0.08210006356239319,1.5180000066757202,0.48740145564079285,0.08392384648323059,1.4639999866485596,0.4398151934146881,0.1992020308971405,1.5295000076293945,0.4188237190246582,0.2250947207212448,1.4565000534057617,0,0,0,0.4465741813182831,0.41312938928604126,1.3680000305175781,0,0,0,0,0,0
0.5436436533927917,0.12040425091981888,1.4749999046325684,0.5816293954849243,0.08701939880847931,1.5180000066757202,0.4993591010570526,0.08785054087638855,1.4505000114440918,0.4591307044029236,0.20665423572063446,1.5115000009536743,0.4237106740474701,0.24037067592144012,1.4490000009536743,0,0,0,0.45499709248542786,0.4177004396915436,1.347000002861023,0,0,0,0,0,0
0.5585668087005615,0.12187850475311279,1.4639999866485596,0.5935825109481812,0.09075769037008286,1.4984999895095825,0.5110105276107788,0.08936131745576859,1.437000036239624,0.47305533289909363,0.21279911696910858,1.4860000610351562,0.42530199885368347,0.23629797995090485,1.438499927520752,0,0,0,0.4627063572406769,0.4236812889575958,1.3315000534057617,0,0,0,0,0,0
0.5692789554595947,0.12062975019216537,1.4490000009536743,0.6030780673027039,0.09000062942504883,1.4860000610351562,0.5211451649665833,0.09101977199316025,1.4265000820159912,0.48977360129356384,0.2167651355266571,1.4639999866485596,0.4286883771419525,0.24126100540161133,1.4264999628067017,0,0,0,0.4677921533584595,0.42304638028144836,1.309499979019165,0,0,0,0,0,0
0.5680874586105347,0.1253383904695511,1.4225000143051147,0.6142005324363708,0.09670065343379974,1.4780000448226929,0.5280751585960388,0.09440220892429352,1.4079999923706055,0.5108648538589478,0.2180146872997284,1.4565000534057617,0.4313473105430603,0.2366044670343399,1.4124999046325684,0,0,0,0.4634228050708771,0.3995240330696106,1.2685000896453857,0,0,0,0,0,0
0.5788828730583191,0.13104450702667236,1.409500002861023,0.6251674294471741,0.09855912625789642,1.4700000286102295,0.5282348394393921,0.0973133072257042,1.3845000267028809,0.5306121110916138,0.2164430171251297,1.446000099182129,0.4255005717277527,0.24114865064620972,1.3859999179840088,0.6167910099029541,0.4534606337547302,1.6234999895095825,0.44713059067726135,0.36995548009872437,1.218500018119812,0,0,0,0.5107513666152954,0.4699498116970062,1.253499984741211
0.586141049861908,0.13290269672870636,1.4049999713897705,0.6286259293556213,0.09960199147462845,1.4505000114440918,0.5310744643211365,0.10021913051605225,1.3629999160766602,0.5417646169662476,0.22792130708694458,1.4444999694824219,0.4266245365142822,0.2446667104959488,1.3680000305175781,0.6378360390663147,0.46135246753692627,1.6234999895095825,0.44102439284324646,0.36431071162223816,1.180999994277954,0,0,0,0.5086477994918823,0.4588899612426758,1.2239999771118164
0.5910107493400574,0.13873785734176636,1.3949999809265137,0.6232916116714478,0.10189367085695267,1.4170000553131104,0.5321842432022095,0.10096224397420883,1.3434998989105225,0.5558080673217773,0.230261892080307,1.4444999694824219,0.42853692173957825,0.24103222787380219,1.3599998950958252,0.6483585238456726,0.46398305892944336,1.6234999895095825,0.4373122453689575,0.3521263599395752,1.1660000085830688,0,0,0,0.4994221329689026,0.44128358364105225,1.1924999952316284
0.5869328379631042,0.1379154771566391,1.3645000457763672,0.6186388731002808,0.10415606200695038,1.3859999179840088,0.5357077121734619,0.10256340354681015,1.3359999656677246,0.5686681270599365,0.23445507884025574,1.441499948501587,0.43039757013320923,0.23961441218852997,1.3519999980926514,0.6645140647888184,0.4702762961387634,1.6180000305175781,0.437883198261261,0.3529530167579651,1.162500023841858,0.7324577569961548,0.5886378288269043,1.6410000324249268,0.5043894648551941,0.43282946944236755,1.159500002861023
0.5855159759521484,0.13771308958530426,1.340999960899353,0.6131936311721802,0.10212705284357071,1.3589999675750732,0.5408045053482056,0.10577279329299927,1.3220000267028809,0.5896896123886108,0.23445507884025574,1.441499948501587,0.42753252387046814,0.24672378599643707,1.343000054359436,0.6280679106712341,0.42782020568847656,1.5054999589920044,0.4407007396221161,0.3521939814090729,1.1600000858306885,0.7450100183486938,0.591646134853363,1.6875,0.4871527850627899,0.41162392497062683,1.1075000762939453
0.5946013927459717,0.13730229437351227,1.3369998931884766,0.6170845031738281,0.09878533333539963,1.3434998989105225,0.5452572107315063,0.10245487093925476,1.306999921798706,0.6149606108665466,0.2328440099954605,1.4459999799728394,0.4303440451622009,0.24245363473892212,1.3315000534057617,0.6163977384567261,0.4141835868358612,1.4329999685287476,0.4436935782432556,0.3515867292881012,1.1579999923706055,0.7893909811973572,0.6275575160980225,1.749500036239624,0.47323909401893616,0.39348194003105164,1.068000078201294
0.5996573567390442,0.13863417506217957,1.3289999961853027,0.625632107257843,0.10275533050298691,1.3385000228881836,0.5501272082328796,0.10599657148122787,1.2985000610351562,0.6309762597084045,0.23826920986175537,1.4505000114440918,0.4335358738899231,0.24491526186466217,1.3215000629425049,0.6286780834197998,0.41388964653015137,1.4240000247955322,0.452292799949646,0.35285258293151855,1.1559998989105225,0,0,0,0.4732789695262909,0.38239747285842896,1.05649995803833
0.6074389815330505,0.14009903371334076,1.3224999904632568,0.6345741748809814,0.1024482473731041,1.3344999551773071,0.5491543412208557,0.10253240168094635,1.281499981880188,0.6464122533798218,0.24582746624946594,1.4535000324249268,0.4359646141529083,0.24056945741176605,1.309499979019165,0.6384613513946533,0.4112737476825714,1.4149999618530273,0.461927592754364,0.3572315275669098,1.1519999504089355,0,0,0,0.4766850173473358,0.3786558508872986,1.0415000915527344
0.6092566847801208,0.1406823694705963,1.308000087738037,0.6412955522537231,0.10645286738872528,1.3304998874664307,0.5528926253318787,0.10581117868423462,1.2709999084472656,0.6628984808921814,0.2505377531051636,1.4535000324249268,0.4395305812358856,0.24420064687728882,1.2950000762939453,0.6437420845031738,0.42931419610977173,1.406499981880188,0.46962448954582214,0.3578512966632843,1.1480000019073486,0,0,0,0,0,0
0.606399655342102,0.1401815265417099,1.2839999198913574,0.6520748734474182,0.10860871523618698,1.3304998874664307,0.560309648513794,0.10731896013021469,1.2644999027252197,0.6770294904708862,0.25289294123649597,1.4535000324249268,0.44289931654930115,0.25093600153923035,1.2864999771118164,0.6598562598228455,0.4324840009212494,1.4019999504089355,0.4761785566806793,0.3617916405200958,1.1369999647140503,0,0,0,0,0,0
0.6100770235061646,0.1427687257528305,1.2699999809265137,0.6612614393234253,0.11014020442962646,1.3229999542236328,0.5669446587562561,0.10867594927549362,1.256500005722046,0.7020271420478821,0.2604949474334717,1.4565000534057617,0.4494839012622833,0.24788430333137512,1.2815001010894775,0.6756482720375061,0.4498251676559448,1.406499981880188,0.4908362925052643,0.37634479999542236,1.1200000047683716,0,0,0,0,0,0
