1.1645032167434692,0.10944629460573196,3.1595001220703125,1.1723991632461548,0.0429954007267952,3.1670000553131104,0.4864448606967926,0.016504893079400063,1.380500078201294,0.5239436030387878,0.1586868166923523,1.4535000324249268,0.2937999963760376,0.14147284626960754,1.4225000143051147,0.7203008532524109,0.1970117688179016,1.3914999961853027,0.1617961823940277,0.1908539980649948,1.2890000343322754,0.5406906604766846,0.194497212767601,1.3429999351501465,0.7700434327125549,0.17363154888153076,3.117000102996826
1.2310564517974854,0.10944629460573196,3.1595001220703125,0,0,0,0.5156779289245605,0.02342570386826992,1.3930000066757202,0.5268418788909912,0.14942024648189545,1.4550000429153442,0.28688520193099976,0.1437777578830719,1.4225000143051147,0.7046962380409241,0.20029014348983765,1.3830000162124634,0.1779317706823349,0.1736360490322113,1.2699999809265137,0.5385398268699646,0.19495844841003418,1.2615000009536743,0.8862074613571167,0.16858096420764923,3.117000102996826
1.1901005506515503,0.09408797323703766,3.1595001220703125,0,0,0,0.4976208209991455,0.021168582141399384,1.3930000066757202,0.5255656838417053,0.15445321798324585,1.4579999446868896,0.2891901433467865,0.1345580667257309,1.4225000143051147,0.7024552822113037,0.2047719806432724,1.3830000162124634,0.17566704750061035,0.16544926166534424,1.2395000457763672,0.4918143153190613,0.19476930797100067,1.1974999904632568,0.641438901424408,0.13546088337898254,2.122999906539917
1.215698003768921,0.11968517303466797,3.1595001220703125,0,0,0,0.5089065432548523,0.021168582141399384,1.3930000066757202,0.5335639715194702,0.16253772377967834,1.4670000076293945,0.2937999963760376,0.1345580667257309,1.4225000143051147,0.7226237654685974,0.2226993590593338,1.3830000162124634,0.14960965514183044,0.1748737096786499,1.2074999809265137,0.5150986313819885,0.17924652993679047,1.1974999904632568,0.3411199152469635,0.06645570695400238,1.193000078201294
1.1952201128005981,0.11968517303466797,3.1595001220703125,0,0,0,0.506649374961853,0.02342570386826992,1.3930000066757202,0.5195674896240234,0.16575784981250763,1.4744999408721924,0.2892357110977173,0.1449452042579651,1.3894999027252197,0.729346513748169,0.2226993590593338,1.3830000162124634,0.13234856724739075,0.18437214195728302,1.193000078201294,0.5383829474449158,0.1617833971977234,1.1974999904632568,0.296659380197525,0.06838876754045486,1.193000078201294
1.1974902153015137,0.11429376155138016,3.1519999504089355,0,0,0,0.5174751281738281,0.02588563598692417,1.4040000438690186,0.537382960319519,0.16848914325237274,1.4774999618530273,0.27911022305488586,0.13663478195667267,1.3304998874664307,0.603239893913269,0.1891585886478424,1.3515000343322754,0.1168840229511261,0.19597047567367554,1.193000078201294,0.5983152389526367,0.17710167169570923,1.1705000400543213,0.25370222330093384,0.06529320776462555,1.1389999389648438
1.207704782485962,0.11940106004476547,3.1519999504089355,0,0,0,0.5266726613044739,0.028411297127604485,1.4164999723434448,0.541603684425354,0.16905932128429413,1.4824999570846558,0.2747984826564789,0.14525818824768066,1.3304998874664307,0.6635366678237915,0.22094252705574036,1.319000005722046,0.09562027454376221,0.2133679836988449,1.193000078201294,0.6684898734092712,0.16951528191566467,1.1705000400543213,0.1849278062582016,0.07616542279720306,1.1360000371932983
1.2101187705993652,0.11913589388132095,3.1449999809265137,0,0,0,0.5343826413154602,0.028702128678560257,1.430999994277954,0.5458405613899231,0.17203974723815918,1.4874999523162842,0.2640191912651062,0.14310234785079956,1.3304998874664307,0.6904615759849548,0.22991254925727844,1.346500039100647,0.07822266221046448,0.21916715800762177,1.193000078201294,0.7215949296951294,0.15813568234443665,1.1705000400543213,0.11682157963514328,0.0890503004193306,1.1360000371932983
1.2203106880187988,0.12932777404785156,3.1449999809265137,0,0,0,0.8447306156158447,0.048406366258859634,2.2330000400543213,0.5493565797805786,0.17721693217754364,1.4904999732971191,0.2661750316619873,0.14094649255275726,1.3304998874664307,0.7176225781440735,0.23597408831119537,1.3819999694824219,0.06855732202529907,0.2288324385881424,1.193000078201294,0.7869442105293274,0.1567818820476532,1.188999891281128,0.05791890248656273,0.1092979684472084,1.1360000371932983
1.2355985641479492,0.12423183023929596,3.1449999809265137,0,0,0,1.1632994413375854,0.06609538942575455,3.0490000247955322,0.5571620464324951,0.18223035335540771,1.4919999837875366,0.2683309018611908,0.14741405844688416,1.3304998874664307,0.7452502846717834,0.24515053629875183,1.3960000276565552,0.06861478090286255,0.2290242314338684,1.194000005722046,0.8100632429122925,0.16256161034107208,1.188999891281128,-0.0028244834393262863,0.12402354180812836,1.1360000371932983
1.240694522857666,0.12932777404785156,3.1449999809265137,0,0,0,1.1759029626846313,0.06652894616127014,3.069000005722046,0.5638805031776428,0.19254359602928162,1.496999979019165,0.2751879394054413,0.15781395137310028,1.3645000457763672,0.7727764844894409,0.2542358636856079,1.434499979019165,0.06161531060934067,0.23963819444179535,1.2085000276565552,0.8207619190216064,0.16587162017822266,1.1990000009536743,-0.05426861718297005,0.14585468173027039,1.1340000629425049
1.2508865594863892,0.13442373275756836,3.1449999809265137,0,0,0,1.1781206130981445,0.07103578001260757,3.0490000247955322,0.5736374258995056,0.19825196266174316,1.503499984741211,0.2879703640937805,0.1684185266494751,1.4165000915527344,0.7964796423912048,0.26682528853416443,1.4785000085830688,0.06243106722831726,0.24281087517738342,1.2244999408721924,0.8416404128074646,0.1740754395723343,1.2295000553131104,-0.09477641433477402,0.16805219650268555,1.1349999904632568
1.266892671585083,0.14016292989253998,3.1595001220703125,0,0,0,1.1908214092254639,0.07647453993558884,3.069000005722046,0.5790870189666748,0.20088836550712585,1.5049999952316284,0.29256078600883484,0.17300891876220703,1.4165000915527344,0.8060623407363892,0.26682528853416443,1.4785000085830688,0.05698610469698906,0.24899597465991974,1.2354999780654907,0.884424090385437,0.17455044388771057,1.2920000553131104,-0.11132819950580597,0.17724759876728058,1.1349999904632568
1.277849793434143,0.1459491103887558,3.1740000247955322,0,0,0,1.201054334640503,0.07681094110012054,3.0824999809265137,0.5790870189666748,0.20332694053649902,1.5049999952316284,0.2948560118675232,0.1753041297197342,1.4165000915527344,0.8060623407363892,0.26682528853416443,1.4785000085830688,0.06247091293334961,0.25914308428764343,1.2655000686645508,0.8854507803916931,0.16846539080142975,1.2934999465942383,-0.11132819950580597,0.1754085123538971,1.1349999904632568
1.2829928398132324,0.1562349796295166,3.1740000247955322,0,0,0,1.2060489654541016,0.091794952750206,3.0824999809265137,0.5864028930664062,0.2106427401304245,1.5049999952316284,0.2948560118675232,0.17989452183246613,1.4165000915527344,0.8088489770889282,0.2701469361782074,1.4704999923706055,0.07229261845350266,0.2755691409111023,1.2944999933242798,0.8854507803916931,0.16008180379867554,1.2934999465942383,-0.050638291984796524,0.16805219650268555,1.1349999904632568
1.2829928398132324,0.1665208488702774,3.1740000247955322,0,0,0,1.2007670402526855,0.10133852809667587,3.069000005722046,0.5839642286300659,0.2106427401304245,1.5049999952316284,0.2948560118675232,0.1821897327899933,1.4165000915527344,0.8159970641136169,0.2749123275279999,1.4704999923706055,0.07882804423570633,0.28904467821121216,1.2985000610351562,0.9063292741775513,0.15956580638885498,1.3240000009536743,-0.012017438188195229,0.15333959460258484,1.1349999904632568
1.277849793434143,0.1716637760400772,3.1740000247955322,0,0,0,1.1978824138641357,0.10561852902173996,3.0490000247955322,0.5864028930664062,0.21308135986328125,1.5049999952316284,0.2953680753707886,0.18337786197662354,1.4079999923706055,0.818379819393158,0.27967771887779236,1.4704999923706055,0.08093205839395523,0.3037726879119873,1.2985000610351562,0.8998932242393494,0.15956580638885498,1.3240000009536743,0.04166193678975105,0.16018646955490112,1.1445000171661377
1.277849793434143,0.1716637760400772,3.1740000247955322,0,0,0,1.165470004081726,0.1027606949210167,2.9665000438690186,0.5839642286300659,0.20820416510105133,1.5049999952316284,0.29865285754203796,0.18259641528129578,1.4019999504089355,0.8088489770889282,0.2820604145526886,1.4704999923706055,0.09986818581819534,0.3058766722679138,1.2985000610351562,0.8784399032592773,0.16171111166477203,1.3240000009536743,0.09070303291082382,0.15042714774608612,1.1549999713897705
1.277849793434143,0.1716637760400772,3.1740000247955322,0,0,0,0.849203884601593,0.07487518340349197,2.1614999771118164,0.5783379673957825,0.20619820058345795,1.4904999732971191,0.2966291606426239,0.18812808394432068,1.3924999237060547,0.7874045372009277,0.27967771887779236,1.4704999923706055,0.10618022829294205,0.32270869612693787,1.2985000610351562,0.8290972709655762,0.187454953789711,1.3240000009536743,0.15246236324310303,0.15229864418506622,1.1549999713897705
1.2743021249771118,0.16539287567138672,3.1525001525878906,0,0,0,0.5593973994255066,0.046822428703308105,1.4179999828338623,0.5745189189910889,0.20398473739624023,1.4744999408721924,0.3116290271282196,0.19747641682624817,1.378999948501587,0.7829356789588928,0.27324071526527405,1.4490000009536743,0.12932439148426056,0.32481271028518677,1.2985000610351562,0.8033532500267029,0.20461751520633698,1.3240000009536743,0.21556079387664795,0.1573752760887146,1.19350004196167
