-0.88920658826828,0.005483836401253939,2.4549999237060547,-0.8636694550514221,-0.026532605290412903,2.4730000495910645,-0.9031545519828796,-0.029601143673062325,2.3970000743865967,-0.8138034343719482,0.14202013611793518,2.7069997787475586,-1.0750198364257812,0.14377117156982422,2.507999897003174,-0.7254132032394409,0.41247180104255676,2.5360000133514404,-1.1063095331192017,0.41705265641212463,2.442500114440918,-0.8196209669113159,0.5760620832443237,2.380000114440918,-1.0303586721420288,0.573157548904419,2.368000030517578
-0.88920658826828,0.005483836401253939,2.4549999237060547,-0.8620979189872742,-0.026484325528144836,2.4685001373291016,-0.9046616554260254,-0.02965054102241993,2.4010000228881836,-0.8138034343719482,0.14202013611793518,2.7069997787475586,-1.0750198364257812,0.14377117156982422,2.507999897003174,-0.7254132032394409,0.4165809750556946,2.5360000133514404,-1.1063095331192017,0.41309502720832825,2.442500114440918,-0.8196209669113159,0.5799184441566467,2.380000114440918,-1.0286182165145874,0.5721893906593323,2.364000082015991
-0.88920658826828,0.005483836401253939,2.4549999237060547,-0.8652409911155701,-0.02658088505268097,2.4774999618530273,-0.9046616554260254,-0.02965054102241993,2.4010000228881836,-0.8138034343719482,0.14202013611793518,2.7069997787475586,-1.0750198364257812,0.14377117156982422,2.507999897003174,-0.7254132032394409,0.41247180104255676,2.5360000133514404,-1.1063095331192017,0.41309502720832825,2.442500114440918,-0.8182433843612671,0.5750938653945923,2.375999927520752,-1.0247877836227417,0.576019823551178,2.364000082015991
-0.88920658826828,0.005483836401253939,2.4549999237060547,-0.8652409911155701,-0.02658088505268097,2.4774999618530273,-0.9046616554260254,-0.02965054102241993,2.4010000228881836,-0.8138034343719482,0.14202013611793518,2.7069997787475586,-1.0750198364257812,0.14377117156982422,2.507999897003174,-0.7254132032394409,0.41247180104255676,2.5360000133514404,-1.1042711734771729,0.4123339056968689,2.437999963760376,-0.8182433843612671,0.5789437890052795,2.375999927520752,-1.026877760887146,0.5712212324142456,2.3600001335144043
-0.88920658826828,0.005483836401253939,2.4549999237060547,-0.8620979189872742,-0.026484325528144836,2.4685001373291016,-0.9046616554260254,-0.02965054102241993,2.4010000228881836,-0.818613588809967,0.1428595632314682,2.7230000495910645,-1.0810197591781616,0.14402912557125092,2.5124998092651367,-0.7254132032394409,0.41247180104255676,2.5360000133514404,-1.100320816040039,0.4083835184574127,2.437999963760376,-0.816865861415863,0.5779691338539124,2.371999979019165,-1.0213197469711304,0.5740705132484436,2.3559999465942383
-0.8852286338806152,0.005483836401253939,2.4549999237060547,-0.8636694550514221,-0.026532605290412903,2.4730000495910645,-0.9046616554260254,-0.02965054102241993,2.4010000228881836,-0.8230257630348206,0.13844740390777588,2.7230000495910645,-1.0850908756256104,0.14402912557125092,2.5124998092651367,-0.7254132032394409,0.4165809750556946,2.5360000133514404,-1.100320816040039,0.4044331908226013,2.437999963760376,-0.816865861415863,0.5779691338539124,2.371999979019165,-1.0213197469711304,0.5740705132484436,2.3559999465942383
-0.88920658826828,0.005483836401253939,2.4549999237060547,-0.8636694550514221,-0.026532605290412903,2.4730000495910645,-0.9046616554260254,-0.02965054102241993,2.4010000228881836,-0.8169600963592529,0.14257101714611053,2.7174999713897705,-1.076948642730713,0.14402912557125092,2.5124998092651367,-0.7254132032394409,0.41247180104255676,2.5360000133514404,-1.1042711734771729,0.4123339056968689,2.437999963760376,-0.816865861415863,0.5779691338539124,2.371999979019165,-1.0251373052597046,0.5740705132484436,2.3559999465942383
-0.88920658826828,0.005483836401253939,2.4549999237060547,-0.8660976886749268,-0.026484325528144836,2.4685001373291016,-0.9046616554260254,-0.02965054102241993,2.4010000228881836,-0.818613588809967,0.1428595632314682,2.7230000495910645,-1.0750198364257812,0.14377117156982422,2.507999897003174,-0.7267004251480103,0.41320371627807617,2.5405001640319824,-1.1042711734771729,0.4123339056968689,2.437999963760376,-0.816865861415863,0.5779691338539124,2.371999979019165,-1.0213197469711304,0.5740705132484436,2.3559999465942383
-0.88920658826828,0.005483836401253939,2.4549999237060547,-0.8620979189872742,-0.026484325528144836,2.4685001373291016,-0.9061688184738159,-0.029699936509132385,2.4049999713897705,-0.818613588809967,0.14727172255516052,2.7230000495910645,-1.076948642730713,0.14402912557125092,2.5124998092651367,-0.7184674739837646,0.4255530834197998,2.5405001640319824,-1.1063095331192017,0.41309502720832825,2.442500114440918,-0.816865861415863,0.5779691338539124,2.371999979019165,-1.0251373052597046,0.5740705132484436,2.3559999465942383
-0.88920658826828,0.005483836401253939,2.4549999237060547,-0.8605262637138367,-0.03042854182422161,2.4639999866485596,-0.9061688184738159,-0.029699936509132385,2.4049999713897705,-0.8230257630348206,0.13844740390777588,2.7230000495910645,-1.0870343446731567,0.14836546778678894,2.5169999599456787,-0.7279876470565796,0.4139356315135956,2.5450000762939453,-1.1063095331192017,0.41309502720832825,2.442500114440918,-0.816865861415863,0.5741257071495056,2.371999979019165,-1.0251373052597046,0.5740705132484436,2.3559999465942383
-0.88920658826828,0.005483836401253939,2.4549999237060547,-0.8605262637138367,-0.02643604390323162,2.4639999866485596,-0.9061688184738159,-0.029699936509132385,2.4049999713897705,-0.818613588809967,0.1428595632314682,2.7230000495910645,-1.0808064937591553,0.1445450782775879,2.5215001106262207,-0.7184674739837646,0.4255530834197998,2.5405001640319824,-1.108347773551941,0.4098910987377167,2.447000026702881,-0.816865861415863,0.5741257071495056,2.371999979019165,-1.0251373052597046,0.5702530145645142,2.3559999465942383
-0.88920658826828,0.005483836401253939,2.4549999237060547,-0.8645187616348267,-0.02643604390323162,2.4639999866485596,-0.9061688184738159,-0.029699936509132385,2.4049999713897705,-0.8169600963592529,0.14257101714611053,2.7174999713897705,-1.0829559564590454,0.144287109375,2.5169999599456787,-0.7239829897880554,0.4157596528530121,2.5310001373291016,-1.1063095331192017,0.41309502720832825,2.442500114440918,-0.8196209669113159,0.5760620832443237,2.380000114440918,-1.0251373052597046,0.5740705132484436,2.3559999465942383
-0.88920658826828,0.005483836401253939,2.4549999237060547,-0.8605262637138367,-0.02643604390323162,2.4639999866485596,-0.9061688184738159,-0.029699936509132385,2.4049999713897705,-0.818613588809967,0.1428595632314682,2.7230000495910645,-1.078877568244934,0.144287109375,2.5169999599456787,-0.72527015209198,0.4164988398551941,2.5355000495910645,-1.100320816040039,0.4044331908226013,2.437999963760376,-0.816865861415863,0.5818125605583191,2.371999979019165,-1.0251373052597046,0.577888011932373,2.3559999465942383
-0.88920658826828,0.005483836401253939,2.4549999237060547,-0.8645187616348267,-0.02643604390323162,2.4639999866485596,-0.9046616554260254,-0.02965054102241993,2.4010000228881836,-0.818613588809967,0.1428595632314682,2.7230000495910645,-1.078877568244934,0.144287109375,2.5169999599456787,-0.72527015209198,0.4164988398551941,2.5355000495910645,-1.1063095331192017,0.41309502720832825,2.442500114440918,-0.8223759531974792,0.5818677544593811,2.388000011444092,-1.026877760887146,0.5750452280044556,2.3600001335144043
-0.88920658826828,0.005483836401253939,2.4549999237060547,-0.8589546084403992,-0.026387762278318405,2.4594998359680176,-0.9046616554260254,-0.02965054102241993,2.4010000228881836,-0.8169600963592529,0.14257101714611053,2.7174999713897705,-1.078877568244934,0.144287109375,2.5169999599456787,-0.7225527167320251,0.4108453392982483,2.5260000228881836,-1.1063095331192017,0.41309502720832825,2.442500114440918,-0.8223759531974792,0.5818677544593811,2.388000011444092,-1.032448649406433,0.576019823551178,2.364000082015991
-0.8877577781677246,0.005474901758134365,2.4509999752044678,-0.8573830723762512,-0.026339484378695488,2.4549999237060547,-0.9046616554260254,-0.02965054102241993,2.4010000228881836,-0.818613588809967,0.1428595632314682,2.7230000495910645,-1.078877568244934,0.144287109375,2.5169999599456787,-0.7225527167320251,0.4149383008480072,2.5260000228881836,-1.1042711734771729,0.4123339056968689,2.437999963760376,-0.8253031969070435,0.5800557732582092,2.3965001106262207,-1.0341956615447998,0.5769944787025452,2.368000030517578
-0.8877577781677246,0.005474901758134365,2.4509999752044678,-0.8573830723762512,-0.026339484378695488,2.4549999237060547,-0.9046616554260254,-0.02965054102241993,2.4010000228881836,-0.8169600963592529,0.14257101714611053,2.7174999713897705,-1.078877568244934,0.144287109375,2.5169999599456787,-0.7225527167320251,0.4149383008480072,2.5260000228881836,-1.1042711734771729,0.4083835184574127,2.437999963760376,-0.8253031969070435,0.5839388966560364,2.3965001106262207,-1.037689447402954,0.5789437890052795,2.375999927520752
-0.8877577781677246,0.005474901758134365,2.4509999752044678,-0.8589546084403992,-0.026387762278318405,2.4594998359680176,-0.9061688184738159,-0.029699936509132385,2.4049999713897705,-0.8123003244400024,0.14613594114780426,2.7019999027252197,-1.078877568244934,0.144287109375,2.5169999599456787,-0.7212655544281006,0.4182848036289215,2.5215001106262207,-1.100320816040039,0.4044331908226013,2.437999963760376,-0.8282303810119629,0.5821131467819214,2.4049999713897705,-1.0411834716796875,0.5808930993080139,2.384000062942505
-0.8877577781677246,0.005474901758134365,2.4509999752044678,-0.8549693822860718,-0.026387762278318405,2.4594998359680176,-0.9046616554260254,-0.02965054102241993,2.4010000228881836,-0.8092940449714661,0.1412331759929657,2.691999912261963,-1.078877568244934,0.144287109375,2.5169999599456787,-0.7225527167320251,0.4108453392982483,2.5260000228881836,-1.1042711734771729,0.4044331908226013,2.437999963760376,-0.8282303810119629,0.5821131467819214,2.4049999713897705,-1.0429303646087646,0.5857371091842651,2.388000011444092
-0.8837863206863403,0.005474901758134365,2.4509999752044678,-0.8549693822860718,-0.026387762278318405,2.4594998359680176,-0.9031545519828796,-0.029601143673062325,2.3970000743865967,-0.8136560320854187,0.13687123358249664,2.691999912261963,-1.0870343446731567,0.14836546778678894,2.5169999599456787,-0.7212655544281006,0.4101134240627289,2.5215001106262207,-1.1042711734771729,0.4123339056968689,2.437999963760376,-0.8243334293365479,0.5821131467819214,2.4049999713897705,-1.0390610694885254,0.5857371091842651,2.388000011444092
