0.16851256787776947,-0.059000227600336075,1.5414999723434448,0.2903432548046112,-0.15306463837623596,2.579500198364258,0.14274351298809052,-0.08351458609104156,1.5329999923706055,0.10450710356235504,0.05126521363854408,1.721500039100647,-0.01980966329574585,0.09372373670339584,1.4325000047683716,0.14919139444828033,0.27221494913101196,1.690500020980835,-0.021012764424085617,0.36285996437072754,1.5195000171661377,0.5549744367599487,0.9641562700271606,3.6644999980926514,0.09315108507871628,0.590214729309082,1.6679999828338623
0.16796597838401794,-0.0563192181289196,1.5364999771118164,0.2859416902065277,-0.15294595062732697,2.577500104904175,0.1399393081665039,-0.08084561675786972,1.5295000076293945,0.1050231084227562,0.054321516305208206,1.7300000190734863,-0.019830407574772835,0.09149831533432007,1.434000015258789,0.16064827144145966,0.28493812680244446,1.787500023841858,-0.021012764424085617,0.3603978753089905,1.5195000171661377,0.5729278922080994,0.9848101735115051,3.743000030517578,0.09608367830514908,0.5916301012039185,1.6719999313354492
0.16547632217407227,-0.0563192181289196,1.5364999771118164,0.40653085708618164,-0.2115096002817154,3.6644999980926514,0.13746099174022675,-0.08084561675786972,1.5295000076293945,0.10526593774557114,0.05163745582103729,1.7339999675750732,-0.024503152817487717,0.09159402549266815,1.4355000257492065,0.15876682102680206,0.2838563024997711,1.7990000247955322,-0.021012764424085617,0.3603978753089905,1.5195000171661377,0.5798116326332092,0.988695502281189,3.8285000324249268,0.09631354361772537,0.5930455327033997,1.6759999990463257
0.16547632217407227,-0.0563192181289196,1.5364999771118164,0.28788700699806213,-0.1520017683506012,2.63349986076355,0.13746099174022675,-0.08084561675786972,1.5295000076293945,0.10820026695728302,0.05450991168618202,1.7359999418258667,-0.029185619205236435,0.08936131745576859,1.437000036239624,0.15898746252059937,0.28716981410980225,1.8015000820159912,-0.021012764424085617,0.3579357862472534,1.5195000171661377,0.5988181233406067,1.0275123119354248,3.9539999961853027,0.09315108507871628,0.590214729309082,1.6679999828338623
0.1629866659641266,-0.0563192181289196,1.5364999771118164,0.16851256787776947,-0.08897312730550766,1.5414999723434448,0.13746099174022675,-0.08084561675786972,1.5295000076293945,0.10876120626926422,0.05196502432227135,1.744999885559082,-0.02685718983411789,0.09168973565101624,1.437000036239624,0.15606841444969177,0.28716981410980225,1.8015000820159912,-0.023528944700956345,0.3562924563884735,1.5230000019073486,0.5924112796783447,1.0339189767837524,3.9539999961853027,0.09303939342498779,0.5895070433616638,1.6660000085830688
0.1633579283952713,-0.056447505950927734,1.5399999618530273,0.16851256787776947,-0.08897312730550766,1.5414999723434448,0.13746099174022675,-0.08084561675786972,1.5295000076293945,0.10891702771186829,0.05203947424888611,1.747499942779541,-0.02685718983411789,0.09168973565101624,1.437000036239624,0.15606841444969177,0.28716981410980225,1.8015000820159912,-0.023528944700956345,0.3562924563884735,1.5230000019073486,0.5940593481063843,1.0367953777313232,3.9650001525878906,0.09303939342498779,0.5895070433616638,1.6660000085830688
0.16388832032680511,-0.056630779057741165,1.5449999570846558,0.16829392313957214,-0.0913521945476532,1.5394999980926514,0.13822491466999054,-0.08129490166902542,1.5379999876022339,0.10904169082641602,0.04926426708698273,1.749500036239624,-0.029185619205236435,0.09168973565101624,1.437000036239624,0.15293683111667633,0.28968629240989685,1.7990000247955322,-0.02347487397491932,0.3579357862472534,1.5195000171661377,0.5747854113578796,1.0367953777313232,3.9650001525878906,0.09044834971427917,0.5929175019264221,1.6679999828338623
0.16388832032680511,-0.056630779057741165,1.5449999570846558,0.16829392313957214,-0.0913521945476532,1.5394999980926514,0.13822491466999054,-0.08129490166902542,1.5379999876022339,0.10932216048240662,0.04939097911119461,1.753999948501587,-0.029216084629297256,0.09178544580936432,1.4385000467300415,0.14981335401535034,0.28928372263908386,1.7964999675750732,-0.02593698352575302,0.35547366738319397,1.5195000171661377,0.5411566495895386,1.0467326641082764,3.9539999961853027,0.08774562180042267,0.5956202149391174,1.6679999828338623
0.16388832032680511,-0.056630779057741165,1.5449999570846558,0.16829392313957214,-0.0913521945476532,1.5394999980926514,0.1388540267944336,-0.08416832238435745,1.5449999570846558,0.10932216048240662,0.04939097911119461,1.753999948501587,-0.02691325917840004,0.08954787999391556,1.440000057220459,0.146902397274971,0.2863727807998657,1.7964999675750732,-0.02593698352575302,0.3579357862472534,1.5195000171661377,0.5027156472206116,1.0531394481658936,3.9539999961853027,0.08504289388656616,0.6037283539772034,1.6679999828338623
0.16639173030853271,-0.059134189039468765,1.5449999570846558,0.16845791041851044,-0.09144120663404465,1.5410000085830688,0.1388540267944336,-0.08416832238435745,1.5449999570846558,0.10944681614637375,0.049447301775217056,1.75600004196167,-0.026885224506258965,0.08479290455579758,1.4385000467300415,0.1408841907978058,0.2917880117893219,1.7940000295639038,-0.028371060267090797,0.3526630997657776,1.5180000066757202,0.47068145871162415,1.065953016281128,3.9539999961853027,0.08224143832921982,0.5976054668426514,1.6660000085830688
0.16639173030853271,-0.059134189039468765,1.5449999570846558,0.16845791041851044,-0.09144120663404465,1.5410000085830688,0.1388540267944336,-0.08416832238435745,1.5449999570846558,0.10675325989723206,0.04951769486069679,1.7584999799728394,-0.024528756737709045,0.08703290671110153,1.437000036239624,0.12634973227977753,0.2976017892360687,1.7940000295639038,-0.025911379605531693,0.35512277483940125,1.5180000066757202,0.4309833347797394,1.0436882972717285,3.942500114440918,0.08483895659446716,0.5968880653381348,1.6640000343322754
0.16639173030853271,-0.059134189039468765,1.5449999570846558,0.16845791041851044,-0.09144120663404465,1.5410000085830688,0.1388540267944336,-0.08416832238435745,1.5449999570846558,0.10648007690906525,0.04939097911119461,1.753999948501587,-0.024554360657930374,0.08712375164031982,1.4385000467300415,0.12620887160301208,0.2972700297832489,1.7920000553131104,-0.025971122086048126,0.3559415638446808,1.5214999914169312,0.4309833347797394,1.0436882972717285,3.942500114440918,0.08435460180044174,0.5934803485870361,1.6545000076293945
0.16617634892463684,-0.05905763804912567,1.5429999828338623,0.1709548532962799,-0.09144120663404465,1.5410000085830688,0.13853946328163147,-0.08147989958524704,1.5414999723434448,0.10363799333572388,0.04939097911119461,1.753999948501587,-0.024554360657930374,0.08712375164031982,1.4385000467300415,0.10866552591323853,0.3027389943599701,1.7899999618530273,-0.025996726006269455,0.3538247048854828,1.5230000019073486,0.352347731590271,1.037864327430725,3.9205000400543213,0.08682503551244736,0.5973942875862122,1.6505000591278076
0.16867654025554657,-0.05655746906995773,1.5429999828338623,0.1709548532962799,-0.09144120663404465,1.5410000085830688,0.1410372257232666,-0.08147989958524704,1.5414999723434448,0.10105451941490173,0.04951769486069679,1.7584999799728394,-0.024528756737709045,0.08703290671110153,1.437000036239624,0.09403195232152939,0.32259055972099304,1.7874999046325684,-0.02603086456656456,0.35428935289382935,1.524999976158142,0.31659695506095886,1.0173412561416626,3.7965002059936523,0.08387023955583572,0.5927380919456482,1.6449999809265137
0.16867654025554657,-0.05655746906995773,1.5429999828338623,0.17345179617404938,-0.08894427120685577,1.5410000085830688,0.1432090848684311,-0.08129490166902542,1.5379999876022339,0.09226967394351959,0.04370685666799545,1.753999948501587,-0.024554360657930374,0.08479290455579758,1.4385000467300415,0.0872519388794899,0.3132533133029938,1.7674999237060547,-0.023559844121336937,0.3567603528499603,1.524999976158142,0,0,0,0.08376827090978622,0.5946796536445618,1.6430000066757202
0.16845791041851044,-0.0564841628074646,1.5410000085830688,0.17345179617404938,-0.0864473432302475,1.5410000085830688,0.1432090848684311,-0.08129490166902542,1.5379999876022339,0.09250640124082565,0.046668343245983124,1.7584999799728394,-0.022246673703193665,0.08721460402011871,1.440000057220459,0,0,0,-0.023559844121336937,0.3567603528499603,1.524999976158142,0,0,0,0.08643049001693726,0.5866930484771729,1.6430000066757202
0.16845791041851044,-0.0564841628074646,1.5410000085830688,0.17328296601772308,-0.08636319637298584,1.5394999980926514,0.14306941628456116,-0.08121561259031296,1.5364999771118164,0.08680766075849533,0.046668343245983124,1.7584999799728394,-0.022246673703193665,0.08954787999391556,1.440000057220459,0,0,0,-0.021088821813464165,0.35428935289382935,1.524999976158142,0,0,0,0.08643049001693726,0.5840308666229248,1.6430000066757202
0.1709548532962799,-0.0564841628074646,1.5410000085830688,0.17328296601772308,-0.08636319637298584,1.5394999980926514,0.14306941628456116,-0.08121561259031296,1.5364999771118164,0.08374343812465668,0.04654891788959503,1.753999948501587,-0.019913380965590477,0.0918811559677124,1.440000057220459,0,0,0,-0.021088821813464165,0.3567603528499603,1.524999976158142,0,0,0,0.08920115977525711,0.5874072313308716,1.6449999809265137
0.17078843712806702,-0.0564291812479496,1.5394999980926514,0.17560620605945587,-0.08877111971378326,1.5379999876022339,0.1454169750213623,-0.08113633096218109,1.534999966621399,0.08090135455131531,0.04370685666799545,1.753999948501587,-0.019913380965590477,0.0918811559677124,1.440000057220459,0,0,0,-0.016125602647662163,0.3562924563884735,1.5230000019073486,0,0,0,0.0918666273355484,0.5900726318359375,1.6449999809265137
0.17328296601772308,-0.0564291812479496,1.5394999980926514,0.17543494701385498,-0.08868453651666641,1.5364999771118164,0.1479042023420334,-0.08113633096218109,1.534999966621399,0.07777000218629837,0.04354488477110863,1.747499942779541,-0.01759839989244938,0.08964115381240845,1.441499948501587,0,0,0,-0.013675756752490997,0.3617023825645447,1.524999976158142,0,0,0,0.0945320874452591,0.5900726318359375,1.6449999809265137
