0,0,0,0,0,0,0,0,0,0.23750519752502441,0.22453397512435913,1.315000057220459,0.41649970412254333,0.3531278073787689,1.1820000410079956,0,0,0,0,0,0,0,0,0,0,0,0
0,0,0,0,0,0,0,0,0,0.23777610063552856,0.2247900813817978,1.316499948501587,0.41649970412254333,0.3531278073787689,1.1820000410079956,0,0,0,0,0,0,0,0,0,0,0,0
0,0,0,0,0,0,1.1291664838790894,0.23186804354190826,2.8980000019073486,0.252708375453949,0.24398858845233917,1.316499948501587,0.44260406494140625,0.35143858194351196,1.1700000762939453,0,0,0,0,0,0,0,0,0,0,0,0
0,0,0,0,0,0,0,0,0,0.2595999538898468,0.24445192515850067,1.319000005722046,0.4615620970726013,0.35143858194351196,1.1700000762939453,0,0,0,0,0,0,0,0,0,0,0,0
0,0,0,0,0,0,1.176123857498169,0.24125950038433075,2.8980000019073486,0.27028611302375793,0.24658915400505066,1.319000005722046,0.4709157347679138,0.34616127610206604,1.1649999618530273,0,0,0,0,0,0,0,0,0,0,0,0
0,0,0,0,0,0,0,0,0,0.2783065140247345,0.23758909106254578,1.316499948501587,0.48142847418785095,0.3461070656776428,1.1584999561309814,0,0,0,0,0,0,0,0,0,0,0,0
0,0,0,0,0,0,0,0,0,0.28012022376060486,0.239449143409729,1.315000057220459,0.4920535683631897,0.34940841794013977,1.1570000648498535,0,0,0,0,0,0,0,0,0,0,0,0
0,0,0,0,0,0,0,0,0,0.2862945795059204,0.24352526664733887,1.3140000104904175,0.4976777732372284,0.34565895795822144,1.1570000648498535,0,0,0,0,0,0,0,0,0,0,0,0
0,0,0,0,0,0,0,0,0,0.2926819622516632,0.24778349697589874,1.3140000104904175,0.5080464482307434,0.34880438446998596,1.1549999713897705,0,0,0,0,0,0,0,0,0,0,0,0
0,0,0,0,0,0,0,0,0,0.30119848251342773,0.2456543892621994,1.3140000104904175,0.5202444791793823,0.3463321924209595,1.152999997138977,0,0,0,0,0,0,0,0,0,0,0,0
0,0,0,0,0,0,0,0,0,0.30758586525917053,0.24778349697589874,1.3140000104904175,0.5174770951271057,0.3494614362716675,1.1510000228881836,0,0,0,0,0,0,0,0,0,0,0,0
0,0,0,0,0,0,0,0,0,0.31397324800491333,0.23926705121994019,1.3140000104904175,0.523980975151062,0.34820041060447693,1.152999997138977,0,0,0,0,0,0,0,0,0,0,0,0
0,0,0,0,0,0,0,0,0,0.319751113653183,0.24093687534332275,1.3114999532699585,0.5295857787132263,0.3463321924209595,1.152999997138977,0,0,0,0,0,0,0,0,0,0,0,0
0,0,0,0,0,0,0,0,0,0.3193854093551636,0.24490657448768616,1.309999942779541,0.5389220118522644,0.34378424286842346,1.1570000648498535,0,0,0,0,0,0,0,0,0,0,0,0
0,0,0,0,0,0,0,0,0,0.323630690574646,0.24066130816936493,1.309999942779541,0.5473654270172119,0.3425005376338959,1.159000039100647,0.31243741512298584,0.3591795861721039,1.316499948501587,0,0,0,0,0,0,0,0,0
0,0,0,0,0,0,0,0,0,0.33275511860847473,0.2304871529340744,1.3125,0.5527856945991516,0.33788394927978516,1.162500023841858,0.31421220302581787,0.35877037048339844,1.315000057220459,0,0,0,0,0,0,0,0,0
0,0,0,0,0,0,0,0,0,0.337008535861969,0.22836047410964966,1.3125,0.5601179599761963,0.33134400844573975,1.1660000085830688,0.31634294986724854,0.36516258120536804,1.315000057220459,0,0,0,0,0,0,0,0,0
0,0,0,0,0,0,0,0,0,0.3397811949253082,0.22879546880722046,1.315000057220459,0.5648638010025024,0.32434210181236267,1.1679999828338623,0.3184736967086792,0.375816285610199,1.315000057220459,0,0,0,0,0,0,0,0,0
0,0,0,0,0,0,0,0,0,0.3423019349575043,0.2247900813817978,1.316499948501587,0.5696226358413696,0.31921011209487915,1.1699999570846558,0.3184736967086792,0.4013851284980774,1.315000057220459,0,0,0,0,0,0,0,0,0
0,0,0,0,0,0,0,0,0,0.3429519832134247,0.22521695494651794,1.319000005722046,0.5705963373184204,0.31975576281547546,1.1719999313354492,0.3188369572162628,0.40184295177459717,1.316499948501587,0,0,0,0,0,0,0,0,0
