0.2391609102487564,0.07115575671195984,1.3995000123977661,0.2741113305091858,0.044838797301054,1.4279999732971191,0.21134310960769653,0.03929595649242401,1.3954999446868896,0.33602702617645264,0.18230749666690826,1.4355000257492065,0.10933703929185867,0.18377894163131714,1.5889999866485596,0.324321985244751,0.22944152355194092,1.1029999256134033,0.0694708451628685,0.4262336194515228,1.6200000047683716,0.2835267186164856,0.19551871716976166,0.8474999666213989,0,0,0
0.2266830950975418,0.0715116634964943,1.406499981880188,0.26132163405418396,0.045027196407318115,1.434000015258789,0.1979885697364807,0.03933819755911827,1.3969999551773071,0.3270644247531891,0.1824980080127716,1.437000036239624,0.09994189441204071,0.1880541741847992,1.6035000085830688,0.3108673095703125,0.2372339367866516,1.1059999465942383,0.05390350520610809,0.42241305112838745,1.625499963760376,0.2730873227119446,0.2024347484111786,0.8535000085830688,0.01782034896314144,0.6294535398483276,1.7009999752044678
0.21391770243644714,0.07181672751903534,1.412500023841858,0.24996498227119446,0.04507429897785187,1.4355000257492065,0.18493488430976868,0.039450835436582565,1.4010000228881836,0.3187457025051117,0.18774090707302094,1.441499948501587,0.08464191108942032,0.19130630791187286,1.6089999675750732,0.3050719201564789,0.24730738997459412,1.1110000610351562,0.04082188382744789,0.42332255840301514,1.628999948501587,0.2644796371459961,0.2141036093235016,0.8615000247955322,0.012275384739041328,0.6277883648872375,1.6965000629425049
0.20138995349407196,0.0722488984465599,1.4210000038146973,0.2367488145828247,0.04521559923887253,1.440000057220459,0.1721702367067337,0.03736652061343193,1.4079999923706055,0.3100467622280121,0.18813163042068481,1.4444999694824219,0.07194003462791443,0.1921980381011963,1.616499900817871,0.29787108302116394,0.24550719559192657,1.1110000610351562,0.030338048934936523,0.4190700352191925,1.6330000162124634,0.25226515531539917,0.2240285724401474,0.8675000071525574,0.006759586278349161,0.6261231303215027,1.6920000314712524
0.19292375445365906,0.07252853363752365,1.4264999628067017,0.2260201871395111,0.045403994619846344,1.4459999799728394,0.16110557317733765,0.03744613751769066,1.4110000133514404,0.30099666118621826,0.1836409866809845,1.4459999799728394,0.06174807250499725,0.19308976829051971,1.6239999532699585,0.300686240196228,0.2659994959831238,1.121500015258789,0.019893085584044456,0.4113627076148987,1.6445000171661377,0.24424207210540771,0.2511982321739197,0.8739999532699585,0.004013218451291323,0.6171679496765137,1.690000057220459
0.17980839312076569,0.07051248103380203,1.4325000047683716,0.21497204899787903,0.04319499805569649,1.4505000114440918,0.15009836852550507,0.03525952249765396,1.4149999618530273,0.2972327470779419,0.18421249091625214,1.4505000114440918,0.05122233182191849,0.19308976829051971,1.6239999532699585,0.30484193563461304,0.2862566411495209,1.1369999647140503,0.009414167143404484,0.4166508615016937,1.6765000820159912,0.23898178339004517,0.28766632080078125,0.8859999775886536,0.001273331348784268,0.6027619242668152,1.687999963760376
0.17123806476593018,0.06847697496414185,1.4385000467300415,0.20149336755275726,0.04097142070531845,1.4549999237060547,0.14147500693798065,0.037698257714509964,1.4205000400543213,0.2899151146411896,0.18554598093032837,1.4609999656677246,0.04069658741354942,0.19045835733413696,1.6239999532699585,0.3177112638950348,0.3290628492832184,1.184999942779541,0.001289172563701868,0.4274970293045044,1.7089999914169312,0.22174237668514252,0.32994744181632996,0.903499960899353,0.0012703139800578356,0.5986049771308899,1.684000015258789
0.16475927829742432,0.068691186606884,1.443000078201294,0.19622446596622467,0.041351567953825,1.4684998989105225,0.13528041541576385,0.035583462566137314,1.4279999732971191,0.2917010486125946,0.18907088041305542,1.4700000286102295,0.027539407834410667,0.19308976829051971,1.6239999532699585,0.3265848457813263,0.3583749532699585,1.2330000400543213,-0.00705938832834363,0.41607171297073364,1.718999981880188,0,0,0,0.001267296727746725,0.5944609045982361,1.6800000667572021
0.156375914812088,0.0667668879032135,1.4519999027252197,0.19069556891918182,0.039303846657276154,1.4809999465942383,0.12655454874038696,0.03340941667556763,1.434000015258789,0.28464505076408386,0.18750427663326263,1.495500087738037,0.02496165595948696,0.19086883962154388,1.627500057220459,0.31765931844711304,0.35379353165626526,1.2450000047683716,-0.01543791126459837,0.4138873815536499,1.7214999198913574,0,0,0,0.003989471588283777,0.5944609045982361,1.6800000667572021
0.15008898079395294,0.06474687904119492,1.4594999551773071,0.18152464926242828,0.03699135035276413,1.4844999313354492,0.11738291382789612,0.031118378043174744,1.4355000257492065,0.28312504291534424,0.19386443495750427,1.5264999866485596,0.019711632281541824,0.19374370574951172,1.629499912261963,0.31443899869918823,0.3613837659358978,1.2644999027252197,-0.02669600583612919,0.4210500121116638,1.7279999256134033,0,0,0,0.012083638459444046,0.593628466129303,1.6700000762939453
0.14550860226154327,0.062446124851703644,1.4609999656677246,0.1770709753036499,0.03465586155653,1.4874999523162842,0.11308430880308151,0.031215928494930267,1.440000057220459,0.28063830733299255,0.19807423651218414,1.5399999618530273,0.011790591292083263,0.19374370574951172,1.629499912261963,0.31032881140708923,0.3686714768409729,1.2899999618530273,-0.035309117287397385,0.42924240231513977,1.7384999990463257,0,0,0,0.012011281214654446,0.590073823928833,1.6600000858306885
0.1384066343307495,0.05771150812506676,1.4609999656677246,0.16793645918369293,0.029925629496574402,1.4919999837875366,0.10641593486070633,0.026632335036993027,1.4444999694824219,0.276542603969574,0.19871734082698822,1.5449999570846558,0.006523879710584879,0.19945186376571655,1.6330000162124634,0.29683032631874084,0.36952781677246094,1.3229999542236328,-0.041154999285936356,0.44562217593193054,1.747499942779541,0.16494110226631165,0.346972793340683,0.9214999675750732,0.022585174068808556,0.587942898273468,1.6465001106262207
0.13659800589084625,0.0579485185444355,1.4670000076293945,0.16917459666728973,0.02771090343594551,1.503000020980835,0.1046157106757164,0.026770612224936485,1.4519999027252197,0.2790459990501404,0.19621391594409943,1.5449999570846558,0.003882610471919179,0.20234538614749908,1.6349999904632568,0.3018132150173187,0.37514013051986694,1.375,-0.046818096190690994,0.44562217593193054,1.747499942779541,0.16080641746520996,0.35770392417907715,0.949999988079071,0.022351983934640884,0.5792320370674133,1.6295000314712524
0.13715669512748718,0.05579878389835358,1.4730000495910645,0.16762672364711761,0.027858400717377663,1.5110000371932983,0.10268556326627731,0.02451879158616066,1.4579999446868896,0.276542603969574,0.19371052086353302,1.5449999570846558,-0.004065167624503374,0.20499463379383087,1.6349999904632568,0.31388574838638306,0.38782864809036255,1.4299999475479126,-0.049649644643068314,0.44562217593193054,1.747499942779541,0.16325803101062775,0.37228572368621826,0.9929999709129333,0.030022218823432922,0.571814775466919,1.6159999370574951
0.1350444108247757,0.0535208135843277,1.4760000705718994,0.16517838835716248,0.025410078465938568,1.5110000371932983,0.10268556326627731,0.02451879158616066,1.4579999446868896,0.2768110930919647,0.1888868808746338,1.5464999675750732,-0.004060194827616215,0.2047438770532608,1.6330000162124634,0.3328867256641388,0.3907921016216278,1.494499921798706,-0.052481189370155334,0.44562217593193054,1.747499942779541,0.16672852635383606,0.38281580805778503,1.034500002861023,0.037619806826114655,0.5627212524414062,1.6050000190734863
0.13771536946296692,0.05123312398791313,1.4789999723434448,0.1655610054731369,0.025468938052654266,1.5145000219345093,0.1027912050485611,0.022179141640663147,1.4594999551773071,0.27958786487579346,0.18405355513095856,1.5479999780654907,-0.006698000244796276,0.207135871052742,1.63100004196167,0.34663861989974976,0.3914801776409149,1.5450000762939453,-0.049649644643068314,0.4484536647796631,1.747499942779541,0.20422126352787018,0.4653667211532593,1.2799999713897705,0.0425809882581234,0.5569797158241272,1.5959999561309814
0.13804125785827637,0.05135436728596687,1.4824999570846558,0.16632622480392456,0.023121319711208344,1.5214999914169312,0.1027912050485611,0.022179141640663147,1.4594999551773071,0.27707958221435547,0.17903700470924377,1.5479999780654907,-0.006698000244796276,0.20977863669395447,1.63100004196167,0.35467857122421265,0.3900587260723114,1.5694999694824219,-0.04669753834605217,0.44729888439178467,1.7430000305175781,0.24241876602172852,0.5456405282020569,1.5350000858306885,0.04742399603128433,0.5505726933479309,1.5850000381469727
0.13850682973861694,0.05152756720781326,1.4874999523162842,0.16649019718170166,0.023144114762544632,1.5230000019073486,0.10526416450738907,0.022201936691999435,1.4609999656677246,0.2799490690231323,0.17675679922103882,1.5499999523162842,-0.006683627143502235,0.20932847261428833,1.627500057220459,0.36370840668678284,0.38678455352783203,1.5980000495910645,-0.04657697305083275,0.4461440443992615,1.7384999990463257,0.24977219104766846,0.5539455413818359,1.565500020980835,0.05214596539735794,0.5436826348304749,1.5724999904632568
0.14395366609096527,0.0517527312040329,1.49399995803833,0.17165087163448334,0.023174505680799484,1.524999976158142,0.10774198919534683,0.022224731743335724,1.462499976158142,0.28246062994003296,0.17424528300762177,1.5499999523162842,-0.004022899549454451,0.210728257894516,1.6180000305175781,0.3668816387653351,0.3929566442966461,1.623500108718872,-0.0465099923312664,0.44550248980522156,1.7359999418258667,0.2503305971622467,0.555184006690979,1.569000005722046,0.059523776173591614,0.5412624478340149,1.565500020980835
0.14909403026103973,0.05185665190219879,1.496999979019165,0.1742931604385376,0.020723864436149597,1.5264999866485596,0.11271221935749054,0.0222703218460083,1.465499997138977,0.28561562299728394,0.1746387481689453,1.5534999370574951,0.001214869786053896,0.2097514569759369,1.6104999780654907,0.3685764670372009,0.3974147140979767,1.63100004196167,-0.04364674165844917,0.44779887795448303,1.7339999675750732,0.25088900327682495,0.5538744926452637,1.5724999904632568,0.06192167103290558,0.5425832867622375,1.562000036239624
