0.5055849552154541,0.1105864867568016,1.3029999732971191,0.5354027152061462,0.07958332449197769,1.3140000104904175,0.4667348265647888,0.07389196753501892,1.2890000343322754,0.6206992268562317,0.24872788786888123,1.4429999589920044,0.3225976228713989,0.23331916332244873,1.340999960899353,0.7178114056587219,0.4346255362033844,1.43149995803833,0.2547476291656494,0.47487956285476685,1.3734999895095825,0,0,0,0,0,0
0.5013623833656311,0.10636389255523682,1.3029999732971191,0.5315487384796143,0.07538241893053055,1.315000057220459,0.46560779213905334,0.07227684557437897,1.2975000143051147,0.6230373978614807,0.2463897317647934,1.4429999589920044,0.3206636905670166,0.2313186675310135,1.3420000076293945,0.7224504947662354,0.4299865663051605,1.43149995803833,0.25493311882019043,0.48858821392059326,1.374500036239624,0,0,0,0,0,0
0.5019395351409912,0.10437262058258057,1.3044999837875366,0.5294179320335388,0.07325167953968048,1.315000057220459,0.4644257128238678,0.07063417881727219,1.305999994277954,0.6230373978614807,0.2463897317647934,1.4429999589920044,0.32307878136634827,0.23149104416370392,1.343000054359436,0.7178114056587219,0.420708566904068,1.43149995803833,0.2566925287246704,0.47880712151527405,1.371999979019165,0,0,0,0,0,0
0.49616819620132446,0.10237648338079453,1.305999994277954,0.5268861651420593,0.07106685638427734,1.3140000104904175,0.46230950951576233,0.07063417881727219,1.305999994277954,0.6266756653785706,0.24455900490283966,1.4459999799728394,0.32307878136634827,0.23149104416370392,1.343000054359436,0.7131723761558533,0.4114305078983307,1.43149995803833,0.25891563296318054,0.47880712151527405,1.371999979019165,0,0,0,0,0,0
0.4919358491897583,0.10026033222675323,1.305999994277954,0.5226279497146606,0.0689377412199974,1.3140000104904175,0.45631012320518494,0.06645271182060242,1.306999921798706,0.6303237080574036,0.247414231300354,1.4490000009536743,0.32090264558792114,0.22713883221149445,1.343000054359436,0.98394376039505,0.5548384189605713,1.975000023841858,0.25891563296318054,0.4832533001899719,1.371999979019165,1.2859508991241455,0.8416454792022705,2.264500141143799,0,0,0
0.48558735847473145,0.10026033222675323,1.305999994277954,0.5179752111434937,0.06675777584314346,1.312999963760376,0.45363110303878784,0.06668151915073395,1.311500072479248,0.6279758214950562,0.247414231300354,1.4490000009536743,0.318726509809494,0.2249627262353897,1.343000054359436,1.2815377712249756,0.7203067541122437,2.564000129699707,0.2611387372016907,0.4699147343635559,1.371999979019165,1.303855061531067,0.8522205352783203,2.2829999923706055,0,0,0
0.4813550114631653,0.09602802246809006,1.305999994277954,0.5137201547622681,0.06675777584314346,1.312999963760376,0.4510941505432129,0.06480256468057632,1.316499948501587,0.6279758214950562,0.24506638944149017,1.4490000009536743,0.31437429785728455,0.2249627262353897,1.343000054359436,1.3187336921691895,0.7393349409103394,2.6469998359680176,0.2575344741344452,0.4848383367061615,1.3765000104904175,1.394399881362915,0.9072558879852295,2.4625000953674316,0,0,0
0.4771226942539215,0.09602802246809006,1.305999994277954,0.5094651579856873,0.06463028490543365,1.312999963760376,0.44767630100250244,0.06278840452432632,1.319000005722046,0.6232801079750061,0.24506638944149017,1.4490000009536743,0.3100220561027527,0.2249627262353897,1.343000054359436,1.344239354133606,0.7473210096359253,2.7069997787475586,0.2580021917819977,0.49018776416778564,1.378999948501587,1.5558472871780396,1.0107406377792358,2.755500078201294,0,0,0
0.47289034724235535,0.09391187131404877,1.305999994277954,0.5052101016044617,0.06250278651714325,1.312999963760376,0.4450826644897461,0.06302642077207565,1.3240000009536743,0.6209322214126587,0.24506638944149017,1.4490000009536743,0.3081897795200348,0.22521398961544037,1.3445000648498535,1.3362436294555664,0.7370100617408752,2.7174999713897705,0.2539929151535034,0.4933149218559265,1.381500005722046,1.6383681297302246,1.0532671213150024,2.9100000858306885,0,0,0
0.47361451387405396,0.09405568987131119,1.3079999685287476,0.5052101016044617,0.06250278651714325,1.312999963760376,0.4467634856700897,0.06326443701982498,1.3289999961853027,0.6209322214126587,0.24506638944149017,1.4490000009536743,0.3087628185749054,0.22563274204730988,1.347000002861023,1.338948130607605,0.7385017275810242,2.7230000495910645,0.25426870584487915,0.49385055899620056,1.3830000162124634,1.6552585363388062,1.0641255378723145,2.940000057220459,0,0,0
0.4654925465583801,0.0941275954246521,1.309000015258789,0.49670007824897766,0.06250278651714325,1.312999963760376,0.44063451886177063,0.06115700304508209,1.3300000429153442,0.6209322214126587,0.24506638944149017,1.4490000009536743,0.307149201631546,0.22386488318443298,1.3494999408721924,1.3345359563827515,0.7385017275810242,2.7230000495910645,0.25426870584487915,0.4804050326347351,1.3830000162124634,1.6541436910629272,1.0617039203643799,2.946500062942505,0,0,0
0.4616028368473053,0.09632213413715363,1.309999942779541,0.48975738883018494,0.06030631810426712,1.3114999532699585,0.4320142865180969,0.06115700304508209,1.3300000429153442,0.6132530570030212,0.24481269717216492,1.4474999904632568,0.30344900488853455,0.22217103838920593,1.3524999618530273,1.3352527618408203,0.7413493990898132,2.7335000038146973,0.2472774088382721,0.48659947514533997,1.381500005722046,1.658918023109436,1.0664781332015991,2.946500062942505,0,0,0
0.44886693358421326,0.09419950097799301,1.309999942779541,0.4791320264339447,0.06243138015270233,1.3114999532699585,0.42387160658836365,0.06338344514369965,1.3315000534057617,0.612617552280426,0.24221599102020264,1.4459999799728394,0.3021484315395355,0.22063010931015015,1.3564999103546143,1.336827039718628,0.7427164316177368,2.755000114440918,0.24056190252304077,0.4731685221195221,1.381500005722046,1.6515718698501587,1.0614134073257446,2.9590001106262207,0,0,0
0.440376341342926,0.09632213413715363,1.309999942779541,0.4706316888332367,0.06243138015270233,1.3114999532699585,0.41570940613746643,0.06561475247144699,1.3329999446868896,0.6055885553359985,0.24455900490283966,1.4459999799728394,0.2938971221446991,0.21883471310138702,1.3589999675750732,1.3287190198898315,0.7411999702453613,2.7660000324249268,0.22920335829257965,0.4728260636329651,1.380500078201294,1.6501163244247437,1.0635654926300049,2.9649999141693115,0,0,0
0.4318857192993164,0.09632213413715363,1.309999942779541,0.4600062966346741,0.06243138015270233,1.3114999532699585,0.405669242143631,0.06790176033973694,1.3355000019073486,0.6009024977684021,0.24221599102020264,1.4459999799728394,0.2872909903526306,0.22103673219680786,1.3589999675750732,1.315273404121399,0.7367181777954102,2.7660000324249268,0.22565118968486786,0.4656381607055664,1.372499942779541,1.6405078172683716,1.0635654926300049,2.9649999141693115,0,0,0
0.41914984583854675,0.09632213413715363,1.309999942779541,0.44938093423843384,0.06243138015270233,1.3114999532699585,0.394596666097641,0.06605776399374008,1.3420000076293945,0.5915305018424988,0.24455900490283966,1.4459999799728394,0.28171753883361816,0.22627024352550507,1.3639999628067017,1.315273404121399,0.732236385345459,2.7660000324249268,0.22007519006729126,0.47432616353034973,1.3654999732971191,1.6260948181152344,1.0635654926300049,2.9649999141693115,0,0,0
0.4068793058395386,0.09430736303329468,1.3114999532699585,0.4366304576396942,0.06243138015270233,1.3114999532699585,0.386726438999176,0.06657461076974869,1.3524999618530273,0.5891874432563782,0.24221599102020264,1.4459999799728394,0.2697359621524811,0.22512784600257874,1.3704999685287476,1.3018277883529663,0.7411999702453613,2.7660000324249268,0.21281224489212036,0.4729367196559906,1.3615000247955322,1.6212904453277588,1.0683698654174805,2.9649999141693115,0,0,0
0.39563143253326416,0.09466690570116043,1.316499948501587,0.42762914299964905,0.06266939640045166,1.316499948501587,0.37675386667251587,0.06714067608118057,1.3639999628067017,0.5821583867073059,0.24221599102020264,1.4459999799728394,0.26489749550819397,0.22445231676101685,1.3799999952316284,1.2928639650344849,0.7411999702453613,2.7660000324249268,0.2059667706489563,0.46139734983444214,1.3599998950958252,1.602073311805725,1.0635654926300049,2.9649999141693115,0,0,0
0.3842863440513611,0.09288518875837326,1.3215000629425049,0.4150480329990387,0.060881104320287704,1.3240000009536743,0.36825016140937805,0.06538277119398117,1.3734999895095825,0.570443332195282,0.24221599102020264,1.4459999799728394,0.25595319271087646,0.22668838500976562,1.3799999952316284,0.9617975950241089,0.5509464740753174,2.0940001010894775,0.19935576617717743,0.4569900631904602,1.3599998950958252,1.563638687133789,1.0443484783172607,2.9649999141693115,0,0,0
0.37467101216316223,0.09369348734617233,1.3329999446868896,0.4036948084831238,0.06111101806163788,1.3289999961853027,0.355881005525589,0.06822359561920166,1.3860000371932983,0.5587282776832581,0.24221599102020264,1.4459999799728394,0.24951481819152832,0.2267293781042099,1.3940000534057617,0.6450920104980469,0.37578076124191284,1.4195001125335693,0.18833743035793304,0.46139734983444214,1.3599998950958252,1.5300086736679077,1.0443484783172607,2.9649999141693115,0,0,0
