-0.8772727847099304,0.005483836401253939,2.4549999237060547,-0.8435451984405518,-0.026157092303037643,2.437999963760376,-0.8983749747276306,-0.029699936509132385,2.4049999713897705,-0.8061374425888062,0.14068230986595154,2.68149995803833,-1.0808064937591553,0.1445450782775879,2.5215001106262207,-0.7225527167320251,0.4190312623977661,2.5260000228881836,-1.1043827533721924,0.4138560891151428,2.447000026702881,-0.8168659210205078,0.5779691934585571,2.372000217437744,-1.0354084968566895,0.5858597755432129,2.388500213623047
-0.8812507390975952,0.005483836401253939,2.4549999237060547,-0.8435451984405518,-0.026157092303037643,2.437999963760376,-0.8983749747276306,-0.025803038850426674,2.4049999713897705,-0.8092940449714661,0.1412331759929657,2.691999912261963,-1.0808064937591553,0.1445450782775879,2.5215001106262207,-0.7239829897880554,0.41986072063446045,2.5310001373291016,-1.1043827533721924,0.4138560891151428,2.447000026702881,-0.8154883980751038,0.573157548904419,2.368000030517578,-1.0392787456512451,0.5858597755432129,2.388500213623047
-0.8788807988166809,0.0054938881658017635,2.4594998359680176,-0.839594841003418,-0.026157092303037643,2.437999963760376,-0.8983749747276306,-0.029699936509132385,2.4049999713897705,-0.8092940449714661,0.1412331759929657,2.691999912261963,-1.078877568244934,0.14836546778678894,2.5169999599456787,-0.7254132032394409,0.4206901490688324,2.5360000133514404,-1.1004178524017334,0.4138560891151428,2.447000026702881,-0.8154883980751038,0.5769944787025452,2.368000030517578,-1.0354084968566895,0.5819896459579468,2.388500213623047
-0.8804888725280762,0.009496438317000866,2.4639999866485596,-0.839594841003418,-0.026157092303037643,2.437999963760376,-0.8944780230522156,-0.025803038850426674,2.4049999713897705,-0.8092940449714661,0.13687123358249664,2.691999912261963,-1.078877568244934,0.144287109375,2.5169999599456787,-0.7254132032394409,0.4206901490688324,2.5360000133514404,-1.1004178524017334,0.4138560891151428,2.447000026702881,-0.8193252682685852,0.573157548904419,2.368000030517578,-1.0355801582336426,0.5799184441566467,2.380000114440918
-0.8804888725280762,0.009496438317000866,2.4639999866485596,-0.839594841003418,-0.026157092303037643,2.437999963760376,-0.8998691439628601,-0.02974933199584484,2.4089999198913574,-0.8107972145080566,0.1414954960346222,2.697000026702881,-1.078877568244934,0.144287109375,2.5169999599456787,-0.7254132032394409,0.4165809750556946,2.5360000133514404,-1.1043827533721924,0.4138560891151428,2.447000026702881,-0.8154883980751038,0.5769944787025452,2.368000030517578,-1.0299896001815796,0.5827937126159668,2.375999927520752
-0.8804888725280762,0.005503940396010876,2.4639999866485596,-0.839594841003418,-0.026157092303037643,2.437999963760376,-0.8944780230522156,-0.029699936509132385,2.4049999713897705,-0.8092940449714661,0.1412331759929657,2.691999912261963,-1.078877568244934,0.144287109375,2.5169999599456787,-0.7198818922042847,0.4157596528530121,2.5310001373291016,-1.1023517847061157,0.4051797091960907,2.442500114440918,-0.816865861415863,0.5779691338539124,2.371999979019165,-1.0299896001815796,0.5789437890052795,2.375999927520752
-0.8804888725280762,0.005503940396010876,2.4639999866485596,-0.839594841003418,-0.026157092303037643,2.437999963760376,-0.8959656953811646,-0.02974933199584484,2.4089999198913574,-0.8092940449714661,0.13687123358249664,2.691999912261963,-1.078877568244934,0.144287109375,2.5169999599456787,-0.7239829897880554,0.41986072063446045,2.5310001373291016,-1.0983941555023193,0.41309502720832825,2.442500114440918,-0.8207092881202698,0.5779691338539124,2.371999979019165,-1.0282557010650635,0.5779691338539124,2.371999979019165
-0.8844814300537109,0.005503940396010876,2.4639999866485596,-0.8435451984405518,-0.026157092303037643,2.437999963760376,-0.9013633728027344,-0.029798731207847595,2.4130001068115234,-0.8107972145080566,0.1414954960346222,2.697000026702881,-1.078877568244934,0.144287109375,2.5169999599456787,-0.7254132032394409,0.4165809750556946,2.5360000133514404,-1.1023517847061157,0.41309502720832825,2.442500114440918,-0.8207092881202698,0.5779691338539124,2.371999979019165,-1.0265216827392578,0.5808314681053162,2.368000030517578
-0.8804888725280762,0.005503940396010876,2.4639999866485596,-0.839594841003418,-0.030107460916042328,2.437999963760376,-0.8974534869194031,-0.029798731207847595,2.4130001068115234,-0.8107972145080566,0.1414954960346222,2.697000026702881,-1.078877568244934,0.144287109375,2.5169999599456787,-0.7213039994239807,0.4165809750556946,2.5360000133514404,-1.0983941555023193,0.41309502720832825,2.442500114440918,-0.816865861415863,0.5779691338539124,2.371999979019165,-1.0247877836227417,0.5798503160476685,2.364000082015991
-0.8804888725280762,0.005503940396010876,2.4639999866485596,-0.8411446213722229,-0.02620537392795086,2.442500114440918,-0.8959656953811646,-0.02974933199584484,2.4089999198913574,-0.8107972145080566,0.1414954960346222,2.697000026702881,-1.078877568244934,0.144287109375,2.5169999599456787,-0.7254132032394409,0.4206901490688324,2.5360000133514404,-1.0983941555023193,0.41309502720832825,2.442500114440918,-0.8207092881202698,0.5779691338539124,2.371999979019165,-1.0303586721420288,0.5769944787025452,2.368000030517578
-0.8804888725280762,0.005503940396010876,2.4639999866485596,-0.8426942825317383,-0.026253653690218925,2.447000026702881,-0.8998691439628601,-0.02974933199584484,2.4089999198913574,-0.8123003244400024,0.13737967610359192,2.7019999027252197,-1.0829496383666992,0.14483168721199036,2.5264999866485596,-0.7254132032394409,0.4206901490688324,2.5360000133514404,-1.0983941555023193,0.41309502720832825,2.442500114440918,-0.8207092881202698,0.5779691338539124,2.371999979019165,-1.0286182165145874,0.5798503160476685,2.364000082015991
-0.8804888725280762,0.005503940396010876,2.4639999866485596,-0.8426942825317383,-0.026253653690218925,2.447000026702881,-0.8998691439628601,-0.02974933199584484,2.4089999198913574,-0.8123003244400024,0.1417578160762787,2.7019999027252197,-1.076948642730713,0.14402912557125092,2.5124998092651367,-0.7254132032394409,0.4206901490688324,2.5360000133514404,-1.0983941555023193,0.41309502720832825,2.442500114440918,-0.8141108155250549,0.5760197639465332,2.363999843597412,-1.0341956615447998,0.5769944787025452,2.368000030517578
-0.8804888725280762,0.005503940396010876,2.4639999866485596,-0.8411446213722229,-0.02620537392795086,2.442500114440918,-0.8959656953811646,-0.02974933199584484,2.4089999198913574,-0.8123003244400024,0.1417578160762787,2.7019999027252197,-1.078877568244934,0.144287109375,2.5169999599456787,-0.7254132032394409,0.4206901490688324,2.5360000133514404,-1.0983941555023193,0.41309502720832825,2.442500114440918,-0.8141108155250549,0.5721893310546875,2.363999843597412,-1.0320991277694702,0.5779691338539124,2.371999979019165
-0.8804888725280762,0.005503940396010876,2.4639999866485596,-0.8411446213722229,-0.02620537392795086,2.442500114440918,-0.8959656953811646,-0.02974933199584484,2.4089999198913574,-0.8123003244400024,0.1417578160762787,2.7019999027252197,-1.078877568244934,0.144287109375,2.5169999599456787,-0.7239829897880554,0.41986072063446045,2.5310001373291016,-1.1004178524017334,0.4138560891151428,2.447000026702881,-0.8141108155250549,0.5721893310546875,2.363999843597412,-1.0320991277694702,0.5779691338539124,2.371999979019165
-0.8804888725280762,0.005503940396010876,2.4639999866485596,-0.8426942825317383,-0.026253653690218925,2.447000026702881,-0.8944780230522156,-0.029699936509132385,2.4049999713897705,-0.8107972145080566,0.1414954960346222,2.697000026702881,-1.0808064937591553,0.1445450782775879,2.5215001106262207,-0.7254132032394409,0.4206901490688324,2.5360000133514404,-1.1004178524017334,0.4098910987377167,2.447000026702881,-0.816865861415863,0.5779691338539124,2.371999979019165,-1.0338395833969116,0.5789437890052795,2.375999927520752
-0.8804888725280762,0.005503940396010876,2.4639999866485596,-0.8426942825317383,-0.026253653690218925,2.447000026702881,-0.8959656953811646,-0.02974933199584484,2.4089999198913574,-0.8123003244400024,0.13737967610359192,2.7019999027252197,-1.0808064937591553,0.1445450782775879,2.5215001106262207,-0.7267004251480103,0.4214366674423218,2.5405001640319824,-1.1004178524017334,0.4138560891151428,2.447000026702881,-0.8182433843612671,0.5789437890052795,2.375999927520752,-1.0320991277694702,0.5779691338539124,2.371999979019165
-0.8804888725280762,0.005503940396010876,2.4639999866485596,-0.8411446213722229,-0.02620537392795086,2.442500114440918,-0.8944780230522156,-0.029699936509132385,2.4049999713897705,-0.8107972145080566,0.1414954960346222,2.697000026702881,-1.0808064937591553,0.1445450782775879,2.5215001106262207,-0.7292748093605042,0.4229296147823334,2.549499988555908,-1.1004178524017334,0.4138560891151428,2.447000026702881,-0.8154883980751038,0.5769944787025452,2.368000030517578,-1.0338395833969116,0.5789437890052795,2.375999927520752
-0.8804888725280762,0.005503940396010876,2.4639999866485596,-0.8411446213722229,-0.02620537392795086,2.442500114440918,-0.8944780230522156,-0.029699936509132385,2.4049999713897705,-0.8107972145080566,0.1414954960346222,2.697000026702881,-1.082735300064087,0.1448030322790146,2.5260000228881836,-0.7267004251480103,0.4214366674423218,2.5405001640319824,-1.1004178524017334,0.4138560891151428,2.447000026702881,-0.8182433843612671,0.5789437890052795,2.375999927520752,-1.0355801582336426,0.5837748646736145,2.380000114440918
-0.8804888725280762,0.005503940396010876,2.4639999866485596,-0.8411446213722229,-0.02620537392795086,2.442500114440918,-0.8944780230522156,-0.029699936509132385,2.4049999713897705,-0.8123003244400024,0.1417578160762787,2.7019999027252197,-1.082735300064087,0.1448030322790146,2.5260000228881836,-0.7213039994239807,0.4165809750556946,2.5360000133514404,-1.1004178524017334,0.4138560891151428,2.447000026702881,-0.8196209669113159,0.5799184441566467,2.380000114440918,-1.037320613861084,0.5808930993080139,2.384000062942505
-0.8804888725280762,0.005503940396010876,2.4639999866485596,-0.839594841003418,-0.026157092303037643,2.437999963760376,-0.8929903507232666,-0.02965054102241993,2.4010000228881836,-0.8107972145080566,0.1414954960346222,2.697000026702881,-1.0808064937591553,0.1445450782775879,2.5215001106262207,-0.7279876470565796,0.42218315601348877,2.5450000762939453,-1.1022166013717651,0.4145325720310211,2.4509999752044678,-0.8196209669113159,0.5799184441566467,2.380000114440918,-1.0390610694885254,0.5857371091842651,2.388000011444092
