0.34035810828208923,0.09656605869531631,1.2850000858306885,0.3703281283378601,0.07300342619419098,1.2734999656677246,0.3093894124031067,0.06246446073055267,1.2690000534057617,0.47797322273254395,0.25447723269462585,1.3380000591278076,0.22054944932460785,0.19520005583763123,1.4110000133514404,0.4795185923576355,0.4367544651031494,1.2515000104904175,0.14055347442626953,0.2520783245563507,1.2309999465942383,0,0,0,0.10617806017398834,0.24321730434894562,1.0325000286102295
0.32015836238861084,0.09466775506734848,1.287500023841858,0.3516152501106262,0.07132986187934875,1.2804999351501465,0.29111266136169434,0.06045585498213768,1.2699999809265137,0.4562930464744568,0.25230923295021057,1.3380000591278076,0.1989806592464447,0.1987815499305725,1.4040000438690186,0.4572121500968933,0.43067091703414917,1.2515000104904175,0.12373602390289307,0.2562803328037262,1.2225000858306885,0,0,0,0.08944803476333618,0.25325527787208557,1.0325000286102295
0.2972102761268616,0.09258157759904861,1.287500023841858,0.3329339027404785,0.06968770921230316,1.2885000705718994,0.2686878740787506,0.05844401568174362,1.2709999084472656,0.43759703636169434,0.2484365701675415,1.3405001163482666,0.17780672013759613,0.19800283014774323,1.3984999656677246,0.4430171251296997,0.4367544651031494,1.2515000104904175,0.09702291339635849,0.25572606921195984,1.2105000019073486,0,0,0,0.0777370035648346,0.2515822649002075,1.0325000286102295
0.27688494324684143,0.09485156834125519,1.2899999618530273,0.31266123056411743,0.06982291489839554,1.2910000085830688,0.24858132004737854,0.05855897441506386,1.2734999656677246,0.4217878580093384,0.24936319887638092,1.3454999923706055,0.15707461535930634,0.1975780874490738,1.3954999446868896,0.42188727855682373,0.44610998034477234,1.2549999952316284,0.0807604193687439,0.25393038988113403,1.2020000219345093,0,0,0,0.06634572148323059,0.2528005838394165,1.037500023841858
0.25807276368141174,0.09485156834125519,1.2899999618530273,0.29174262285232544,0.06773106753826141,1.2910000085830688,0.23046131432056427,0.06074147671461105,1.2760000228881836,0.4055485129356384,0.24791789054870605,1.3494999408721924,0.12952135503292084,0.2014487385749817,1.3910000324249268,0.4185000956058502,0.46193939447402954,1.2820000648498535,0.055164214223623276,0.27010414004325867,1.196000099182129,0,0,0,0.04762294888496399,0.27165818214416504,1.0325000286102295
0.23926059901714325,0.09276134520769119,1.2899999618530273,0.27323296666145325,0.06780976802110672,1.2925000190734863,0.20978574454784393,0.06074147671461105,1.2760000228881836,0.39067572355270386,0.25038251280784607,1.3509999513626099,0.11989935487508774,0.20716260373592377,1.3840000629425049,0.4091603755950928,0.4748750627040863,1.312000036239624,0.03560539707541466,0.2745336592197418,1.190000057220459,0,0,0,0.04231509938836098,0.27313974499702454,1.0255000591278076
0.22002120316028595,0.09675392508506775,1.287500023841858,0.2546795904636383,0.06788846105337143,1.2940000295639038,0.1913275569677353,0.06285823881626129,1.2769999504089355,0.37357741594314575,0.2506605088710785,1.3524999618530273,0.09924804419279099,0.20842166244983673,1.377500057220459,0.3969355821609497,0.4785144031047821,1.3279999494552612,0.01427415106445551,0.29134660959243774,1.1800000667572021,0,0,0,0.026413019746541977,0.29095458984375,0.9900000095367432
0.2056571990251541,0.09895526617765427,1.2890000343322754,0.23790578544139862,0.06788846105337143,1.2940000295639038,0.1749110221862793,0.06497824937105179,1.277999997138977,0.3586341142654419,0.24874459207057953,1.3539999723434448,0.08585592359304428,0.20172564685344696,1.377500057220459,0.3862975537776947,0.48023471236228943,1.3509999513626099,0.0008833359461277723,0.2834322154521942,1.1710000038146973,0,0,0,0.015897903591394424,0.28615859150886536,0.9375
0.1910368651151657,0.10104387253522873,1.2890000343322754,0.2234012484550476,0.07213758677244186,1.2950000762939453,0.1604154407978058,0.06704903393983841,1.277999997138977,0.3457256257534027,0.24892832338809967,1.3550000190734863,0.06799975037574768,0.20842166244983673,1.377500057220459,0.37492677569389343,0.4771050810813904,1.3734999895095825,-0.010501188226044178,0.30620110034942627,1.1710000038146973,0,0,0,0.009376374073326588,0.2905884385108948,0.8949999809265137
0.17829740047454834,0.10301245748996735,1.287500023841858,0.20903517305850983,0.07435056567192078,1.2969999313354492,0.1479906439781189,0.06911981850862503,1.277999997138977,0.33096617460250854,0.2449883669614792,1.3574999570846558,0.0545085109770298,0.21695521473884583,1.375,0.36565321683883667,0.4638786017894745,1.380500078201294,-0.023783132433891296,0.3213804066181183,1.1710000038146973,0,0,0,-0.010841053910553455,0.29838767647743225,0.8880000114440918
0.16545836627483368,0.1069766953587532,1.2850000858306885,0.1985272467136383,0.07645212858915329,1.2969999313354492,0.1355658769607544,0.07326138764619827,1.277999997138977,0.32252368330955505,0.24305705726146698,1.3589999675750732,0.03891271725296974,0.21918317675590515,1.375,0.3614126145839691,0.45806172490119934,1.3899999856948853,-0.03516765311360359,0.34604671597480774,1.1710000038146973,0,0,0,-0.02379082702100277,0.31709277629852295,0.8880000114440918
0.15480634570121765,0.10681018978357315,1.2829999923706055,0.18801932036876678,0.08065526932477951,1.2969999313354492,0.12521187961101532,0.0753321722149849,1.277999997138977,0.3117426931858063,0.24103222787380219,1.3599998950958252,0.027772866189479828,0.22809500992298126,1.375,0.3589933216571808,0.45454469323158264,1.4070000648498535,-0.04465475678443909,0.380200058221817,1.1710000038146973,0,0,0,0,0,0
0.14856964349746704,0.1109679564833641,1.2829999923706055,0.1798207312822342,0.0807485580444336,1.2985000610351562,0.11692869663238525,0.07947374135255814,1.277999997138977,0.30127716064453125,0.23705992102622986,1.3624999523162842,0.016663257032632828,0.23297375440597534,1.377500057220459,0.35372835397720337,0.44802752137184143,1.4225000143051147,-0.056565701961517334,0.40483909845352173,1.1820000410079956,0,0,0,0,0,0
0.14222200214862823,0.11088146269321442,1.281999945640564,0.1714046746492386,0.0828525573015213,1.2985000610351562,0.11062967032194138,0.07941155135631561,1.2769999504089355,0.29309022426605225,0.23536932468414307,1.3654999732971191,0.007757632993161678,0.24036571383476257,1.381500005722046,0.3552541434764862,0.4512105882167816,1.4474999904632568,-0.05555204302072525,0.4017837643623352,1.2014999389648438,0,0,0,-0.04825151339173317,0.3329201936721802,0.8880000114440918
0.135990172624588,0.11295873671770096,1.281999945640564,0.16764730215072632,0.0830758735537529,1.3020000457763672,0.10434036701917648,0.08141691237688065,1.2760000228881836,0.2914102077484131,0.23358362913131714,1.3680000305175781,0.0010451425332576036,0.25004154443740845,1.3854999542236328,0.3500533103942871,0.4550028145313263,1.475000023841858,-0.058671362698078156,0.41990926861763,1.2260000705718994,0,0,0,0,0,0
0.13183560967445374,0.11295873671770096,1.281999945640564,0.16374173760414124,0.08323539048433304,1.3044999837875366,0.10028378665447235,0.0814807116985321,1.2769999504089355,0.2830600142478943,0.22956916689872742,1.3704999685287476,-0.005689809564501047,0.25902143120765686,1.3854999542236328,0.34337884187698364,0.4516279995441437,1.4874999523162842,-0.05541212484240532,0.421364426612854,1.2420001029968262,0,0,0,0,0,0
0.12718307971954346,0.11458733677864075,1.2769999504089355,0.15758150815963745,0.08544725924730301,1.305999994277954,0.09607014060020447,0.08141691237688065,1.2760000228881836,0.2789236307144165,0.225374236702919,1.371999979019165,-0.007943384349346161,0.2615492641925812,1.3870000839233398,0.3404417335987091,0.4525146782398224,1.506500005722046,-0.05387260392308235,0.4210357367992401,1.253000020980835,0,0,0,0,0,0
0.12462402880191803,0.11413867771625519,1.2719999551773071,0.15546534955501556,0.08333110064268112,1.305999994277954,0.09374474734067917,0.08119358867406845,1.2725000381469727,0.272551953792572,0.22339510917663574,1.3734999895095825,-0.012438214384019375,0.26604408025741577,1.3870000839233398,0.3374304473400116,0.46084460616111755,1.5260000228881836,-0.048658814281225204,0.4370344281196594,1.2760000228881836,0,0,0,0,0,0
0.1225629597902298,0.11413867771625519,1.2719999551773071,0.15546534955501556,0.08333110064268112,1.305999994277954,0.09150272607803345,0.08103407174348831,1.2699999809265137,0.2709168791770935,0.22388306260108948,1.3765000104904175,-0.01693304255604744,0.27278628945350647,1.3870000839233398,0.3349578082561493,0.46578988432884216,1.5260000228881836,-0.04297187551856041,0.45908454060554504,1.2915000915527344,0,0,0,0,0,0
0.12246660143136978,0.11610838770866394,1.2709999084472656,0.15558438003063202,0.08339489996433258,1.306999921798706,0.08944489806890488,0.08309189975261688,1.2699999809265137,0.27170413732528687,0.222296804189682,1.380500078201294,-0.019180458039045334,0.2682914733886719,1.3870000839233398,0.3349578082561493,0.4682624936103821,1.5260000228881836,-0.03768827021121979,0.47797390818595886,1.3264999389648438,0,0,0,0,0,0
