-0.0070696547627449036,-0.10215187072753906,1.7214999198913574,0.02388143539428711,-0.13433995842933655,1.7409999370574951,-0.026340676471590996,-0.13432475924491882,1.7049999237060547,0.20850123465061188,-0.0019494009902700782,1.9359999895095825,-0.08929914981126785,-0.016996614634990692,1.8660000562667847,0.23420272767543793,0.2535789906978607,2.0225000381469727,-0.16871534287929535,0.20996315777301788,1.9819999933242798,0.19921299815177917,0.44347307085990906,2.067500114440918,-0.24046766757965088,0.4222853481769562,2.0460000038146973
-0.004244184121489525,-0.09575964510440826,1.7070000171661377,0.02937084622681141,-0.1280326545238495,1.7319999933242798,-0.023460451513528824,-0.1281573474407196,1.6965000629425049,0.20704732835292816,0.007409457582980394,1.9225000143051147,-0.08917950838804245,-0.010934865102171898,1.8634999990463257,0.23612958192825317,0.265171080827713,2.011000156402588,-0.16483581066131592,0.21871128678321838,1.9739999771118164,0.1977194994688034,0.45677295327186584,2.052000045776367,-0.23715244233608246,0.4322309195995331,2.0460000038146973
-0.0014730640687048435,-0.08991067856550217,1.7009999752044678,0.03201936557888985,-0.11902640759944916,1.7235000133514404,-0.017936158925294876,-0.12247879058122635,1.694000005722046,0.20841337740421295,0.016615280881524086,1.9065001010894775,-0.08302894979715347,-0.007904757745563984,1.8609999418258667,0.2386738508939743,0.27412623167037964,2.005000114440918,-0.16735336184501648,0.2273816168308258,1.965999960899353,0.19632233679294586,0.4700523614883423,2.0374999046325684,-0.2305220067501068,0.4421765208244324,2.0460000038146973
0.004028653725981712,-0.08692393451929092,1.6965000629425049,0.034478750079870224,-0.11512099206447601,1.7070000171661377,-0.015119558200240135,-0.11643662303686142,1.6859999895095825,0.20617236196994781,0.02254851534962654,1.8860000371932983,-0.09135791659355164,-0.01083511020988226,1.8464999198913574,0.2451714128255844,0.2708774507045746,2.005000114440918,-0.16980163753032684,0.2263985276222229,1.9574999809265137,0.20475907623767853,0.45687341690063477,2.0230000019073486,-0.22687365114688873,0.4481488764286041,2.0429999828338623
0.0039942204020917416,-0.08345559239387512,1.681999921798706,0.03675375133752823,-0.11087413132190704,1.684499979019165,-0.012314187362790108,-0.11574601382017136,1.6759999990463257,0.20673222839832306,0.028318487107753754,1.8634999990463257,-0.08743277192115784,-0.010720686055719852,1.8270000219345093,0.25097861886024475,0.2798539400100708,1.999500036239624,-0.16548064351081848,0.23113702237606049,1.944000005722046,0.20475907623767853,0.47654101252555847,2.0230000019073486,-0.21960605680942535,0.4567345678806305,2.0369999408721924
0.003941977862268686,-0.082364022731781,1.659999966621399,0.036350101232528687,-0.10695698112249374,1.6659998893737793,-0.012284797616302967,-0.11546976864337921,1.6719999313354492,0.20373690128326416,0.03683540225028992,1.8364999294281006,-0.09581304341554642,-0.01360989362001419,1.8174999952316284,0.2513578236103058,0.2831116020679474,1.9769999980926514,-0.17281582951545715,0.2283429354429245,1.9205000400543213,0.203544482588768,0.4834897220134735,2.010999917984009,-0.2186897099018097,0.4646892249584198,2.0285000801086426
-0.0014159081038087606,-0.07847435772418976,1.6349999904632568,0.036011915653944016,-0.10328752547502518,1.6505000591278076,-0.01473394688218832,-0.1134670078754425,1.6430000066757202,0.20162908732891083,0.04528917372226715,1.8174999952316284,-0.10119937360286713,-0.010612130165100098,1.808500051498413,0.25237229466438293,0.29655641317367554,1.9600000381469727,-0.1768021583557129,0.23163530230522156,1.8964999914169312,0.18937362730503082,0.5129950642585754,1.9989999532699585,-0.21450023353099823,0.4692882001399994,2.0199999809265137
-0.0013933920999988914,-0.07722644507884979,1.6089999675750732,0.03551008179783821,-0.10184819996356964,1.627500057220459,-0.01433040015399456,-0.11035927385091782,1.5980000495910645,0.20007595419883728,0.044940315186977386,1.8034999370574951,-0.10016415268182755,-0.010503573343157768,1.7899999618530273,0.24793002009391785,0.29133641719818115,1.9255000352859497,-0.17605635523796082,0.23065818846225739,1.8884999752044678,0.18833154439926147,0.5101721882820129,1.9879999160766602,-0.2123233824968338,0.46452564001083374,1.999500036239624
-0.0013773711398243904,-0.07376137375831604,1.590499997138977,0.029752837494015694,-0.09762617200613022,1.6015000343322754,-0.016707945615053177,-0.10386428236961365,1.5780000686645508,0.198800191283226,0.05336466059088707,1.7920000553131104,-0.09315083920955658,-0.004642357584089041,1.7669999599456787,0.24252204596996307,0.30329301953315735,1.883500099182129,-0.1788792610168457,0.23035284876823425,1.8860000371932983,0.18329459428787231,0.5179265141487122,1.968500018119812,-0.21601268649101257,0.4649984836578369,1.9739999771118164
-0.00902579165995121,-0.07053527981042862,1.5759999752044678,0.02428680844604969,-0.09396310895681381,1.5835000276565552,-0.02160048671066761,-0.10028020292520523,1.562000036239624,0.1939288228750229,0.06432650238275528,1.7739999294281006,-0.09470989555120468,-0.0017550650518387556,1.7430000305175781,0.24059061706066132,0.32509833574295044,1.868499994277954,-0.1784050315618515,0.232790008187294,1.88100004196167,0.16369809210300446,0.5546479821205139,1.9630000591278076,-0.2205507457256317,0.4706271290779114,1.9574999809265137
-0.01657559536397457,-0.06499208509922028,1.565500020980835,0.01907050609588623,-0.09099327772855759,1.5764999389648438,-0.028903717175126076,-0.0967792496085167,1.5464999675750732,0.18911579251289368,0.07220972329378128,1.75600004196167,-0.09923563152551651,-0.0017354300944134593,1.7235000133514404,0.23660944402217865,0.3298242688179016,1.8609999418258667,-0.18097056448459625,0.2321712225675583,1.8760000467300415,0.1534883826971054,0.574414849281311,1.9544999599456787,-0.2224653959274292,0.4648285210132599,1.9465000629425049
-0.02392289787530899,-0.06177723780274391,1.5485000610351562,0.008762783370912075,-0.08501272648572922,1.560499906539917,-0.038801297545433044,-0.0914708748459816,1.5414999723434448,0.190758615732193,0.08306729793548584,1.744999885559082,-0.10152510553598404,-0.0017268711235374212,1.7149999141693115,0.233280211687088,0.3444381356239319,1.8585000038146973,-0.1772194504737854,0.2342706322669983,1.868499994277954,0.1467403620481491,0.5791144967079163,1.9490000009536743,-0.2231852412223816,0.46917349100112915,1.9254999160766602
-0.036150459200143814,-0.06123865395784378,1.534999966621399,-0.0038277218118309975,-0.08386868983507156,1.5394999980926514,-0.04852328076958656,-0.09096649289131165,1.5329999923706055,0.18239867687225342,0.08463958650827408,1.719499945640564,-0.10406071692705154,-0.0017228435026481748,1.7109999656677246,0.22878196835517883,0.3511899709701538,1.8464999198913574,-0.17380499839782715,0.22975698113441467,1.8324999809265137,0.14024415612220764,0.5815256237983704,1.9465000629425049,-0.22843892872333527,0.45475924015045166,1.8914999961853027
-0.05079099163413048,-0.06089954823255539,1.5264999866485596,-0.021171795204281807,-0.08588635921478271,1.531000018119812,-0.06048602610826492,-0.09274943172931671,1.5214999914169312,0.17974676191806793,0.08890030533075333,1.6944999694824219,-0.10670825093984604,0.0010483176447451115,1.7089999914169312,0.2190576046705246,0.351177453994751,1.815500020980835,-0.17378383874893188,0.23170828819274902,1.8015000820159912,0.12380271404981613,0.590936541557312,1.9359999895095825,-0.23022828996181488,0.4463444650173187,1.8565000295639038
-0.0652017593383789,-0.060500599443912506,1.5164999961853027,-0.03578542172908783,-0.08524123579263687,1.5195000171661377,-0.06981571763753891,-0.09204839915037155,1.5099999904632568,0.17611321806907654,0.09391812235116959,1.6859999895095825,-0.10617751628160477,0.0037984782829880714,1.7005000114440918,0.2038082629442215,0.3655238151550293,1.7850000858306885,-0.16868333518505096,0.22875003516674042,1.7785000801086426,0.10708466172218323,0.6008245944976807,1.9175000190734863,-0.2337631732225418,0.44463276863098145,1.8370000123977661
-0.07700257748365402,-0.060121599584817886,1.5069999694824219,-0.04969298467040062,-0.08378268033266068,1.493499994277954,-0.0811799094080925,-0.08865227550268173,1.49399995803833,0.16712075471878052,0.09891031682491302,1.6779999732971191,-0.10838840156793594,0.0037794916424900293,1.6920000314712524,0.1960267424583435,0.3675640821456909,1.7669999599456787,-0.16920168697834015,0.22844089567661285,1.753999948501587,0.09154962748289108,0.6225735545158386,1.9175000190734863,-0.23939010500907898,0.44402769207954407,1.8345000743865967
-0.07633832097053528,-0.05960296466946602,1.49399995803833,-0.049060799181461334,-0.08271680772304535,1.4744999408721924,-0.08031051605939865,-0.08770286291837692,1.4780000448226929,0.1653280407190323,0.0978492945432663,1.659999966621399,-0.10787592828273773,0.003761621657758951,1.684000015258789,0.19380798935890198,0.3634037673473358,1.746999979019165,-0.16814056038856506,0.22700825333595276,1.7430000305175781,0.09104831516742706,0.6191644668579102,1.9070000648498535,-0.23841139674186707,0.4422123432159424,1.8270000219345093
-0.09046775102615356,-0.06416413187980652,1.4874999523162842,-0.06281553953886032,-0.08669409155845642,1.4609999656677246,-0.09169167280197144,-0.09189804643392563,1.468500018119812,0.1545114517211914,0.09613988548517227,1.63100004196167,-0.11021050810813904,0.00374821899458766,1.6779999732971191,0.18518485128879547,0.3548972010612488,1.719499945640564,-0.16988585889339447,0.22838203608989716,1.7319999933242798,0.09164539724588394,0.6027681231498718,1.8565000295639038,-0.24071118235588074,0.4498588740825653,1.8220000267028809
-0.10231228172779083,-0.06644011288881302,1.4844999313354492,-0.07646592706441879,-0.08842132985591888,1.4505000114440918,-0.10069265216588974,-0.0937960147857666,1.4609999656677246,0.13965155184268951,0.09763190150260925,1.6119999885559082,-0.1152348443865776,0.001025621430017054,1.6719999313354492,0.17700108885765076,0.3634655773639679,1.6944999694824219,-0.16949351131916046,0.23345446586608887,1.7280000448226929,0.07986167818307877,0.5884532928466797,1.7944999933242798,-0.2430616319179535,0.45758265256881714,1.8174999952316284
-0.11383862793445587,-0.06614920496940613,1.4780000448226929,-0.0857783630490303,-0.09067774564027786,1.4490000009536743,-0.11229818314313889,-0.09596585482358932,1.4579999446868896,0.12604187428951263,0.09980857372283936,1.6050000190734863,-0.12022031098604202,0.0010219409596174955,1.6660000085830688,0.1640099287033081,0.3699181079864502,1.6740000247955322,-0.17184478044509888,0.23563915491104126,1.7235000133514404,0.0698700025677681,0.5808157324790955,1.7625000476837158,-0.24799275398254395,0.4675546884536743,1.810499906539917
