-0.8744140863418579,0.005465966649353504,2.447000026702881,-0.8445561528205872,-0.02643604390323162,2.4639999866485596,-0.8890998959541321,-0.03354095667600632,2.4010000228881836,-0.8064271211624146,0.1414954960346222,2.697000026702881,-1.0808064937591553,0.1445450782775879,2.5215001106262207,-0.7372317910194397,0.4299798309803009,2.5920000076293945,-1.1004178524017334,0.4138560891151428,2.447000026702881,-0.8182433843612671,0.5750938653945923,2.375999927520752,-1.0464580059051514,0.5899069309234619,2.4049999713897705
-0.8744140863418579,0.005465966649353504,2.447000026702881,-0.8460986018180847,-0.026484325528144836,2.4685001373291016,-0.8890998959541321,-0.03354095667600632,2.4010000228881836,-0.8064271211624146,0.1414954960346222,2.697000026702881,-1.0808064937591553,0.1445450782775879,2.5215001106262207,-0.7372317910194397,0.4299798309803009,2.5920000076293945,-1.1004178524017334,0.4138560891151428,2.447000026702881,-0.8182433843612671,0.5789437890052795,2.375999927520752,-1.0464580059051514,0.5899069309234619,2.4049999713897705
-0.8744140863418579,0.005465966649353504,2.447000026702881,-0.8476409912109375,-0.026532605290412903,2.4730000495910645,-0.8876186609268188,-0.03348507732152939,2.3970000743865967,-0.805030882358551,0.1464063674211502,2.7069997787475586,-1.0726351737976074,0.14045940339565277,2.5215001106262207,-0.7343045473098755,0.4391406774520874,2.5964999198913574,-1.1004178524017334,0.4098910987377167,2.447000026702881,-0.8196209669113159,0.5799184441566467,2.380000114440918,-1.0503549575805664,0.5860099792480469,2.4049999713897705
-0.8728060722351074,0.005455915350466967,2.442500114440918,-0.8476409912109375,-0.026532605290412903,2.4730000495910645,-0.8876186609268188,-0.03348507732152939,2.3970000743865967,-0.802123486995697,0.14667679369449615,2.7119998931884766,-1.0726351737976074,0.14045940339565277,2.5215001106262207,-0.7399338483810425,0.43155577778816223,2.6015000343322754,-1.1004178524017334,0.4138560891151428,2.447000026702881,-0.8196209669113159,0.5799184441566467,2.380000114440918,-1.0464580059051514,0.5899069309234619,2.4049999713897705
-0.8711979985237122,0.0054458631202578545,2.437999963760376,-0.8491833806037903,-0.02658088505268097,2.4774999618530273,-0.8876186609268188,-0.03348507732152939,2.3970000743865967,-0.8065178990364075,0.14667679369449615,2.7119998931884766,-1.0726351737976074,0.14045940339565277,2.5215001106262207,-0.7330319285392761,0.4383796155452728,2.5920000076293945,-1.1004178524017334,0.4098910987377167,2.447000026702881,-0.8196209669113159,0.5760620832443237,2.380000114440918,-1.0464580059051514,0.5860099792480469,2.4049999713897705
-0.8672475814819336,0.0054458631202578545,2.437999963760376,-0.845168948173523,-0.02658088505268097,2.4774999618530273,-0.8876186609268188,-0.03348507732152939,2.3970000743865967,-0.8109121918678284,0.14228245615959167,2.7119998931884766,-1.078877568244934,0.144287109375,2.5169999599456787,-0.7372317910194397,0.42577990889549255,2.5920000076293945,-1.1043827533721924,0.4138560891151428,2.447000026702881,-0.8225482106208801,0.5819896459579468,2.388500213623047,-1.04471755027771,0.5889257788658142,2.4010000228881836
-0.8672475814819336,0.0054458631202578545,2.437999963760376,-0.8496037721633911,-0.026720359921455383,2.490499973297119,-0.8876186609268188,-0.03348507732152939,2.3970000743865967,-0.8109121918678284,0.14228245615959167,2.7119998931884766,-1.078877568244934,0.144287109375,2.5169999599456787,-0.7358096837997437,0.42495855689048767,2.5869998931884766,-1.1043827533721924,0.4098910987377167,2.447000026702881,-0.8225482106208801,0.5819896459579468,2.388500213623047,-1.0468610525131226,0.5840607285499573,2.3970000743865967
-0.8672475814819336,0.0054458631202578545,2.437999963760376,-0.8525034785270691,-0.02681155689060688,2.499000072479248,-0.8859522938728333,-0.02954556979238987,2.3924999237060547,-0.8109121918678284,0.14667679369449615,2.7119998931884766,-1.078877568244934,0.144287109375,2.5169999599456787,-0.7343875765800476,0.428320974111557,2.5820000171661377,-1.1022166013717651,0.4145325720310211,2.4509999752044678,-0.8268528580665588,0.5850353837013245,2.4010000228881836,-1.0468610525131226,0.5879446864128113,2.3970000743865967
-0.8688483834266663,0.005455915350466967,2.442500114440918,-0.8525034785270691,-0.02681155689060688,2.499000072479248,-0.8859522938728333,-0.02954556979238987,2.3924999237060547,-0.8109121918678284,0.14228245615959167,2.7119998931884766,-1.078877568244934,0.144287109375,2.5169999599456787,-0.7331076264381409,0.4275744557380676,2.5774998664855957,-1.1040153503417969,0.4152090847492218,2.4549999237060547,-0.8225482106208801,0.5819896459579468,2.388500213623047,-1.0468610525131226,0.5840607285499573,2.3970000743865967
-0.8672475814819336,0.0054458631202578545,2.437999963760376,-0.8525034785270691,-0.02681155689060688,2.499000072479248,-0.8859522938728333,-0.033422213047742844,2.3924999237060547,-0.8109121918678284,0.14228245615959167,2.7119998931884766,-1.078877568244934,0.144287109375,2.5169999599456787,-0.7331076264381409,0.4233980178833008,2.5774998664855957,-1.1040153503417969,0.4152090847492218,2.4549999237060547,-0.8211706280708313,0.5810149312019348,2.384500026702881,-1.0468610525131226,0.5879446864128113,2.3970000743865967
-0.8658246994018555,0.0054369280114769936,2.434000015258789,-0.8525034785270691,-0.02681155689060688,2.499000072479248,-0.8876186609268188,-0.029601143673062325,2.3970000743865967,-0.812556803226471,0.13816775381565094,2.7174999713897705,-1.078877568244934,0.144287109375,2.5169999599456787,-0.7262445688247681,0.4218374788761139,2.567999839782715,-1.1022166013717651,0.4145325720310211,2.4509999752044678,-0.816865861415863,0.5818125605583191,2.371999979019165,-1.0468610525131226,0.5840607285499573,2.3970000743865967
-0.8688483834266663,0.005455915350466967,2.442500114440918,-0.8525034785270691,-0.02681155689060688,2.499000072479248,-0.8876186609268188,-0.029601143673062325,2.3970000743865967,-0.812556803226471,0.14257101714611053,2.7174999713897705,-1.078877568244934,0.14020872116088867,2.5169999599456787,-0.7277035117149353,0.42442259192466736,2.558499813079834,-1.1022166013717651,0.41056114435195923,2.4509999752044678,-0.8193252682685852,0.5769944787025452,2.368000030517578,-1.0468610525131226,0.5879446864128113,2.3970000743865967
-0.8704490661621094,0.005465966649353504,2.447000026702881,-0.8525034785270691,-0.02681155689060688,2.499000072479248,-0.8876186609268188,-0.03348507732152939,2.3970000743865967,-0.8095666766166687,0.14204637706279755,2.7074999809265137,-1.078877568244934,0.14020872116088867,2.5169999599456787,-0.7264236211776733,0.42367610335350037,2.553999900817871,-1.1061879396438599,0.4145325720310211,2.4509999752044678,-0.8141108751296997,0.576019823551178,2.364000082015991,-1.0468610525131226,0.5840607285499573,2.3970000743865967
-0.8704490661621094,0.005465966649353504,2.447000026702881,-0.8525034785270691,-0.02681155689060688,2.499000072479248,-0.8876186609268188,-0.03348507732152939,2.3970000743865967,-0.8051796555519104,0.14643341302871704,2.7074999809265137,-1.0747991800308228,0.14020872116088867,2.5169999599456787,-0.7292748093605042,0.4229296147823334,2.549499988555908,-1.1040153503417969,0.4112311601638794,2.4549999237060547,-0.8141108751296997,0.5721893906593323,2.364000082015991,-1.0468610525131226,0.5879446864128113,2.3970000743865967
-0.8704490661621094,0.005465966649353504,2.447000026702881,-0.8525034785270691,-0.02681155689060688,2.499000072479248,-0.8876186609268188,-0.029601143673062325,2.3970000743865967,-0.8049320578575134,0.1412331759929657,2.691999912261963,-1.078877568244934,0.144287109375,2.5169999599456787,-0.7225839495658875,0.4214366674423218,2.5405001640319824,-1.1100242137908936,0.4159701466560364,2.4594998359680176,-0.8141108751296997,0.5721893906593323,2.364000082015991,-1.0429770946502686,0.5840607285499573,2.3970000743865967
-0.8744140863418579,0.005465966649353504,2.447000026702881,-0.8565527200698853,-0.02681155689060688,2.499000072479248,-0.8890998959541321,-0.03354095667600632,2.4010000228881836,-0.8020570874214172,0.1458655297756195,2.697000026702881,-1.0747991800308228,0.14020872116088867,2.5169999599456787,-0.7267004251480103,0.4214366674423218,2.5405001640319824,-1.1040153503417969,0.4152090847492218,2.4549999237060547,-0.8141108751296997,0.5721893906593323,2.364000082015991,-1.0486079454421997,0.5889257788658142,2.4010000228881836
-0.8704490661621094,0.005465966649353504,2.447000026702881,-0.8565527200698853,-0.02681155689060688,2.499000072479248,-0.8890998959541321,-0.02965054102241993,2.4010000228881836,-0.8020570874214172,0.1458655297756195,2.697000026702881,-1.0747991800308228,0.14020872116088867,2.5169999599456787,-0.7225839495658875,0.4214366674423218,2.5405001640319824,-1.107993245124817,0.4152090847492218,2.4549999237060547,-0.8225482106208801,0.5781194567680359,2.388500213623047,-1.0486079454421997,0.5850353837013245,2.4010000228881836
-0.8728060722351074,0.005455915350466967,2.442500114440918,-0.8565527200698853,-0.02681155689060688,2.499000072479248,-0.8905810713768005,-0.033596836030483246,2.4049999713897705,-0.8066666126251221,0.146703839302063,2.7125000953674316,-1.0707207918167114,0.14020872116088867,2.5169999599456787,-0.7267004251480103,0.4255530834197998,2.5405001640319824,-1.1022166013717651,0.41056114435195923,2.4509999752044678,-0.8225482106208801,0.5781194567680359,2.388500213623047,-1.0448956489562988,0.5829641819000244,2.3924999237060547
-0.8711979985237122,0.009396232664585114,2.437999963760376,-0.8565527200698853,-0.02681155689060688,2.499000072479248,-0.8905810713768005,-0.029699936509132385,2.4049999713897705,-0.8114247918128967,0.1475691795349121,2.7284998893737793,-1.0747991800308228,0.14020872116088867,2.5169999599456787,-0.7267004251480103,0.4255530834197998,2.5405001640319824,-1.1022166013717651,0.4145325720310211,2.4509999752044678,-0.8266806602478027,0.5810239315032959,2.4005000591278076,-1.0448956489562988,0.5868408679962158,2.3924999237060547
-0.8711979985237122,0.0054458631202578545,2.437999963760376,-0.8565527200698853,-0.02681155689060688,2.499000072479248,-0.8890998959541321,-0.02965054102241993,2.4010000228881836,-0.8221250772476196,0.14424987137317657,2.749500036239624,-1.078877568244934,0.144287109375,2.5169999599456787,-0.7267004251480103,0.4214366674423218,2.5405001640319824,-1.1004178524017334,0.4138560891151428,2.447000026702881,-0.832362949848175,0.5850176811218262,2.4170000553131104,-1.0448956489562988,0.5829641819000244,2.3924999237060547
