-0.22219587862491608,0.007467089220881462,1.3639999628067017,-0.20009441673755646,-0.019054504111409187,1.3639999628067017,-0.22420713305473328,-0.021038582548499107,1.3494999408721924,0.03629549592733383,0.09378598630428314,1.5485000610351562,-0.24630387127399445,0.07057149708271027,1.4824999570846558,0.06636163592338562,0.3889051675796509,1.6740000247955322,-0.3168821632862091,0.31906312704086304,1.5959999561309814,-0.140634223818779,0.5214595794677734,1.7174999713897705,-0.30913880467414856,0.5181407332420349,1.556999921798706
-0.22882631421089172,0.0030468241311609745,1.3639999628067017,-0.2089349925518036,-0.021264636889100075,1.3639999628067017,-0.2329537272453308,-0.025411857292056084,1.3494999408721924,0.023588955402374268,0.10062625259160995,1.5379999876022339,-0.2519550919532776,0.07321976125240326,1.4874999523162842,0.02795487269759178,0.3990076780319214,1.6484999656677246,-0.3268778920173645,0.35511255264282227,1.6069999933242798,-0.22937484085559845,0.46762219071388245,1.6549999713897705,-0.32564452290534973,0.5339080095291138,1.5514999628067017
-0.23545676469802856,-0.0013734415406361222,1.3639999628067017,-0.21477524936199188,-0.027792781591415405,1.3589999675750732,-0.23732702434062958,-0.0319717712700367,1.3494999408721924,0.01850195974111557,0.1050267145037651,1.5295000076293945,-0.2538182735443115,0.06404895335435867,1.4984999895095825,-0.025143375620245934,0.4071102440357208,1.627500057220459,-0.3373970687389374,0.3396107256412506,1.6200000047683716,-0.275850385427475,0.38160595297813416,1.5980000495910645,-0.3469819128513336,0.5181407332420349,1.556999921798706
-0.23766690492630005,-0.005793707445263863,1.3639999628067017,-0.2161789834499359,-0.02988445572555065,1.3539999723434448,-0.24143169820308685,-0.03630465269088745,1.3480000495910645,0.003624957287684083,0.10976759344339371,1.5264999866485596,-0.26031437516212463,0.062011539936065674,1.5080000162124634,-0.08155017346143723,0.3992306888103485,1.5959999561309814,-0.350688636302948,0.32381394505500793,1.6330000162124634,-0.3276365101337433,0.3116950988769531,1.5980000495910645,-0.35959625244140625,0.5055264830589294,1.556999921798706
-0.24014084041118622,-0.008012642152607441,1.3654999732971191,-0.21788911521434784,-0.03200731426477432,1.3510000705718994,-0.24098393321037292,-0.038417477160692215,1.3454999923706055,-0.011190040037035942,0.11445143818855286,1.5230000019073486,-0.26389041543006897,0.05737084522843361,1.5145000219345093,-0.11717430502176285,0.37613463401794434,1.5540000200271606,-0.35598069429397583,0.3026459515094757,1.6330000162124634,-0.36618921160697937,0.23312616348266602,1.5744999647140503,-0.3651104271411896,0.4859670400619507,1.559000015258789
-0.24528241157531738,-0.010255157947540283,1.369499921798706,-0.21942658722400665,-0.03409513086080551,1.347000002861023,-0.24488842487335205,-0.04052220284938812,1.343000054359436,-0.025877241045236588,0.11883825063705444,1.5160000324249268,-0.2573752999305725,0.05263606086373329,1.5195000171661377,-0.1654634028673172,0.34374383091926575,1.4900000095367432,-0.33216652274131775,0.27883192896842957,1.6330000162124634,-0.3650263249874115,0.1815236210823059,1.5694999694824219,-0.3651104271411896,0.480914831161499,1.559000015258789
-0.25462260842323303,-0.01472007017582655,1.371999979019165,-0.2277335375547409,-0.03621039167046547,1.3445000648498535,-0.24924065172672272,-0.044874418526887894,1.343000054359436,-0.03310400992631912,0.11343692988157272,1.5095000267028809,-0.25983741879463196,0.050173964351415634,1.5195000171661377,-0.18849767744541168,0.314522385597229,1.4444999694824219,-0.32952049374580383,0.29735395312309265,1.6330000162124634,-0.3879144489765167,0.13320451974868774,1.5694999694824219,-0.3747926652431488,0.48437243700027466,1.5785000324249268
-0.25462260842323303,-0.01472007017582655,1.371999979019165,-0.2274794578552246,-0.03616999089717865,1.343000054359436,-0.24924065172672272,-0.044874418526887894,1.343000054359436,-0.033038217574357986,0.1132114827632904,1.506500005722046,-0.25983741879463196,0.050173964351415634,1.5195000171661377,-0.18582256138324738,0.3100587725639343,1.4240000247955322,-0.3268972635269165,0.294986754655838,1.6200000047683716,-0.385319322347641,0.13231338560581207,1.559000015258789,-0.37977880239486694,0.4908164143562317,1.5994999408721924
-0.2590688169002533,-0.01472007017582655,1.371999979019165,-0.23183171451091766,-0.03616999089717865,1.343000054359436,-0.25340408086776733,-0.04049202799797058,1.3420000076293945,-0.04028097912669182,0.11298603564500809,1.503499984741211,-0.2475268691778183,0.05509815365076065,1.5195000171661377,-0.21625350415706635,0.2883346378803253,1.3970000743865967,-0.3249802887439728,0.3193523585796356,1.6105000972747803,-0.38274550437927246,0.0981660783290863,1.5385000705718994,-0.38664698600769043,0.500773549079895,1.6064999103546143
-0.2679612636566162,-0.01694316603243351,1.371999979019165,-0.2429833859205246,-0.03621039167046547,1.3445000648498535,0,0,0,-0.04985934868454933,0.11503837257623672,1.4984999895095825,-0.25491321086883545,0.05756025016307831,1.5195000171661377,-0.23924748599529266,0.2716686427593231,1.3480000495910645,-0.31955772638320923,0.30683642625808716,1.5225000381469727,-0.38837766647338867,0.07242801785469055,1.5214999914169312,-0.3915519118309021,0.5089718103408813,1.6159999370574951
-0.27715641260147095,-0.019187215715646744,1.3734999895095825,-0.2541593611240387,-0.03843175247311592,1.3459999561309814,0,0,0,-0.06620901077985764,0.12113893032073975,1.4839999675750732,-0.25771406292915344,0.07242801785469055,1.5214999914169312,-0.24551980197429657,0.26218751072883606,1.3114999532699585,-0.2961418330669403,0.27344730496406555,1.378999948501587,-0.35506534576416016,0.05601295083761215,1.4179999828338623,-0.3912198543548584,0.5066962242126465,1.625499963760376
-0.2879692614078522,-0.019166260957717896,1.371999979019165,-0.2650642693042755,-0.04061271995306015,1.3459999561309814,0,0,0,-0.07518865168094635,0.1225028857588768,1.471500039100647,-0.25771406292915344,0.06996268779039383,1.5214999914169312,-0.25188955664634705,0.2726319134235382,1.3004999160766602,-0.2798207402229309,0.26259955763816833,1.3029999732971191,-0.32751667499542236,0.05200355872511864,1.316499948501587,-0.3935062885284424,0.5043590664863586,1.6349999904632568
-0.2968616783618927,-0.019166260957717896,1.371999979019165,-0.2734830975532532,-0.040567461401224136,1.3445000648498535,0,0,0,-0.08091473579406738,0.12506599724292755,1.446000099182129,-0.26017943024635315,0.07242801785469055,1.5214999914169312,-0.24956533312797546,0.27429190278053284,1.2885000705718994,-0.29015445709228516,0.25606900453567505,1.3020000457763672,-0.3283978998661041,0.06455645710229874,1.311500072479248,-0.3971247673034668,0.49497008323669434,1.6390000581741333
-0.3035310208797455,-0.019166260957717896,1.371999979019165,-0.28167256712913513,-0.04049202799797058,1.3420000076293945,0,0,0,-0.08722728490829468,0.12535515427589417,1.3970000743865967,-0.26264476776123047,0.07489335536956787,1.5214999914169312,-0.25701579451560974,0.2858169674873352,1.2839999198913574,-0.28934597969055176,0.27022111415863037,1.2890000343322754,-0.32540205121040344,0.07498113811016083,1.3079999685287476,-0.4007561504840851,0.5041646361351013,1.6430000066757202
-0.3102003335952759,-0.01472007017582655,1.371999979019165,-0.2896132469177246,-0.03604879602789879,1.3385000228881836,0,0,0,-0.09223467856645584,0.12741857767105103,1.3704999685287476,-0.26316264271736145,0.08245161175727844,1.5245000123977661,-0.2711564004421234,0.2895262837409973,1.281999945640564,-0.2907906472682953,0.2739129662513733,1.2769999504089355,-0.32727107405662537,0.07280603796243668,1.306999921798706,-0.3990631103515625,0.5027233958244324,1.6469999551773071
-0.31686967611312866,-0.010273878462612629,1.371999979019165,-0.29611971974372864,-0.031711168587207794,1.3385000228881836,0,0,0,-0.103224977850914,0.1317155957221985,1.36899995803833,-0.26563283801078796,0.08492181450128555,1.5245000123977661,-0.2898519039154053,0.29991263151168823,1.281999945640564,-0.3032056987285614,0.28012046217918396,1.2769999504089355,-0.3336244225502014,0.08127713203430176,1.306999921798706,0,0,0
-0.3346545398235321,-0.012496973387897015,1.371999979019165,-0.3107200860977173,-0.03381669893860817,1.3359999656677246,0,0,0,-0.12088260054588318,0.14048583805561066,1.3680000305175781,-0.2786221206188202,0.08264090865850449,1.527999997138977,-0.2919292151927948,0.3165307641029358,1.281999945640564,-0.31148239970207214,0.28218960762023926,1.2769999504089355,-0.34329161047935486,0.08739578723907471,1.3034999370574951,0,0,0
-0.33428868651390076,-0.012483310885727406,1.3704999685287476,-0.3107200860977173,-0.03381669893860817,1.3359999656677246,0,0,0,-0.120440773665905,0.13997235894203186,1.3629999160766602,-0.2786221206188202,0.08264090865850449,1.527999997138977,-0.2919292151927948,0.3165307641029358,1.281999945640564,-0.31148239970207214,0.28218960762023926,1.2769999504089355,-0.3422381579875946,0.08712760359048843,1.2994999885559082,0,0,0
-0.33811214566230774,-0.01024392619729042,1.3680000305175781,-0.3143421709537506,-0.031580861657857895,1.3329999446868896,0,0,0,-0.126693457365036,0.1417636126279831,1.3589999675750732,-0.28852564096450806,0.08264090865850449,1.527999997138977,-0.30854740738868713,0.31445348262786865,1.281999945640564,-0.32596665620803833,0.2780512869358063,1.2769999504089355,-0.34578290581703186,0.10167098045349121,1.2969999313354492,-0.44176235795021057,0.10775776207447052,1.6469999551773071
-0.34651508927345276,-0.005766098853200674,1.3575000762939453,-0.3247235417366028,-0.02704632468521595,1.3224999904632568,0,0,0,-0.13535206019878387,0.1482059359550476,1.3574999570846558,-0.2934774160385132,0.08511678129434586,1.527999997138977,-0.3127020001411438,0.3123762309551239,1.281999945640564,-0.33398160338401794,0.2674958407878876,1.2760000228881836,-0.3557414412498474,0.12249751389026642,1.2950000762939453,-0.46044325828552246,0.13444462418556213,1.6469999551773071
