-0.060756850987672806,0.13207794725894928,1.2280000448226929,-0.02972109615802765,0.10301707684993744,1.2620000839233398,-0.08738702535629272,0.09689171612262726,1.2109999656677246,0.08963149785995483,0.25334781408309937,1.3669999837875366,-0.20870523154735565,0.2701754570007324,1.3624999523162842,0.15896065533161163,0.5103183388710022,1.4760000705718994,-0.271260529756546,0.5150704383850098,1.4490000009536743,0,0,0,0,0,0
-0.05478750914335251,0.13406769931316376,1.2280000448226929,-0.02563135325908661,0.10506194084882736,1.2620000839233398,-0.08150032162666321,0.0988539382815361,1.2109999656677246,0.09838344901800156,0.2574949562549591,1.3654999732971191,-0.19510027766227722,0.26747605204582214,1.3599998950958252,0.15625081956386566,0.497347354888916,1.4730000495910645,-0.27830415964126587,0.519766092300415,1.4490000009536743,0,0,0,0,0,0
-0.048778414726257324,0.1319703757762909,1.2269999980926514,-0.01743803545832634,0.10497868806123734,1.2610000371932983,-0.07561362534761429,0.09689171612262726,1.2109999656677246,0.10723375529050827,0.259707510471344,1.3654999732971191,-0.19034244120121002,0.26698437333106995,1.3574999570846558,0.15609169006347656,0.5111467838287354,1.471500039100647,-0.27830415964126587,0.5150704383850098,1.4490000009536743,0,0,0,0,0,0
-0.04277903959155083,0.1298763006925583,1.2259999513626099,-0.011299313977360725,0.10285380482673645,1.2599999904632568,-0.06770873814821243,0.09485111385583878,1.2100000381469727,0.1138714924454689,0.259707510471344,1.3654999732971191,-0.1815439611673355,0.2647847831249237,1.3574999570846558,0.15545523166656494,0.5161864161491394,1.465499997138977,-0.27360841631889343,0.5009832382202148,1.4490000009536743,0,0,0,0,0,0
-0.036774374544620514,0.1297173947095871,1.2244999408721924,-0.0031303029973059893,0.10277217626571655,1.2589999437332153,-0.06368206441402435,0.09469432383775711,1.2079999446868896,0.12258698046207428,0.2594222128391266,1.3639999628067017,-0.17494511604309082,0.26038557291030884,1.3574999570846558,0.1588926464319229,0.5119597315788269,1.4535000324249268,-0.2698564827442169,0.4890472888946533,1.441499948501587,0,0,0,0,0,0
-0.02880261465907097,0.13154016435146332,1.2230000495910645,0.002986166626214981,0.10264972597360611,1.2574999332427979,-0.05573698878288269,0.09645166248083115,1.2055000066757202,0.12465989589691162,0.2569292187690735,1.3624999523162842,-0.16547352075576782,0.2549492418766022,1.3519999980926514,0.16727112233638763,0.5087896585464478,1.4444999694824219,-0.2678908407688141,0.47389158606529236,1.430999994277954,0,0,0,0,0,0
-0.020858831703662872,0.13143260776996613,1.222000002861023,0.011123203672468662,0.1045624390244484,1.25600004196167,-0.047923699021339417,0.09840497374534607,1.2055000066757202,0.13554908335208893,0.25885164737701416,1.3609999418258667,-0.15497715771198273,0.25130918622016907,1.3559999465942383,0.1717737317085266,0.5012468695640564,1.4429999589920044,-0.2626027464866638,0.4617146849632263,1.4149999618530273,0,0,0,0,0,0
-0.014894240535795689,0.13319429755210876,1.2200000286102295,0.019263803958892822,0.10659757256507874,1.25600004196167,-0.04011040925979614,0.09840497374534607,1.2055000066757202,0.1399596482515335,0.26105692982673645,1.3609999418258667,-0.146188423037529,0.24911201000213623,1.3559999465942383,0.18056151270866394,0.4973528981208801,1.438499927520752,-0.2551589608192444,0.4390938878059387,1.3869999647140503,0,0,0,0,0,0
-0.006986971013247967,0.13517111539840698,1.2200000286102295,0.02740440145134926,0.10659757256507874,1.25600004196167,-0.03229711949825287,0.09840497374534607,1.2055000066757202,0.1486714631319046,0.2630687355995178,1.3599998950958252,-0.13739968836307526,0.24911201000213623,1.3559999465942383,0.18425750732421875,0.497078537940979,1.430999994277954,-0.24634715914726257,0.41894081234931946,1.3509999513626099,0,0,0,0,0,0
0.0009195443708449602,0.13308511674404144,1.218999981880188,0.035488396883010864,0.10439592599868774,1.253999948501587,-0.024483829736709595,0.09840497374534607,1.2055000066757202,0.15296624600887299,0.2650773525238037,1.3589999675750732,-0.12851610779762268,0.24673275649547577,1.3550000190734863,0.18849892914295197,0.49140873551368713,1.4279999732971191,-0.24356921017169952,0.40413224697113037,1.3240000009536743,0,0,0,-0.38523221015930176,0.6253500580787659,1.6679999828338623
0.008820331655442715,0.13308511674404144,1.218999981880188,0.04345951974391937,0.1060459092259407,1.249500036239624,-0.016649797558784485,0.09828253090381622,1.2039999961853027,0.16379548609256744,0.26698437333106995,1.3574999570846558,-0.12147948890924454,0.24582228064537048,1.3499999046325684,0.19754658639431,0.49089255928993225,1.4264999628067017,-0.256633460521698,0.4223710298538208,1.3140000104904175,0,0,0,0,0,0
0.016693687066435814,0.132866770029068,1.2170000076293945,0.051454827189445496,0.10381317883729935,1.246999979019165,-0.008846229873597622,0.09828253090381622,1.2039999961853027,0.17020605504512787,0.26668936014175415,1.3559999465942383,-0.11000993847846985,0.24246177077293396,1.3434998989105225,0.20785772800445557,0.49715808033943176,1.4179999828338623,-0.258270263671875,0.4236924648284912,1.3114999532699585,0,0,0,0,0,0
0.024520915001630783,0.13450632989406586,1.2139999866485596,0.05737815797328949,0.10557911545038223,1.24399995803833,-0.002993554575368762,0.09828253090381622,1.2039999961853027,0.1788627952337265,0.27088379859924316,1.3550000190734863,-0.10328660160303116,0.24201060831546783,1.340999960899353,0.22394123673439026,0.49945569038391113,1.4179999828338623,-0.25140535831451416,0.4193311929702759,1.2979999780654907,0,0,0,0,0,0
0.03037208318710327,0.13624857366085052,1.2120000123977661,0.06729400902986526,0.10532451421022415,1.2410000562667847,0.004816005472093821,0.10035829246044159,1.2055000066757202,0.18729881942272186,0.2747670114040375,1.3524999618530273,-0.09665971994400024,0.2417398989200592,1.3394999504089355,0.24002474546432495,0.5040509700775146,1.4179999828338623,-0.23367424309253693,0.40154197812080383,1.281499981880188,0,0,0,0,0,0
0.03825904801487923,0.1343955397605896,1.2130000591278076,0.07332654297351837,0.10733534395694733,1.2410000562667847,0.010662687942385674,0.10023341327905655,1.2039999961853027,0.2026394009590149,0.28791600465774536,1.3524999618530273,-0.08987917751073837,0.24534595012664795,1.3355000019073486,0.2675964832305908,0.5201343894004822,1.4179999828338623,-0.2254914790391922,0.39449191093444824,1.2590000629425049,0,0,0,0,0,0
0.04411906376481056,0.13624857366085052,1.2120000123977661,0.07935908436775208,0.10733534395694733,1.2410000562667847,0.016535941511392593,0.10231159627437592,1.2055000066757202,0.20740510523319244,0.2862526476383209,1.3550000190734863,-0.08529501408338547,0.24461111426353455,1.3315000534057617,0.27613481879234314,0.5209408402442932,1.4264999628067017,-0.20441706478595734,0.37785300612449646,1.218500018119812,0,0,0,0,0,0
0.05197448283433914,0.1382124274969101,1.2120000123977661,0.08733203262090683,0.10925806313753128,1.2400000095367432,0.024349229410290718,0.10231159627437592,1.2055000066757202,0.21140547096729279,0.2835330069065094,1.3524999618530273,-0.0765211209654808,0.24630524218082428,1.3289999961853027,0.2946261465549469,0.5371206402778625,1.4264999628067017,-0.20122531056404114,0.3664700388908386,1.187999963760376,0,0,0,0,0,0
0.057770561426877975,0.13994495570659637,1.2100000381469727,0.09317146241664886,0.10903777927160263,1.2374999523162842,0.030209196731448174,0.10426490753889084,1.2055000066757202,0.2199273258447647,0.2832185626029968,1.3509999513626099,-0.06992902606725693,0.24584190547466278,1.3264999389648438,0.3034629821777344,0.5405094027519226,1.435499906539917,-0.18759992718696594,0.3510364890098572,1.1749999523162842,0,0,0,-0.4987469017505646,0.6253500580787659,1.6679999828338623
0.06354718655347824,0.13971363008022308,1.2079999446868896,0.10106950253248215,0.11090833693742752,1.2359999418258667,0.03806979954242706,0.10439464449882507,1.2070000171661377,0.22649458050727844,0.2832185626029968,1.3509999513626099,-0.0611003153026104,0.24491526186466217,1.3215000629425049,0.3159264028072357,0.5646146535873413,1.50600004196167,-0.18111422657966614,0.34575116634368896,1.1699999570846558,0,0,0,-0.46660342812538147,0.58504718542099,1.560499906539917
0.07122896611690521,0.13942448794841766,1.2055000066757202,0.10673120617866516,0.11054942011833191,1.2319999933242798,0.04583577811717987,0.10621821880340576,1.2055000066757202,0.2308727353811264,0.2854076027870178,1.3509999513626099,-0.050393909215927124,0.24491526186466217,1.3215000629425049,0.33880698680877686,0.5962945222854614,1.590499997138977,-0.16784363985061646,0.34006381034851074,1.1699999570846558,0,0,0,-0.39902740716934204,0.5024798512458801,1.3344999551773071
