0.6628080606460571,0.10100467503070831,1.2885000705718994,0.6896644234657288,0.08071503788232803,1.2649999856948853,0.6358693838119507,0.06510535627603531,1.2804999351501465,0.8023343086242676,0.3010441064834595,1.3329999446868896,0.5904098749160767,0.18871770799160004,1.4490000009536743,0.8603038787841797,0.5209258198738098,1.3954999446868896,0.428928405046463,0.21691448986530304,1.3204998970031738,0,0,0,0.2855207920074463,0.16754615306854248,1.0099999904632568
0.6523690223693848,0.09891688078641891,1.2885000705718994,0.679415762424469,0.0766156017780304,1.2649999856948853,0.6247625350952148,0.06088428571820259,1.2790000438690186,0.7850550413131714,0.30752381682395935,1.3329999446868896,0.5745688676834106,0.1818622201681137,1.4505000114440918,0.84673672914505,0.5209258198738098,1.3954999446868896,0.4033966362476349,0.211588516831398,1.313999891281128,0,0,0,0.2691501975059509,0.16036956012248993,0.9860000014305115
0.6419299244880676,0.09474128484725952,1.2885000705718994,0.6696250438690186,0.07438904047012329,1.2619999647140503,0.6155087947845459,0.05665075033903122,1.2769999504089355,0.762596845626831,0.3050203323364258,1.3315000534057617,0.5622353553771973,0.17932628095149994,1.4490000009536743,0.8286471962928772,0.5141423344612122,1.3954999446868896,0.39262625575065613,0.20191296935081482,1.30649995803833,0,0,0,0.25545892119407654,0.15502434968948364,0.9824999570846558
0.6294030547142029,0.08847788721323013,1.2885000705718994,0.6539700627326965,0.07197157293558121,1.2554999589920044,0.6030304431915283,0.05232737585902214,1.2725000381469727,0.7460909485816956,0.2979873716831207,1.3289999961853027,0.5481480956077576,0.1746305525302887,1.4490000009536743,0.8082965612411499,0.5141423344612122,1.3954999446868896,0.37890660762786865,0.19503818452358246,1.3029999732971191,0,0,0,0.2482036054134369,0.15447211265563965,0.9789999723434448
0.6184836030006409,0.08840921521186829,1.287500023841858,0.6435178518295288,0.06968657672405243,1.250999927520752,0.5915564894676208,0.05016674846410751,1.2699999809265137,0.7261212468147278,0.29901155829429626,1.3240000009536743,0.5270171761512756,0.16993483901023865,1.4490000009536743,0.790207028388977,0.5164034962654114,1.3954999446868896,0.37017711997032166,0.19066917896270752,1.3020000457763672,0,0,0,0.2408701777458191,0.15384097397327423,0.9750000238418579
0.6043192148208618,0.09024939686059952,1.284000039100647,0.6280708909034729,0.07157029956579208,1.2484999895095825,0.5787534713745117,0.05012724921107292,1.2690000534057617,0.7076199650764465,0.3048707842826843,1.3215000629425049,0.5100535154342651,0.16741347312927246,1.4474999904632568,0.7789011001586914,0.5118811726570129,1.3954999446868896,0.34997615218162537,0.192112535238266,1.2975000143051147,0,0,0,0.22961123287677765,0.15579292178153992,0.9674999713897705
0.5876886248588562,0.09200631082057953,1.2795000076293945,0.6132195591926575,0.07528316229581833,1.2430000305175781,0.5664162039756775,0.05218345299363136,1.2690000534057617,0.6961224675178528,0.31094124913215637,1.3200000524520874,0.4954668879508972,0.17192599177360535,1.4459999799728394,0.7608115673065186,0.5186646580696106,1.3954999446868896,0.32768455147743225,0.19556079804897308,1.2925000190734863,0,0,0,0.2124951183795929,0.15980225801467896,0.9539999961853027
0.5725517272949219,0.09570184350013733,1.2734999656677246,0.5971929430961609,0.07905606925487518,1.2389999628067017,0.5496301054954529,0.05605185776948929,1.2634999752044678,0.6819953322410583,0.3060827851295471,1.317500114440918,0.4795627295970917,0.1721043437719345,1.4474999904632568,0.7442994117736816,0.5233772993087769,1.3899999856948853,0.3063856363296509,0.2057930827140808,1.2910000085830688,0,0,0,0.20261968672275543,0.16730473935604095,0.9440000057220459
0.554952085018158,0.0975734144449234,1.2709999084472656,0.5811321139335632,0.08106367290019989,1.2389999628067017,0.5333924889564514,0.05789222568273544,1.2589999437332153,0.6674087047576904,0.3031405210494995,1.3140000104904175,0.46783551573753357,0.1721043437719345,1.4474999904632568,0,0,0,0.2791914641857147,0.2204360067844391,1.2910000085830688,0,0,0,0.18416686356067657,0.18250395357608795,0.9435000419616699
0.5396853685379028,0.09741988778114319,1.2690000534057617,0.5670788884162903,0.07905606925487518,1.2389999628067017,0.5164563655853271,0.05986081436276436,1.2574999332427979,0.6555135250091553,0.2940635085105896,1.3114999532699585,0.4490719139575958,0.17914064228534698,1.4474999904632568,0.7087578177452087,0.5127134919166565,1.3734999895095825,0.2666402757167816,0.2308952659368515,1.2910000085830688,0,0,0,0.1765419840812683,0.1961147040128708,0.9355000257492065
0.5232356786727905,0.09741988778114319,1.2690000534057617,0.5530256628990173,0.07905606925487518,1.2389999628067017,0.4995591342449188,0.05978941544890404,1.25600004196167,0.6491382718086243,0.289813369512558,1.3114999532699585,0.4349992573261261,0.17679519951343536,1.4474999904632568,0.6921135783195496,0.512502133846283,1.3669999837875366,0.26174503564834595,0.23444165289402008,1.287500023841858,0,0,0,0.16856519877910614,0.19840992987155914,0.9249999523162842
0.5088421702384949,0.09741988778114319,1.2690000534057617,0.5369648337364197,0.07704848051071167,1.2389999628067017,0.482893168926239,0.05770829692482948,1.2549999952316284,0.638512909412384,0.28768831491470337,1.3114999532699585,0.4228334128856659,0.17426899075508118,1.4459999799728394,0.6802912354469299,0.5053020715713501,1.3654999732971191,0.24426238238811493,0.2399577647447586,1.2725000381469727,0,0,0,0.16652454435825348,0.20374223589897156,0.921999990940094
0.4923924505710602,0.09536367654800415,1.2690000534057617,0.520904004573822,0.07303330302238464,1.2389999628067017,0.466624915599823,0.05974180996417999,1.2549999952316284,0.627887487411499,0.2706877887248993,1.3114999532699585,0.4134613275527954,0.17192599177360535,1.4459999799728394,0.6765888929367065,0.4931533932685852,1.3624999523162842,0.27312877774238586,0.2090296894311905,1.2725000381469727,0,0,0,0.16652454435825348,0.18730881810188293,0.921999990940094
0.4779989421367645,0.0933074802160263,1.2690000534057617,0.5048431754112244,0.07102571427822113,1.2389999628067017,0.450356662273407,0.055674780160188675,1.2549999952316284,0.6087617874145508,0.2664376497268677,1.3114999532699585,0.3966483771800995,0.17642877995967865,1.4444999694824219,0.6589608788490295,0.4898958206176758,1.3534998893737793,0.25952795147895813,0.21420054137706757,1.2664999961853027,0,0,0,0.16054873168468475,0.1902967244386673,0.921999990940094
0.4615492522716522,0.0933074802160263,1.2690000534057617,0.4909520745277405,0.06932449340820312,1.244499921798706,0.43408843874931335,0.055674780160188675,1.2549999952316284,0.5988205075263977,0.26248741149902344,1.312999963760376,0.3826048672199249,0.17876935005187988,1.4444999694824219,0.6341113448143005,0.48369166254997253,1.3244999647140503,0.24594619870185852,0.21718443930149078,1.2599999904632568,0,0,0,0.15457291901111603,0.19328461587429047,0.921999990940094
0.4458009898662567,0.09139508754014969,1.2709999084472656,0.47729992866516113,0.06765953451395035,1.250999927520752,0.41985374689102173,0.05364126339554787,1.2549999952316284,0.5822435617446899,0.26055818796157837,1.3140000104904175,0.36584046483039856,0.18092186748981476,1.4429999589920044,0.6090396642684937,0.46788477897644043,1.2985000610351562,0.23555094003677368,0.22109204530715942,1.2589999437332153,0,0,0,0.1500910520553589,0.19627250730991364,0.921999990940094
0.43016985058784485,0.09157486259937286,1.2734999656677246,0.46182072162628174,0.06776770949363708,1.253000020980835,0.40235185623168945,0.055785682052373886,1.2574999332427979,0.5667160749435425,0.256982684135437,1.317500114440918,0.3377826511859894,0.18559813499450684,1.4429999589920044,0.5911077260971069,0.45699185132980347,1.2915000915527344,0.2247244119644165,0.23064906895160675,1.2554999589920044,0,0,0,0.15130536258220673,0.21077029407024384,0.968000054359436
0.41447383165359497,0.09175463765859604,1.2760000228881836,0.4451410472393036,0.0680110827088356,1.2574999332427979,0.38712576031684875,0.05389771983027458,1.2610000371932983,0.5513063669204712,0.25348034501075745,1.3215000629425049,0.3114141821861267,0.1875455528497696,1.440000057220459,0.566869854927063,0.458499014377594,1.284000039100647,0.20637433230876923,0.23238083720207214,1.2430000305175781,0,0,0,0.1486373394727707,0.2257152944803238,1.0140000581741333
0.3972618877887726,0.09207821637392044,1.2804999351501465,0.42799076437950134,0.06820038706064224,1.2610000371932983,0.3693213164806366,0.056029677391052246,1.2630000114440918,0.5357930064201355,0.2520998418331146,1.3255000114440918,0.29881101846694946,0.18695947527885437,1.4355000257492065,0.5390474200248718,0.4464457631111145,1.2675000429153442,0.19428984820842743,0.2343948930501938,1.2430000305175781,0,0,0,0.14118385314941406,0.22859151661396027,1.0195000171661377
0.37962308526039124,0.09441040456295013,1.284000039100647,0.41138800978660583,0.07055000215768814,1.2664999961853027,0.35187527537345886,0.05823709815740585,1.2664999961853027,0.5162553787231445,0.2552066147327423,1.3304998874664307,0.2726539671421051,0.19585326313972473,1.4325000047683716,0.5160200595855713,0.4408101439476013,1.2515000104904175,0.1764570027589798,0.24409979581832886,1.2309999465942383,0,0,0,0.13236668705940247,0.2404915690422058,1.027999997138977
