-0.8804888725280762,0.005503940396010876,2.4639999866485596,-0.839594841003418,-0.026157092303037643,2.437999963760376,-0.8929903507232666,-0.02965054102241993,2.4010000228881836,-0.8107972145080566,0.1414954960346222,2.697000026702881,-1.082735300064087,0.1448030322790146,2.5260000228881836,-0.7198818922042847,0.4116585850715637,2.5310001373291016,-1.1022166013717651,0.4145325720310211,2.4509999752044678,-0.8239256143569946,0.5829641819000244,2.3924999237060547,-1.041019082069397,0.5868408679962158,2.3924999237060547
-0.8804888725280762,0.005503940396010876,2.4639999866485596,-0.839594841003418,-0.026157092303037643,2.437999963760376,-0.8915026783943176,-0.029601143673062325,2.3970000743865967,-0.8123003244400024,0.1417578160762787,2.7019999027252197,-1.082735300064087,0.1448030322790146,2.5260000228881836,-0.7183260321617126,0.4172380268573761,2.5399999618530273,-1.1040153503417969,0.4152090847492218,2.4549999237060547,-0.8209984302520752,0.5808930993080139,2.384000062942505,-1.0448956489562988,0.5829641819000244,2.3924999237060547
-0.8804888725280762,0.005503940396010876,2.4639999866485596,-0.839594841003418,-0.026157092303037643,2.437999963760376,-0.8953866362571716,-0.029601143673062325,2.3970000743865967,-0.8123003244400024,0.1417578160762787,2.7019999027252197,-1.082735300064087,0.1448030322790146,2.5260000228881836,-0.7224416732788086,0.4172380268573761,2.5399999618530273,-1.1040153503417969,0.4152090847492218,2.4549999237060547,-0.8209984302520752,0.5808930993080139,2.384000062942505,-1.041019082069397,0.5829641819000244,2.3924999237060547
-0.8804888725280762,0.005503940396010876,2.4639999866485596,-0.839594841003418,-0.026157092303037643,2.437999963760376,-0.8915026783943176,-0.029601143673062325,2.3970000743865967,-0.8123003244400024,0.1417578160762787,2.7019999027252197,-1.082735300064087,0.1448030322790146,2.5260000228881836,-0.7157808542251587,0.4157596528530121,2.5310001373291016,-1.1040153503417969,0.4112311601638794,2.4549999237060547,-0.8209984302520752,0.5808930993080139,2.384000062942505,-1.041019082069397,0.5829641819000244,2.3924999237060547
-0.8804888725280762,0.005503940396010876,2.4639999866485596,-0.839594841003418,-0.026157092303037643,2.437999963760376,-0.8953866362571716,-0.029601143673062325,2.3970000743865967,-0.8107972145080566,0.1414954960346222,2.697000026702881,-1.0848785638809204,0.14508965611457825,2.5310001373291016,-0.7184597253799438,0.4149383008480072,2.5260000228881836,-1.1040153503417969,0.4152090847492218,2.4549999237060547,-0.8209984302520752,0.5808930993080139,2.384000062942505,-1.0448956489562988,0.5829641819000244,2.3924999237060547
-0.8804888725280762,0.005503940396010876,2.4639999866485596,-0.8382173776626587,-0.026114176958799362,2.434000015258789,-0.8953866362571716,-0.029601143673062325,2.3970000743865967,-0.8107972145080566,0.1414954960346222,2.697000026702881,-1.082735300064087,0.1448030322790146,2.5260000228881836,-0.7184597253799438,0.4149383008480072,2.5260000228881836,-1.1022166013717651,0.41056114435195923,2.4509999752044678,-0.8209984302520752,0.5808930993080139,2.384000062942505,-1.0448956489562988,0.5829641819000244,2.3924999237060547
-0.8804888725280762,0.005503940396010876,2.4639999866485596,-0.839594841003418,-0.026157092303037643,2.437999963760376,-0.8953866362571716,-0.029601143673062325,2.3970000743865967,-0.8107972145080566,0.1414954960346222,2.697000026702881,-1.088979721069336,0.14508965611457825,2.5310001373291016,-0.7198818922042847,0.4157596528530121,2.5310001373291016,-1.1040153503417969,0.4112311601638794,2.4549999237060547,-0.8182433843612671,0.5789437890052795,2.375999927520752,-1.04471755027771,0.5850353837013245,2.4010000228881836
-0.8804888725280762,0.005503940396010876,2.4639999866485596,-0.842161238193512,-0.026114176958799362,2.434000015258789,-0.8953866362571716,-0.029601143673062325,2.3970000743865967,-0.8092940449714661,0.1412331759929657,2.691999912261963,-1.082735300064087,0.1448030322790146,2.5260000228881836,-0.7238638401031494,0.418059378862381,2.5450000762939453,-1.1022166013717651,0.41056114435195923,2.4509999752044678,-0.8196209669113159,0.5760620832443237,2.380000114440918,-1.0486079454421997,0.5811449885368347,2.4010000228881836
-0.8804888725280762,0.005503940396010876,2.4639999866485596,-0.839594841003418,-0.026157092303037643,2.437999963760376,-0.8915026783943176,-0.02571720816195011,2.3970000743865967,-0.8107972145080566,0.1414954960346222,2.697000026702881,-1.082735300064087,0.1448030322790146,2.5260000228881836,-0.7267004251480103,0.4214366674423218,2.5405001640319824,-1.1004178524017334,0.4098910987377167,2.447000026702881,-0.8223759531974792,0.5779983997344971,2.388000011444092,-1.04471755027771,0.5850353837013245,2.4010000228881836
-0.8804888725280762,0.005503940396010876,2.4639999866485596,-0.839594841003418,-0.026157092303037643,2.437999963760376,-0.8953866362571716,-0.029601143673062325,2.3970000743865967,-0.8107972145080566,0.1414954960346222,2.697000026702881,-1.082735300064087,0.1448030322790146,2.5260000228881836,-0.7251437306404114,0.418798565864563,2.549499988555908,-1.1004178524017334,0.4138560891151428,2.447000026702881,-0.8196209669113159,0.5799184441566467,2.380000114440918,-1.04471755027771,0.5850353837013245,2.4010000228881836
-0.8804888725280762,0.005503940396010876,2.4639999866485596,-0.8435451984405518,-0.026157092303037643,2.437999963760376,-0.8953866362571716,-0.029601143673062325,2.3970000743865967,-0.8107972145080566,0.1414954960346222,2.697000026702881,-1.082735300064087,0.1448030322790146,2.5260000228881836,-0.7251437306404114,0.418798565864563,2.549499988555908,-1.1004178524017334,0.4138560891151428,2.447000026702881,-0.8154883980751038,0.5769944787025452,2.368000030517578,-1.0392787456512451,0.5858597755432129,2.388500213623047
-0.8804888725280762,0.005503940396010876,2.4639999866485596,-0.8435451984405518,-0.026157092303037643,2.437999963760376,-0.8968808054924011,-0.02965054102241993,2.4010000228881836,-0.8107972145080566,0.13712546229362488,2.697000026702881,-1.082735300064087,0.1448030322790146,2.5260000228881836,-0.7225839495658875,0.417320191860199,2.5405001640319824,-1.1004178524017334,0.4138560891151428,2.447000026702881,-0.8196209669113159,0.5760620832443237,2.380000114440918,-1.0354084968566895,0.5858597755432129,2.388500213623047
-0.8804888725280762,0.005503940396010876,2.4639999866485596,-0.8435451984405518,-0.026157092303037643,2.437999963760376,-0.8968808054924011,-0.02965054102241993,2.4010000228881836,-0.8123003244400024,0.1417578160762787,2.7019999027252197,-1.082735300064087,0.1448030322790146,2.5260000228881836,-0.7225839495658875,0.417320191860199,2.5405001640319824,-1.1043827533721924,0.4059261679649353,2.447000026702881,-0.8196209669113159,0.5760620832443237,2.380000114440918,-1.0392787456512451,0.5781194567680359,2.388500213623047
-0.8804888725280762,0.005503940396010876,2.4639999866485596,-0.8435451984405518,-0.026157092303037643,2.437999963760376,-0.8968808054924011,-0.02965054102241993,2.4010000228881836,-0.8123003244400024,0.1417578160762787,2.7019999027252197,-1.0808064937591553,0.1445450782775879,2.5215001106262207,-0.7186019420623779,0.4150204360485077,2.5264999866485596,-1.1004178524017334,0.4098910987377167,2.447000026702881,-0.8223759531974792,0.5779983997344971,2.388000011444092,-1.0355801582336426,0.5799184441566467,2.380000114440918
-0.8804888725280762,0.005503940396010876,2.4639999866485596,-0.842161238193512,-0.026114176958799362,2.434000015258789,-0.8929903507232666,-0.02965054102241993,2.4010000228881836,-0.8123003244400024,0.1417578160762787,2.7019999027252197,-1.0808064937591553,0.1445450782775879,2.5215001106262207,-0.7251437306404114,0.418798565864563,2.549499988555908,-1.1004178524017334,0.4138560891151428,2.447000026702881,-0.8196209669113159,0.5799184441566467,2.380000114440918,-1.0354084968566895,0.5858597755432129,2.388500213623047
-0.8804888725280762,0.005503940396010876,2.4639999866485596,-0.842161238193512,-0.026114176958799362,2.434000015258789,-0.8983749747276306,-0.029699936509132385,2.4049999713897705,-0.8123003244400024,0.1417578160762787,2.7019999027252197,-1.078877568244934,0.144287109375,2.5169999599456787,-0.7251437306404114,0.418798565864563,2.549499988555908,-1.1004178524017334,0.4138560891151428,2.447000026702881,-0.8196209669113159,0.5799184441566467,2.380000114440918,-1.0392787456512451,0.5819896459579468,2.388500213623047
-0.8804888725280762,0.005503940396010876,2.4639999866485596,-0.8382173776626587,-0.026114176958799362,2.434000015258789,-0.8944780230522156,-0.029699936509132385,2.4049999713897705,-0.8107972145080566,0.1414954960346222,2.697000026702881,-1.078877568244934,0.144287109375,2.5169999599456787,-0.7198818922042847,0.4157596528530121,2.5310001373291016,-1.1043827533721924,0.4138560891151428,2.447000026702881,-0.8253031969070435,0.5800557732582092,2.3965001106262207,-1.033457636833191,0.5847559571266174,2.384000062942505
-0.8804888725280762,0.005503940396010876,2.4639999866485596,-0.839594841003418,-0.026157092303037643,2.437999963760376,-0.8944780230522156,-0.029699936509132385,2.4049999713897705,-0.8123003244400024,0.13737967610359192,2.7019999027252197,-1.078877568244934,0.144287109375,2.5169999599456787,-0.7198818922042847,0.4157596528530121,2.5310001373291016,-1.1004178524017334,0.4138560891151428,2.447000026702881,-0.8250342607498169,0.5810149312019348,2.384500026702881,-1.0317237377166748,0.5837748646736145,2.380000114440918
-0.8804888725280762,0.005503940396010876,2.4639999866485596,-0.839594841003418,-0.030107460916042328,2.437999963760376,-0.8951998949050903,-0.029594969004392624,2.3965001106262207,-0.8107972145080566,0.1414954960346222,2.697000026702881,-1.078877568244934,0.144287109375,2.5169999599456787,-0.7211617827415466,0.4164988398551941,2.5355000495910645,-1.108347773551941,0.4138560891151428,2.447000026702881,-0.8179413080215454,0.576019823551178,2.364000082015991,-1.0320992469787598,0.5779691934585571,2.372000217437744
-0.8804888725280762,0.005503940396010876,2.4639999866485596,-0.8382173776626587,-0.030058065429329872,2.434000015258789,-0.8905305862426758,-0.029440604150295258,2.384000062942505,-0.8139538168907166,0.14204637706279755,2.7074999809265137,-1.0808064937591553,0.1445450782775879,2.5215001106262207,-0.7199782729148865,0.41753828525543213,2.5169999599456787,-1.1004178524017334,0.4138560891151428,2.447000026702881,-0.8141108751296997,0.576019823551178,2.364000082015991,-1.0320992469787598,0.5779691934585571,2.372000217437744
