0,0,0,0,0,0,0,0,0,-0.13721422851085663,-0.12515711784362793,1.9014999866485596,-0.013857134617865086,-0.08135365694761276,1.8860000371932983,0,0,0,0.03682180866599083,0.17463667690753937,1.9819999933242798,0,0,0,0.2668057978153229,0.6746421456336975,3.877500057220459
0,0,0,0,0,0,0,0,0,-0.15205512940883636,-0.12413045763969421,1.933500051498413,-0.010829804465174675,-0.08769743144512177,1.8910000324249268,0,0,0,0.033907048404216766,0.1729387640953064,1.999500036239624,0,0,0,0.2315061390399933,0.6573276519775391,3.813499927520752
0,0,0,0,0,0,0,0,0,-0.15571199357509613,-0.12711574137210846,1.9800000190734863,-0.010935754515230656,-0.08855538815259933,1.909500002861023,0,0,0,0.03420380875468254,0.17445234954357147,2.0169999599456787,0,0,0,0.2315061390399933,0.6573276519775391,3.813499927520752
0,0,0,0,0,0,0,0,0,-0.16659118235111237,-0.13391120731830597,2.0345001220703125,-0.011041704565286636,-0.09566134214401245,1.9279999732971191,0,0,0,0.02439911849796772,0.1581113040447235,2.0169999599456787,0,0,0,0.1969016045331955,0.6269809603691101,3.743000030517578
0,0,0,0,0,0,0,0,0,-0.17701490223407745,-0.1436120718717575,2.0794999599456787,-0.011119019240140915,-0.10262291878461838,1.941499948501587,0,0,0,0.02116231806576252,0.1452541947364807,2.0199999809265137,0,0,0,0.16390669345855713,0.6049951910972595,3.683000087738037
0,0,0,0,0,0,0,0,0,-0.18851818144321442,-0.14468252658843994,2.0950000286102295,-0.014382471330463886,-0.10664044320583344,1.9574999809265137,0,0,0,0.017915796488523483,0.14546991884708405,2.0230000019073486,0,0,0,0.14562691748142242,0.5915300846099854,3.6735000610351562
0,0,0,0,0,0,0,0,0,-0.1959133893251419,-0.1485365480184555,2.1015000343322754,-0.014400839805603027,-0.10995249450206757,1.9600000381469727,-0.16141216456890106,0.041903045028448105,1.9329999685287476,0.011359892785549164,0.1356361210346222,2.0230000019073486,0,0,0,0.12118755280971527,0.5707060694694519,3.6545000076293945
0,0,0,0,0,0,0,0,0,-0.20021957159042358,-0.15604904294013977,2.1110000610351562,-0.011242151260375977,-0.116482213139534,1.9630000591278076,-0.2024434357881546,0.038831114768981934,1.9359999895095825,0.00809192843735218,0.122675821185112,2.0255000591278076,0,0,0,0.09731927514076233,0.4618498384952545,3.0855000019073486
0,0,0,0,0,0,0,0,0,-0.20083607733249664,-0.15652954578399658,2.117500066757202,-0.011273648589849472,-0.11680857092142105,1.9684998989105225,-0.2032799869775772,0.038991574198007584,1.944000005722046,0.00816184189170599,0.12373572587966919,2.0430002212524414,0,0,0,0.0789782777428627,0.3748086392879486,2.504000186920166
0,0,0,0,0,0,0,0,0,-0.21177738904953003,-0.1570100337266922,2.124000072479248,-0.014628607779741287,-0.12136977165937424,1.9909999370574951,-0.21360525488853455,0.029663369059562683,1.9520000219345093,0.008259719237685204,0.1151694729924202,2.067500114440918,0,0,0,0.07732237875461578,0.34311673045158386,2.4514999389648438
0,0,0,0,0,0,0,0,0,-0.21932975947856903,-0.1609426587820053,2.130500078201294,-0.01481963973492384,-0.12949113547801971,2.0169999599456787,-0.22888830304145813,0.03087148442864418,2.0315001010894775,0.011767006479203701,0.10993838310241699,2.0954999923706055,0,0,0,0.08056510239839554,0.3242912292480469,2.429500102996826
0,0,0,0,0,0,0,0,0,-0.22692427039146423,-0.16489632427692413,2.13700008392334,-0.02147786319255829,-0.13351628184318542,2.0285000801086426,-0.25198566913604736,0.02563309483230114,2.1440000534057617,0.011927044950425625,0.09766727685928345,2.124000072479248,0,0,0,0.08843833953142166,0.30067163705825806,2.429500102996826
0,0,0,0,0,0,0,0,0,-0.23108768463134766,-0.16539788246154785,2.1435000896453857,-0.02156786061823368,-0.1373763531446457,2.0369999408721924,-0.25268441438674927,0.02959582582116127,2.180000066757202,0.018898818641901016,0.08775373548269272,2.134000062942505,0,0,0,0.08843833953142166,0.284925252199173,2.429500102996826
0,0,0,0,0,0,0,0,0,-0.24064376950263977,-0.17072245478630066,2.1670000553131104,-0.021726682782173157,-0.14171290397644043,2.052000045776367,-0.25621676445007324,0.02959582582116127,2.180000066757202,0.022492822259664536,0.08133061230182648,2.1470000743865967,0,0,0,0.09237497299909592,0.2691788673400879,2.429500102996826
0,0,0,0,0,0,0,0,0,-0.250352144241333,-0.17257384955883026,2.190500020980835,-0.02543008327484131,-0.1438537836074829,2.0829999446868896,-0.27121424674987793,0.02260352298617363,2.187000036239624,0.026207583025097847,0.07855883985757828,2.1665000915527344,0,0,0,0.09237497299909592,0.26130566000938416,2.429500102996826
0,0,0,0,0,0,0,0,0,-0.2574508488178253,-0.17612320184707642,2.190500020980835,-0.025778023526072502,-0.14924335479736328,2.1115000247955322,-0.2814193367958069,0.030023472383618355,2.2115001678466797,0.026286210864782333,0.0752735584974289,2.1730000972747803,-0.1816246658563614,0.1286499947309494,2.309499979019165,0.09734229743480682,0.2601234018802643,2.4555001258850098
0,0,0,0,0,0,0,0,0,-0.2693840265274048,-0.17696742713451385,2.2009999752044678,-0.0294206365942955,-0.15726876258850098,2.127500057220459,-0.28409162163734436,0.03754334896802902,2.2325000762939453,0.029951246455311775,0.06856128573417664,2.183500051498413,0,0,0,0.09665246307849884,0.26104897260665894,2.5420000553131104
0,0,0,0,0,0,0,0,0,-0.2778359353542328,-0.181395024061203,2.2114999294281006,-0.026089338585734367,-0.16143368184566498,2.13700008392334,-0.2958686649799347,0.0412897989153862,2.239500045776367,0.030335325747728348,0.06944048404693604,2.2115001678466797,-0.18536685407161713,0.1361343115568161,2.309499979019165,0.10041666775941849,0.26693642139434814,2.6410000324249268
0,0,0,0,0,0,0,0,0,-0.28275546431541443,-0.17865590751171112,2.2220001220703125,-0.02964189648628235,-0.16539788246154785,2.1435000896453857,-0.3009015917778015,0.04148338735103607,2.25,0.030822282657027245,0.06691428273916245,2.247000217437744,-0.1928512156009674,0.13987646996974945,2.309499979019165,0.12680408358573914,0.32627415657043457,3.3350000381469727
0,0,0,0,0,0,0,0,0,-0.28364625573158264,-0.17921872437000275,2.2290000915527344,-0.029731784015893936,-0.16589944064617157,2.1500000953674316,-0.3018377423286438,0.041612446308135986,2.256999969482422,0.03111719898879528,0.0675545409321785,2.2685000896453857,-0.19159865379333496,0.13896797597408295,2.2944998741149902,0.15205083787441254,0.39123547077178955,3.999000072479248
