0.31464502215385437,-0.10650263726711273,2.1465001106262207,0.46343833208084106,-0.1931493878364563,2.934499979019165,0.2418782263994217,-0.12364324927330017,1.878499984741211,0.3562719225883484,0.004570236429572105,2.0460000038146973,0.1111111268401146,0.057578444480895996,1.933500051498413,0.45233505964279175,0.2414788156747818,2.2795000076293945,0.05039460211992264,0.3075313866138458,2.010999917984009,0.743299663066864,0.6667304635047913,3.131999969482422,0.011609776876866817,0.5540242195129395,2.067500114440918
0.28456586599349976,-0.09421723335981369,1.9630000591278076,0.45072516798973083,-0.18322643637657166,2.8540000915527344,0.24252204596996307,-0.12092046439647675,1.883500099182129,0.3527175188064575,-0.0020782870706170797,2.064000129699707,0.10557730495929718,0.05167089402675629,1.9470000267028809,0.4340096414089203,0.23219189047813416,2.261000156402588,0.044128503650426865,0.30601292848587036,2.0225000381469727,0.7382247447967529,0.6515058279037476,3.131999969482422,0.004932221490889788,0.5431081652641296,2.0769999027252197
0.29092735052108765,-0.09103651344776154,1.9630000591278076,0.4553496241569519,-0.17860199511051178,2.8540000915527344,0.24928587675094604,-0.11818145215511322,1.8884999752044678,0.3476213812828064,-0.008807369507849216,2.073499917984009,0.09663122147321701,0.0487777478992939,1.9574999809265137,0.4303460419178009,0.22486475110054016,2.261000156402588,0.04108364135026932,0.30116137862205505,2.0339999198913574,0.7280749678611755,0.6413560509681702,3.131999969482422,0.0015667708357796073,0.5296464562416077,2.0769999027252197
0.2941080629825592,-0.08785580843687057,1.9630000591278076,0.4553496241569519,-0.1739775836467743,2.8540000915527344,0.25608211755752563,-0.11849435418844223,1.8935000896453857,0.34484270215034485,-0.005456806160509586,2.0769999027252197,0.09054125845432281,0.04891480132937431,1.9630000591278076,0.4230188727378845,0.22486475110054016,2.261000156402588,0.04120483249425888,0.30204975605010986,2.0399999618530273,0.7179251313209534,0.6362811326980591,3.131999969482422,0.0049393451772630215,0.5236709117889404,2.0799999237060547
0.3004695475101471,-0.08785580843687057,1.9630000591278076,0.45997411012649536,-0.1693531572818756,2.8540000915527344,0.2625645697116852,-0.11250650882720947,1.8960000276565552,0.3419704735279083,-0.008834979496896267,2.0799999237060547,0.09079493582248688,0.04586222767829895,1.9684998989105225,0.42722848057746887,0.22710245847702026,2.2835001945495605,0.0381222739815712,0.30382654070854187,2.052000045776367,0.6876628994941711,0.6182003617286682,3.0429999828338623,0.008333627134561539,0.5218015313148499,2.0859999656677246
0.30365025997161865,-0.08467509597539902,1.9630000591278076,0.4692229926586151,-0.1693531572818756,2.8540000915527344,0.2691340744495392,-0.11268451809883118,1.8989999294281006,0.3463369607925415,-0.005480451975017786,2.0859999656677246,0.08785006403923035,0.042791832238435745,1.9739999771118164,0.42352840304374695,0.22340242564678192,2.2835001945495605,0.04168959707021713,0.2989146113395691,2.064000129699707,0.6681487560272217,0.6049953699111938,2.9780001640319824,0.01513710804283619,0.5233023762702942,2.0920000076293945
0.3182239532470703,-0.08365316689014435,2.0149998664855957,0.4702094495296478,-0.16507503390312195,2.8600001335144043,0.27572301030158997,-0.10669879615306854,1.9019999504089355,0.34683504700660706,-0.008873207494616508,2.0889999866485596,0.08822835236787796,0.04618840292096138,1.9825000762939453,0.43143805861473083,0.22934015095233917,2.305999994277954,0.04188147932291031,0.3036501407623291,2.073499917984009,0.6098513007164001,0.5737078189849854,2.757999897003174,0.0253426656126976,0.5206581950187683,2.0950000286102295
0.3409513533115387,-0.08782545477151871,2.115499973297119,0.49926045536994934,-0.17188581824302673,2.9779999256134033,0.28262782096862793,-0.10388930886983871,1.906999945640564,0.3502199649810791,-0.008873207494616508,2.0889999866485596,0.08860662579536438,0.04638643190264702,1.9909999370574951,0.43809959292411804,0.23088166117668152,2.321499824523926,0.04544853791594505,0.3050413727760315,2.0829999446868896,0.5536900758743286,0.5288074016571045,2.5225000381469727,0.032131899148225784,0.5274474024772644,2.0950000286102295
0.3758387267589569,-0.09119971841573715,2.2860000133514404,0.5089111924171448,-0.1670604646205902,2.9779999256134033,0.2923668324947357,-0.10516954213380814,1.9305000305175781,0.3502199649810791,-0.008873207494616508,2.0889999866485596,0.09208641201257706,0.04651457443833351,1.996500015258789,0.43809959292411804,0.23088166117668152,2.321499824523926,0.05234924331307411,0.3059200346469879,2.0889999866485596,0.5507268309593201,0.5259773135185242,2.509000062942505,0.04948000982403755,0.534896194934845,2.1110000610351562
0.4253753125667572,-0.10025586187839508,2.513000011444092,0.5185619592666626,-0.1670604646205902,2.9779999256134033,0.30597132444381714,-0.10664044320583344,1.9574999809265137,0.35985711216926575,-0.00886046513915062,2.0859999656677246,0.10207187384366989,0.04339881241321564,2.002000093460083,0.4343379735946655,0.23840485513210297,2.321499824523926,0.05920393392443657,0.30296963453292847,2.0920000076293945,0.5466614365577698,0.5219119191169739,2.509000062942505,0.060293491929769516,0.5398372411727905,2.130500078201294
0.4455949366092682,-0.10723382979631424,2.5830001831054688,0.5305185317993164,-0.1677897423505783,2.990999937057495,0.32144999504089355,-0.10865612328052521,1.994499921798706,0.3637595474720001,-0.008873207494616508,2.0889999866485596,0.11213871091604233,0.04027524217963219,2.007999897003174,0.44547754526138306,0.23277129232883453,2.3404998779296875,0.06618846207857132,0.2971104383468628,2.0985000133514404,0.5425959229469299,0.5097156763076782,2.509000062942505,0.07410204410552979,0.5260287523269653,2.130500078201294
0.4581509828567505,-0.10723382979631424,2.5830001831054688,0.5402114391326904,-0.1677897423505783,2.990999937057495,0.33350345492362976,-0.11050838232040405,2.0285000801086426,0.3671444356441498,-0.012258080765604973,2.0889999866485596,0.1184687539935112,0.03696630895137787,2.005000114440918,0.45071178674697876,0.2278323769569397,2.368000030517578,0.07311076670885086,0.29079410433769226,2.1019999980926514,0.5425959229469299,0.4853231906890869,2.509000062942505,0.08445846289396286,0.522576630115509,2.130500078201294
0.4707069993019104,-0.10723382979631424,2.5830001831054688,0.5523396134376526,-0.17188581824302673,2.9779999256134033,0.3470781445503235,-0.11393547803163528,2.0310001373291016,0.3739142417907715,-0.012258080765604973,2.0889999866485596,0.1251533031463623,0.03702161833643913,2.007999897003174,0.4514731168746948,0.22053036093711853,2.371999979019165,0.08673460781574249,0.29079410433769226,2.1019999980926514,0.5385305285453796,0.47719237208366394,2.509000062942505,0.09856682270765305,0.5276336073875427,2.13700008392334
0.4832630455493927,-0.10723382979631424,2.5830001831054688,0.558536171913147,-0.16937506198883057,2.934499979019165,0.3585326075553894,-0.11444035172462463,2.0399999618530273,0.3807307481765747,-0.019200891256332397,2.1080000400543213,0.12840694189071655,0.04027524217963219,2.007999897003174,0.4514731168746948,0.21668694913387299,2.371999979019165,0.10050167143344879,0.2980307340621948,2.1050000190734863,0.5554633736610413,0.4801851809024811,2.56850004196167,0.10895483940839767,0.5276336073875427,2.13700008392334
0.5000044107437134,-0.10723382979631424,2.5830001831054688,0.5645659565925598,-0.17021356523036957,2.868499994277954,0.3684491217136383,-0.11444035172462463,2.0399999618530273,0.3922503888607025,-0.015976181253790855,2.133500099182129,0.13816788792610168,0.03702161833643913,2.007999897003174,0.46961310505867004,0.21768903732299805,2.4260001182556152,0.11104977130889893,0.2920392155647278,2.1110000610351562,0.5678983330726624,0.4909348785877228,2.625999927520752,0.12280552089214325,0.5207083225250244,2.13700008392334
0.4668208658695221,-0.10147638618946075,2.3524999618530273,0.5357895493507385,-0.156387597322464,2.635499954223633,0.38167113065719604,-0.11774582415819168,2.0399999618530273,0.3975621163845062,-0.019524244591593742,2.1435000896453857,0.1544361114501953,0.030514365062117577,2.007999897003174,0.479485422372818,0.2222653478384018,2.4769999980926514,0.12567733228206635,0.2942526638507843,2.127000093460083,0.5786898136138916,0.48793625831604004,2.6560001373291016,0.13992218673229218,0.5199772715568542,2.134000062942505
0.44262170791625977,-0.09667272120714188,2.1600000858306885,0.4925021231174469,-0.14039577543735504,2.365999937057495,0.3948931097984314,-0.11774582415819168,2.0399999618530273,0.40639567375183105,-0.01612594723701477,2.1535000801086426,0.1674507111310959,0.030514365062117577,2.007999897003174,0.4834989905357361,0.2142382115125656,2.4769999980926514,0.14031559228897095,0.29605111479759216,2.140000104904175,0.5808685421943665,0.4768139123916626,2.6659998893737793,0.16040551662445068,0.522576630115509,2.130500078201294
0.45312151312828064,-0.09667272120714188,2.1600000858306885,0.4876609146595001,-0.1348179131746292,2.2719998359680176,0.40811508893966675,-0.11774582415819168,2.0399999618530273,0.4146222174167633,-0.016174620017409325,2.1600000858306885,0.17369812726974487,0.027220014482736588,2.005000114440918,0.4909569025039673,0.21575182676315308,2.494500160217285,0.15371738374233246,0.29515188932418823,2.133500099182129,0.5873834490776062,0.4742664396762848,2.6760001182556152,0.18111835420131683,0.5122202634811401,2.130500078201294
0.46083101630210876,-0.0960908904671669,2.1470000743865967,0.5023865699768066,-0.1421806961297989,2.2719998359680176,0.41803157329559326,-0.11774582415819168,2.0399999618530273,0.41812214255332947,-0.023174455389380455,2.1600000858306885,0.18669326603412628,0.030468778684735298,2.005000114440918,0.49272820353507996,0.2165302336215973,2.503499984741211,0.1675453931093216,0.29860883951187134,2.133500099182129,0.605410635471344,0.4817100465297699,2.7179999351501465,0.1983790397644043,0.5122202634811401,2.130500078201294
0.4747465252876282,-0.09956974536180496,2.1470000743865967,0.5134308338165283,-0.1421806961297989,2.2719998359680176,0.42794808745384216,-0.12105130404233932,2.0399999618530273,0.42862194776535034,-0.023174455389380455,2.1600000858306885,0.19938962161540985,0.03042319044470787,2.002000093460083,0.49767768383026123,0.21285563707351685,2.507999897003174,0.17875032126903534,0.29306212067604065,2.1435000896453857,0.6238229870796204,0.484769344329834,2.760499954223633,0.21218760311603546,0.5122202634811401,2.130500078201294
