0,0,0,0,0,0,0,0,0,0.39723244309425354,0.0891374722123146,1.938499927520752,0.6376602649688721,0.1012711375951767,1.8179999589920044,0.4090004861354828,0.3167032301425934,2.0280001163482666,0.6968259811401367,0.3518751859664917,1.8659999370574951,0.45052483677864075,0.43360409140586853,2.052500009536743,0.7730438709259033,0.5343483686447144,2.0434999465942383
0,0,0,0,0,0,0,0,0,0.40543368458747864,0.09026405960321426,1.9630000591278076,0.6324637532234192,0.09548453986644745,1.8199999332427979,0.4188586473464966,0.3265613317489624,2.0280001163482666,0.6993796229362488,0.3486081063747406,1.88100004196167,0.5070626139640808,0.42695263028144836,2.052500009536743,0.8838291168212891,0.6043571829795837,2.296999931335449
0,0,0,0,0,0,0,0,0,0.41613855957984924,0.09051696211099625,1.968500018119812,0.6396023035049438,0.09908255934715271,1.8320000171661377,0.42214471101760864,0.31013113260269165,2.0280001163482666,0.7012386918067932,0.34647881984710693,1.8860000371932983,0.5095306634902954,0.3862855136394501,1.996999979019165,0.9857287406921387,0.6601359248161316,2.509000062942505
0,0,0,0,0,0,0,0,0,0.41899242997169495,0.0879262238740921,1.9819999933242798,0.6430935859680176,0.09962339699268341,1.8420000076293945,0.4314703345298767,0.3163127899169922,2.0255000591278076,0.7012386918067932,0.3373109996318817,1.8860000371932983,0,0,0,1.0034081935882568,0.667837381362915,2.553999900817871
0,0,0,0,0,0,0,0,0,0.4228430390357971,0.08162659406661987,1.9850000143051147,0.6386806964874268,0.09986677765846252,1.8464999198913574,0.4472169578075409,0.2961815595626831,2.0225000381469727,0.7122263312339783,0.34271299839019775,1.8989999294281006,0,0,0,1.0304274559020996,0.6787713766098022,2.611999988555908
0,0,0,0,0,0,0,0,0,0.4337994456291199,0.081873320043087,1.9909999370574951,0.6539961099624634,0.09737324714660645,1.8559999465942383,0.447932630777359,0.2782050371170044,2.011000156402588,0.7223524451255798,0.344607949256897,1.9094998836517334,0,0,0,1.0748872756958008,0.7066681981086731,2.7024998664855957
0,0,0,0,0,0,0,0,0,0.43823280930519104,0.07562950998544693,1.996500015258789,0.6575197577476501,0.09185080975294113,1.8659999370574951,0.4518508017063141,0.27661409974098206,1.999500036239624,0.7304482460021973,0.3424082100391388,1.9144999980926514,0,0,0,1.1002858877182007,0.7175199389457703,2.74399995803833
0,0,0,0,0,0,0,0,0,0.4465961158275604,0.06945396214723587,2.004999876022339,0.6692696809768677,0.08918429166078568,1.873500108718872,0.4550907015800476,0.27661409974098206,1.999500036239624,0.7408850789070129,0.3474954664707184,1.9254999160766602,0,0,0,1.1136245727539062,0.7219660878181458,2.74399995803833
0,0,0,0,0,0,0,0,0,0.46234193444252014,0.07313785701990128,2.0169999599456787,0.6850496530532837,0.08966032415628433,1.883500099182129,0.45833057165145874,0.27661409974098206,1.999500036239624,0.7576014399528503,0.3460407853126526,1.9524999856948853,0,0,0,1.1225171089172363,0.7397509217262268,2.74399995803833
0,0,0,0,0,0,0,0,0,0.4682648777961731,0.07026802003383636,2.0285000801086426,0.6939055919647217,0.0869532972574234,1.8910000324249268,0.464810311794281,0.27661409974098206,1.999500036239624,0.7851173877716064,0.357117623090744,2.0149998664855957,0,0,0,1.1314094066619873,0.7353046536445618,2.74399995803833
0,0,0,0,0,0,0,0,0,0.47283026576042175,0.06716277450323105,2.0339999198913574,0.7051427364349365,0.08413323760032654,1.8964999914169312,0.47258642315864563,0.2773749828338623,2.005000114440918,0.8134520649909973,0.36695387959480286,2.070499897003174,0,0,0,1.1426857709884644,0.7352532148361206,2.760499954223633
0,0,0,0,0,0,0,0,0,0.4841415286064148,0.07066638022661209,2.0399999618530273,0.7243435382843018,0.09154064208269119,1.9229999780654907,0.4790840148925781,0.28387251496315,2.005000114440918,0.8276881575584412,0.3669355511665344,2.0894999504089355,0,0,0,1.1358556747436523,0.7175199389457703,2.74399995803833
0,0,0,0,0,0,0,0,0,0.49736353754997253,0.06736090034246445,2.0399999618530273,0.7336912751197815,0.08842474222183228,1.9229999780654907,0.48558157682418823,0.2871212959289551,2.005000114440918,0.8310738801956177,0.3669355511665344,2.0894999504089355,0,0,0,1.1447480916976929,0.7130737900733948,2.74399995803833
0,0,0,0,0,0,0,0,0,0.5105855464935303,0.0640554279088974,2.0399999618530273,0.7440049648284912,0.08853969722986221,1.9254999160766602,0.49281537532806396,0.2908044755458832,2.007999897003174,0.8500881791114807,0.3776416480541229,2.1115000247955322,0,0,0,1.1536405086517334,0.7130737900733948,2.74399995803833
0,0,0,0,0,0,0,0,0,0.5205020308494568,0.0640554279088974,2.0399999618530273,0.7543430328369141,0.08865465968847275,1.9279999732971191,0.497551292181015,0.307990163564682,2.0139999389648438,0.8603522777557373,0.3707989454269409,2.1115000247955322,0,0,0,1.1604145765304565,0.7073362469673157,2.738999843597412
0,0,0,0,0,0,0,0,0,0.5271130204200745,0.0640554279088974,2.0399999618530273,0.7690267562866211,0.09204047173261642,1.933500051498413,0.5023066997528076,0.2859962284564972,2.0199999809265137,0.8706163167953491,0.3673776388168335,2.1115000247955322,0.5428686738014221,0.38562026619911194,1.9769999980926514,1.167156457901001,0.7060450315475464,2.7339999675750732
0,0,0,0,0,0,0,0,0,0.5443080067634583,0.06785619258880615,2.054999828338623,0.7890365719795227,0.09292113035917282,1.9520000219345093,0.5102384090423584,0.3031848669052124,2.0255000591278076,0.8717023134231567,0.3635498881340027,2.0894999504089355,0.5268516540527344,0.41765421628952026,1.9769999980926514,1.1560146808624268,0.698391318321228,2.6875
0,0,0,0,0,0,0,0,0,0.5709312558174133,0.06825243681669235,2.066999912261963,0.8006613850593567,0.09280212223529816,1.9495000839233398,0.5189711451530457,0.2978656589984894,2.0339999198913574,0.8859747648239136,0.36642220616340637,2.067500114440918,0.5076311230659485,0.430467814207077,1.9769999980926514,1.1338157653808594,0.6866644620895386,2.625999927520752
0,0,0,0,0,0,0,0,0,0.581122875213623,0.06866519153118134,2.0794999599456787,0.8173022270202637,0.09254030138254166,1.944000005722046,0.5286633372306824,0.296307772397995,2.0460000038146973,0.8919077515602112,0.3680731952190399,2.058000087738037,0.49802088737487793,0.4400780200958252,1.9769999980926514,1.14250910282135,0.6816961765289307,2.6069998741149902
0,0,0,0,0,0,0,0,0,0.5973172187805176,0.06897888332605362,2.0889999866485596,0.8309093117713928,0.09858593344688416,1.9390000104904175,0.544308066368103,0.2909516394138336,2.055000066757202,0.9052464365959167,0.37140780687332153,2.058000087738037,0.49802088737487793,0.4464848041534424,1.9769999980926514,1.1529443264007568,0.6871044039726257,2.6115000247955322
