0.35386332869529724,0.0962589830160141,1.369499921798706,0.37691959738731384,0.06166280806064606,1.340999960899353,0.3345085680484772,0.06709647923707962,1.409500002861023,0.5335079431533813,0.24481269717216492,1.4474999904632568,0.22829477488994598,0.23038890957832336,1.4164999723434448,0.6164035797119141,0.3751189410686493,1.4170000553131104,0.1640971153974533,0.45919370651245117,1.3599998950958252,1.4483351707458496,1.0203269720077515,2.9649999141693115,0,0,0
0.34291136264801025,0.0969267189502716,1.378999948501587,0.3660551905632019,0.06383567303419113,1.340999960899353,0.4862000346183777,0.10590407997369766,2.1514999866485596,0.5223214626312256,0.24506638944149017,1.4490000009536743,0.22228498756885529,0.23372317850589752,1.437000036239624,0.5934433341026306,0.36363884806632996,1.4170000553131104,0.15364159643650055,0.46088194847106934,1.3650000095367432,1.0119342803955078,0.733528196811676,2.172499895095825,0,0,0
0.49556753039360046,0.14777986705303192,2.1024999618530273,0.35296231508255005,0.0624215230345726,1.3574999570846558,0.6220252513885498,0.1426493227481842,2.8980000019073486,0.5082342028617859,0.24271851778030396,1.4490000009536743,0.32218167185783386,0.3783973157405853,2.3264999389648438,0.5796672105789185,0.3659348487854004,1.4170000553131104,0.1446196585893631,0.4540058970451355,1.3845000267028809,0.6163628697395325,0.4606451690196991,1.3910000324249268,0,0,0
0.6410009264945984,0.2054412066936493,2.8569998741149902,0.34179237484931946,0.06543037295341492,1.374500036239624,0.5928143262863159,0.1482602208852768,2.9159998893737793,0.4917990565299988,0.24271851778030396,1.4490000009536743,0.4208885431289673,0.5134323239326477,3.188499927520752,0.5590029358863831,0.3659348487854004,1.4170000553131104,0.2126254439353943,0.75250643491745,2.2834999561309814,0.5893161296844482,0.45613738894462585,1.3910000324249268,0,0,0
0.6151704788208008,0.20453716814517975,2.9099998474121094,0.3272749185562134,0.06384699046611786,1.3884999752044678,0.5620434284210205,0.1441260278224945,2.927999973297119,0.47536394000053406,0.24037067592144012,1.4490000009536743,0.38988977670669556,0.5030993819236755,3.188499927520752,0.5383387207984924,0.3659348487854004,1.4170000553131104,0.25958454608917236,0.9765668511390686,3.053500175476074,0.5600154995918274,0.45388349890708923,1.3910000324249268,0,0,0
0.5857651829719543,0.21054667234420776,2.927999973297119,0.31534016132354736,0.06690606474876404,1.4054999351501465,0.535605788230896,0.1459718942642212,2.9654998779296875,0.46127668023109436,0.2380228042602539,1.4490000009536743,0.3604668080806732,0.5001193284988403,3.2024998664855957,0.5199704766273499,0.3590468764305115,1.4170000553131104,0.22000284492969513,0.9815145134925842,3.053500175476074,0.5329686999320984,0.449375718832016,1.3910000324249268,0,0,0
0.5572725534439087,0.20755955576896667,2.953000068664551,0.458630234003067,0.10248932987451553,2.1529998779296875,0.5200190544128418,0.1448560357093811,3.0429999828338623,0.4467451572418213,0.2365444153547287,1.440000057220459,0.34130141139030457,0.5024617910385132,3.2174999713897705,0.5102457404136658,0.3770154118537903,1.4155000448226929,0.19526426494121552,0.9815145134925842,3.053500175476074,0.49098265171051025,0.4548257291316986,1.3870000839233398,0,0,0
0.5376023650169373,0.21110907196998596,3.003499984741211,0.590374767780304,0.13823920488357544,2.9039998054504395,0.49515679478645325,0.1527647227048874,3.1034998893737793,0.4203495979309082,0.2276911735534668,1.4140000343322754,0.3114660084247589,0.49956655502319336,3.2325000762939453,0.4920957684516907,0.3845527172088623,1.409500002861023,0.1754734069108963,0.9419329762458801,3.053500175476074,0.4370447099208832,0.4862893521785736,1.3870000839233398,0,0,0
0.5481629371643066,0.21525605022907257,3.0625,0.5940341353416443,0.13909606635570526,2.921999931335449,0.4995443820953369,0.1541183739900589,3.13100004196167,0.4124717712402344,0.22342397272586823,1.3875000476837158,0.3114660084247589,0.49956655502319336,3.2325000762939453,0.4891281723976135,0.3822336792945862,1.4010000228881836,0.1754734069108963,0.9419329762458801,3.053500175476074,0.4370447099208832,0.4862893521785736,1.3870000839233398,0,0,0
0.4968010187149048,0.226651132106781,3.0824999809265137,0.5524322986602783,0.14661180973052979,2.9784998893737793,0.44373819231987,0.15919162333011627,3.13100004196167,0.38844361901283264,0.2225383222103119,1.3819999694824219,0.2590884566307068,0.4943288266658783,3.2325000762939453,0.45457199215888977,0.3821709454059601,1.3924999237060547,0.13394387066364288,0.8958157300949097,2.9040000438690186,0.4190653860569,0.4525783360004425,1.3870000839233398,0,0,0
0.476822167634964,0.226651132106781,3.0824999809265137,0.5408061146736145,0.1500820517539978,3.0490000247955322,0.4234449863433838,0.15919162333011627,3.13100004196167,0.3806208372116089,0.22412702441215515,1.378000020980835,0.23924247920513153,0.5018846988677979,3.247499942779541,0.43881699442863464,0.3757598400115967,1.3854999542236328,0.10904770344495773,0.9079461693763733,2.868000030517578,0.41007572412490845,0.4570731520652771,1.3870000839233398,0,0,0
0.45788079500198364,0.23717787861824036,3.0894999504089355,0.5329715013504028,0.15708160400390625,3.0894999504089355,0.40315183997154236,0.16426488757133484,3.13100004196167,0.3735153377056122,0.22388306260108948,1.3765000104904175,0.22555497288703918,0.5065983533859253,3.2780001163482666,0.4265795350074768,0.37736809253692627,1.375,0.09434357285499573,0.9006648659706116,2.8450000286102295,0.3887247145175934,0.46471861004829407,1.3830000162124634,0,0,0
0.4478687047958374,0.23717787861824036,3.0894999504089355,0.5264294147491455,0.16316314041614532,3.109999895095825,0.3879319727420807,0.1693381518125534,3.13100004196167,0.3686523139476776,0.2236390858888626,1.375,0.20574256777763367,0.5155016183853149,3.3010001182556152,0.4152376353740692,0.3840324580669403,1.3669999837875366,0.07529044896364212,0.9162464737892151,2.822000026702881,0.3522862493991852,0.4832533001899719,1.371999979019165,0,0,0
0.4478687047958374,0.23717787861824036,3.0894999504089355,0.5276143550872803,0.1635303944349289,3.117000102996826,0.387064665555954,0.16895955801010132,3.124000072479248,0.36825016140937805,0.22339510917663574,1.3734999895095825,0.206241175532341,0.5167509317398071,3.309000015258789,0.41432633996009827,0.38318967819213867,1.3639999628067017,0.07529044896364212,0.9162464737892151,2.822000026702881,0.3522862493991852,0.4832533001899719,1.371999979019165,0,0,0
0.4369354248046875,0.2366788685321808,3.0829999446868896,0.5124625563621521,0.16858096420764923,3.117000102996826,0.3736226260662079,0.1674722284078598,3.0964999198913574,0.3660246431827545,0.22339510917663574,1.3734999895095825,0.19015604257583618,0.5221126079559326,3.309000015258789,0.40870392322540283,0.3952878415584564,1.3599998950958252,0.07029182463884354,0.9243620038032532,2.805000066757202,0.3233858048915863,0.503261148929596,1.371999979019165,0,0,0
0.4369354248046875,0.24666982889175415,3.0829999446868896,0.5175131559371948,0.16858096420764923,3.117000102996826,0.3629508912563324,0.16490322351455688,3.0490000247955322,0.35934802889823914,0.22339510917663574,1.3734999895095825,0.17407090961933136,0.5274742841720581,3.309000015258789,0.4098501205444336,0.4338341951370239,1.3564999103546143,0.06047078222036362,0.9178131222724915,2.7715001106262207,0,0,0,0,0,0
0.4459116756916046,0.25109389424324036,3.0759999752044678,0.5225637555122375,0.1786821335554123,3.117000102996826,0.36959129571914673,0.17326490581035614,3.0225000381469727,0.3645937144756317,0.22388306260108948,1.3765000104904175,0.16870920360088348,0.5328359603881836,3.309000015258789,0.41226112842559814,0.44050517678260803,1.3499999046325684,0.05976166948676109,0.9425550699234009,2.739000082015991,0,0,0,0,0,0
0.4538792669773102,0.25991642475128174,3.0625,0.532664954662323,0.18878327310085297,3.117000102996826,0.37857040762901306,0.1777792125940323,3.0160000324249268,0.36275815963745117,0.2285926789045334,1.378000020980835,0.16870920360088348,0.5328359603881836,3.309000015258789,0.4132206439971924,0.43265706300735474,1.3459999561309814,0.06382475793361664,0.9282248020172119,2.7230000495910645,0,0,0,0,0,0
0.33659857511520386,0.18820443749427795,2.1760001182556152,0.39122235774993896,0.13481923937797546,2.2260000705718994,0.2818852663040161,0.1344461888074875,2.1619999408721924,0.36275815963745117,0.2285926789045334,1.378000020980835,0.12913833558559418,0.39891937375068665,2.381500005722046,0.39633116126060486,0.41684842109680176,1.2774999141693115,0.05697475001215935,0.7314161062240601,2.135499954223633,0,0,0,0,0,0
0.21056698262691498,0.1139720156788826,1.2934999465942383,0.2455666959285736,0.08447961509227753,1.3240000009536743,0.18065162003040314,0.08323539048433304,1.3044999837875366,0.36682412028312683,0.23280461132526398,1.3765000104904175,0.07808490842580795,0.23887769877910614,1.440000057220459,0.3819020390510559,0.40333113074302673,1.2120000123977661,0.048462506383657455,0.5262565612792969,1.5364999771118164,0,0,0,0,0,0
