0.38015735149383545,0.0935814306139946,1.218999981880188,0.41746917366981506,0.06851677596569061,1.2300000190734863,0.350191205739975,0.05960949882864952,1.2109999656677246,0.5419182181358337,0.26576003432273865,1.3624999523162842,0.2353721410036087,0.217982217669487,1.3269999027252197,0.5674387812614441,0.5045629739761353,1.4325000047683716,0.17478755116462708,0.4047340452671051,1.3924999237060547,0,0,0,0,0,0
0.374538779258728,0.08970458805561066,1.2200000286102295,0.4114901125431061,0.06253775209188461,1.2300000190734863,0.34712451696395874,0.05385592207312584,1.2139999866485596,0.5352950692176819,0.2569292187690735,1.3624999523162842,0.23194052278995514,0.21214276552200317,1.3445000648498535,0.5551933646202087,0.5021071434020996,1.4190000295639038,0.17531897127628326,0.4043954610824585,1.4149999618530273,0,0,0,0,0,0
0.3679838180541992,0.08606727421283722,1.2244999408721924,0.40351805090904236,0.06054474785923958,1.2300000190734863,0.3398151099681854,0.05000400170683861,1.2160000801086426,0.52867192029953,0.2525138258934021,1.3624999523162842,0.2291068434715271,0.20917658507823944,1.3535000085830688,0.5505948662757874,0.4929101765155792,1.4190000295639038,0.17320692539215088,0.4079281985759735,1.435499906539917,0,0,0,0,0,0
0.36424893140792847,0.08260193467140198,1.2319999933242798,0.3973146378993988,0.05881354957818985,1.2354999780654907,0.3371991515159607,0.05049745738506317,1.2279999256134033,0.5198410749435425,0.24589072167873383,1.3624999523162842,0.22800341248512268,0.20577381551265717,1.3599998950958252,0.545996367931366,0.497508704662323,1.4190000295639038,0.1677922159433365,0.40941664576530457,1.4490000009536743,0,0,0,0,0,0
0.35829341411590576,0.0815216600894928,1.246000051498413,0.3941909670829773,0.05549732595682144,1.250999927520752,0.3351384699344635,0.0493767186999321,1.25,0.51213538646698,0.2464321255683899,1.3654999732971191,0.22220638394355774,0.2043185979127884,1.3650000095367432,0.5436970591545105,0.47681543231010437,1.4190000295639038,0.1642783284187317,0.4147483706474304,1.4595000743865967,0,0,0,0,0,0
0.35471484065055847,0.08052362501621246,1.2620000839233398,0.38850724697113037,0.056140586733818054,1.2655000686645508,0.3308304250240326,0.04790058359503746,1.2645000219345093,0.5086397528648376,0.2446667104959488,1.3680000305175781,0.21770308911800385,0.19963844120502472,1.378499984741211,0.5494443774223328,0.4888264238834381,1.434000015258789,0.1588529646396637,0.4215429723262787,1.475000023841858,0,0,0,0,0,0
0.3484574556350708,0.07891406863927841,1.2690000534057617,0.3806456923484802,0.05236849561333656,1.2734999656677246,0.3249310255050659,0.044114526361227036,1.2734999656677246,0.4960070848464966,0.23717917501926422,1.375999927520752,0.20945648849010468,0.19793204963207245,1.3980000019073486,0.550495982170105,0.4657653272151947,1.4490000009536743,0.15506528317928314,0.4170418083667755,1.4844999313354492,0,0,0,0,0,0
0.3409745395183563,0.07542058825492859,1.2795000076293945,0.3757544755935669,0.050759270787239075,1.2850000858306885,0.3178251087665558,0.04248029366135597,1.2864999771118164,0.4899206757545471,0.23183053731918335,1.3840000629425049,0.2097107470035553,0.1934606283903122,1.4149999618530273,0.5563411712646484,0.47849327325820923,1.4520000219345093,0.15327689051628113,0.4163123369216919,1.4904999732971191,0,0,0,0,0,0
0.3346134126186371,0.07213758677244186,1.2950000762939453,0.36804476380348206,0.049037013202905655,1.2944999933242798,0.3129750192165375,0.03874298185110092,1.3009999990463257,0.48390427231788635,0.22648538649082184,1.3924999237060547,0.20512589812278748,0.1886920928955078,1.430999994277954,0.5598482489585876,0.465336412191391,1.4550000429153442,0.15364521741867065,0.4215336740016937,1.5180000066757202,0,0,0,0,0,0
0.32924291491508484,0.07068826258182526,1.306999921798706,0.36409991979599,0.047519661486148834,1.310499906539917,0.30464309453964233,0.03690243884921074,1.310499906539917,0.47703486680984497,0.21721291542053223,1.4054999351501465,0.20259004831314087,0.18598401546478271,1.446000099182129,0.5680899620056152,0.44503381848335266,1.4579999446868896,0.1484823375940323,0.4179328382015228,1.5410000085830688,0,0,0,0,0,0
0.3246985971927643,0.07155361026525497,1.3229999542236328,0.3564532697200775,0.05036285147070885,1.3294999599456787,0.2993130087852478,0.041588928550481796,1.3244999647140503,0.4755825996398926,0.21382351219654083,1.4284999370574951,0.19913578033447266,0.18242640793323517,1.4549999237060547,0.5745605230331421,0.4244442284107208,1.4684998989105225,0.1465064138174057,0.4094011187553406,1.5464999675750732,0,0,0,0,0,0
0.32006633281707764,0.074616439640522,1.3394999504089355,0.353281170129776,0.04866187646985054,1.3420000076293945,0.29665496945381165,0.04243672266602516,1.3515000343322754,0.4744850695133209,0.21285532414913177,1.4535000324249268,0.1994830071926117,0.1801539957523346,1.4749999046325684,0.5876581072807312,0.4102872312068939,1.4774999618530273,0.1441022753715515,0.406737744808197,1.5750000476837158,0,0,0,0.0638016015291214,0.2789379060268402,0.750499963760376
0.3171832859516144,0.07547986507415771,1.3550000190734863,0.34881988167762756,0.05146140232682228,1.3585000038146973,0.2958434522151947,0.04295481741428375,1.3680000305175781,0.46890389919281006,0.20748884975910187,1.465499997138977,0.1960289180278778,0.17876261472702026,1.503499984741211,0.6050301194190979,0.3987214267253876,1.4789999723434448,0.14411160349845886,0.40630319714546204,1.6035000085830688,0.9835126996040344,0.76500403881073,2.0404999256134033,0.06141035631299019,0.2766900062561035,0.7509999871253967
0.3144933879375458,0.0742037445306778,1.371999979019165,0.34763216972351074,0.04780372977256775,1.3799999952316284,0.28917962312698364,0.041050881147384644,1.378499984741211,0.46367064118385315,0.20118537545204163,1.4714999198913574,0.1905404031276703,0.1780269742012024,1.5180000066757202,0.5938496589660645,0.36086520552635193,1.4809999465942383,0.1431460678577423,0.4004780948162079,1.621999979019165,1.0231214761734009,0.6709215044975281,2.1085000038146973,0.05673107132315636,0.27150648832321167,0.7534999847412109
0.3118625581264496,0.07067274302244186,1.3899999856948853,0.3468530774116516,0.04408520832657814,1.4040000438690186,0.28760385513305664,0.03695517033338547,1.3924999237060547,0.45706525444984436,0.19528509676456451,1.4809999465942383,0.18623816967010498,0.17851653695106506,1.5434999465942383,0.5962494015693665,0.33446836471557617,1.4809999465942383,0.14216388761997223,0.39985132217407227,1.6410000324249268,1.0460621118545532,0.5971391201019287,2.1630001068115234,0.056371040642261505,0.29823607206344604,0.8389999866485596
0.306884229183197,0.06933111697435379,1.4084999561309814,0.3452351689338684,0.04476030170917511,1.4255000352859497,0.2834566533565521,0.0350227952003479,1.4054999351501465,0.45381492376327515,0.1873161941766739,1.49399995803833,0.18742740154266357,0.17955070734024048,1.5744999647140503,0.5818510055541992,0.2888738512992859,1.4809999465942383,0.14184273779392242,0.4038485288619995,1.6684999465942383,1.0061211585998535,0.4876028895378113,2.190500020980835,0.08073395490646362,0.4467303156852722,1.2625000476837158
0.3066125512123108,0.06800094246864319,1.4285000562667847,0.3431709110736847,0.040717992931604385,1.4459999799728394,0.27829745411872864,0.03294345736503601,1.4140000343322754,0.44836321473121643,0.17785105109214783,1.5164999961853027,0.18330922722816467,0.17282505333423615,1.5829999446868896,0.5954442024230957,0.266915500164032,1.4789999723434448,0.141974538564682,0.40380218625068665,1.7025001049041748,1.1646078824996948,0.4934540092945099,2.508999824523926,0.09895240515470505,0.5714863538742065,1.6299999952316284
0.30239567160606384,0.06394835561513901,1.441499948501587,0.33893144130706787,0.03869345411658287,1.4579999446868896,0.27247971296310425,0.02847146987915039,1.4194999933242798,0.44915086030960083,0.17516028881072998,1.5360000133514404,0.17902341485023499,0.16848960518836975,1.590499997138977,0.6250460743904114,0.24807874858379364,1.4809999465942383,0.14318370819091797,0.3988949656486511,1.7170000076293945,1.1890006065368652,0.3877532482147217,2.508999824523926,0.09691694378852844,0.5858301520347595,1.6864999532699585
0.2978475093841553,0.062125563621520996,1.4535000324249268,0.3325268626213074,0.0364057682454586,1.4609999656677246,0.2671697735786438,0.02632812410593033,1.4279999732971191,0.4416258931159973,0.1636165976524353,1.5444999933242798,0.1824001669883728,0.16904190182685852,1.620500087738037,0.5962494015693665,0.22408165037631989,1.4809999465942383,0.14289559423923492,0.40314918756484985,1.747499942779541,1.1564770936965942,0.36742618680000305,2.508999824523926,0.09881333261728287,0.5945070385932922,1.7195000648498535
0.29348278045654297,0.06032554805278778,1.4670000076293945,0.32887741923332214,0.036792002618312836,1.4765000343322754,0.26474833488464355,0.024216091260313988,1.440000057220459,0.4431985318660736,0.1616877168416977,1.5499999523162842,0.17716142535209656,0.16893216967582703,1.6449999809265137,0.5914499163627625,0.2072836458683014,1.4809999465942383,0.14270903170108795,0.4078772962093353,1.7804999351501465,1.1524478197097778,0.2921964228153229,2.491499900817871,0.10056605190038681,0.5965454578399658,1.75
