0.48321372270584106,0.12595807015895844,1.2664999961853027,1.1132690906524658,0.21034115552902222,2.7990000247955322,0.4395330250263214,0.09088103473186493,1.2359999418258667,0.5653297901153564,0.24172614514827728,1.3765000104904175,0.27315494418144226,0.2535262703895569,1.3329999446868896,0.6232536435127258,0.4710690677165985,1.465499997138977,0.21834935247898102,0.49782678484916687,1.4264999628067017,0,0,0,0,0,0
0.4914223849773407,0.12595807015895844,1.2664999961853027,1.1115764379501343,0.20301178097724915,2.761000156402588,0.4475439786911011,0.09088103473186493,1.2359999418258667,0.5663564801216125,0.24216516315937042,1.378999948501587,0.2861144542694092,0.2556861639022827,1.3329999446868896,0.6251674294471741,0.4820430874824524,1.4700000286102295,0.22528360784053802,0.495515376329422,1.4264999628067017,0,0,0,0,0,0
0.497578889131546,0.12390591204166412,1.2664999961853027,1.1051019430160522,0.19580553472042084,2.7230000495910645,0.4535522162914276,0.08887831121683121,1.2359999418258667,0.570825457572937,0.23546184599399567,1.378999948501587,0.29010748863220215,0.24461111426353455,1.3315000534057617,0.6251674294471741,0.48442500829696655,1.4700000286102295,0.23378942906856537,0.4916481375694275,1.4219999313354492,0,0,0,0,0,0
0.5741910934448242,0.14239640533924103,1.4555000066757202,1.1053355932235718,0.1942954659461975,2.7019999027252197,0.45885342359542847,0.0891299918293953,1.2395000457763672,0.5757115483283997,0.24010473489761353,1.3799999952316284,0.294422447681427,0.24461111426353455,1.3315000534057617,0.6264433264732361,0.48780038952827454,1.4730000495910645,0.24462004005908966,0.48796752095222473,1.4179999828338623,0,0,0,0,0,0
0.5918343663215637,0.14316493272781372,1.4879999160766602,1.0778076648712158,0.18796755373477936,2.613999843597412,0.46216315031051636,0.08736760169267654,1.2430000305175781,0.5763372778892517,0.24260419607162476,1.381500005722046,0.3030523955821991,0.24676857888698578,1.3315000534057617,0.6270812153816223,0.4930754601955414,1.4744999408721924,0.24648235738277435,0.4779329299926758,1.4155000448226929,0,0,0,0,0,0
0.5966564416885376,0.14316493272781372,1.4879999160766602,1.0323176383972168,0.18194591999053955,2.4745001792907715,0.4661913514137268,0.08736760169267654,1.2430000305175781,0.5831266641616821,0.24357005953788757,1.3870000839233398,0.3052098751068115,0.24245363473892212,1.3315000534057617,0.6259629726409912,0.494078665971756,1.4774999618530273,0.25282615423202515,0.48378613591194153,1.412500023841858,0,0,0,0,0,0
0.601478636264801,0.14557598531246185,1.4879999160766602,0.781276285648346,0.13716714084148407,1.8654999732971191,0.47192180156707764,0.08768388628959656,1.247499942779541,0.5860695838928223,0.24254058301448822,1.3940000534057617,0.3062131106853485,0.24154315888881683,1.3264999389648438,0.6265984773635864,0.49218377470970154,1.4789999723434448,0.2560368776321411,0.49032360315322876,1.4049999713897705,0,0,0,0,0,0
0.601478636264801,0.14557598531246185,1.4879999160766602,0.5499131679534912,0.09405568987131119,1.3079999685287476,0.4760327637195587,0.08807047456502914,1.253000020980835,0.589643120765686,0.2417469471693039,1.4024999141693115,0.30836251378059387,0.24154315888881683,1.3264999389648438,0.6352877616882324,0.49815279245376587,1.4824999570846558,0.2565836012363434,0.4959334433078766,1.4079999923706055,0,0,0,0,0,0
0.6063007712364197,0.14557598531246185,1.4879999160766602,0.5516100525856018,0.09362424165010452,1.3020000457763672,0.47939836978912354,0.08831648528575897,1.256500005722046,0.5977893471717834,0.24321210384368896,1.4110000133514404,0.31612375378608704,0.23661845922470093,1.3229999542236328,0.6440110802650452,0.4848819971084595,1.4859999418258667,0.2514837086200714,0.4948767423629761,1.4049999713897705,0,0,0,0,0,0
0.5390698313713074,0.1272897869348526,1.3229999542236328,0.5516100525856018,0.09362424165010452,1.3020000457763672,0.4807337522506714,0.0885624885559082,1.2599999904632568,0.600754976272583,0.24212104082107544,1.4179999828338623,0.31612375378608704,0.23661845922470093,1.3229999542236328,0.6591227054595947,0.502243161201477,1.4874999523162842,0.2527669072151184,0.49293947219848633,1.3994998931884766,0,0,0,0,0,0
0.5335691571235657,0.12599091231822968,1.309499979019165,0.553081750869751,0.09140913188457489,1.3004999160766602,0.4814968407154083,0.08665820211172104,1.2620000839233398,0.6030851602554321,0.2430601567029953,1.4235000610351562,0.31790661811828613,0.23420892655849457,1.3215000629425049,0.6597873568534851,0.466559499502182,1.4889999628067017,0.2503202557563782,0.4835231602191925,1.3984999656677246,0,0,0,0,0,0
0.5315318703651428,0.12128240615129471,1.3044999837875366,0.553081750869751,0.09140913188457489,1.3004999160766602,0.4818783700466156,0.08672686666250229,1.2630000114440918,0.6079434156417847,0.24640090763568878,1.4294999837875366,0.31968462467193604,0.23394307494163513,1.3200000524520874,0.6683693528175354,0.4554118514060974,1.4919999837875366,0.24978329241275787,0.4734411835670471,1.3954999446868896,0,0,0,0,0,0
0.5294945240020752,0.12081754207611084,1.2994999885559082,0.5547829270362854,0.08957655727863312,1.3044999837875366,0.4828322231769562,0.08484800904989243,1.2655000686645508,0.6081691384315491,0.24976111948490143,1.4355000257492065,0.3261011838912964,0.2318042367696762,1.3200000524520874,0.6794029474258423,0.4635947644710541,1.4950000047683716,0.25403234362602234,0.46615615487098694,1.3940000534057617,0,0,0,0,0,0
0.5294945240020752,0.12081754207611084,1.2994999885559082,0.5569093227386475,0.08991989493370056,1.309499979019165,0.48378604650497437,0.08501562476158142,1.2680000066757202,0.6088046431541443,0.25002211332321167,1.437000036239624,0.3237169086933136,0.2337658405303955,1.319000005722046,0.6931338906288147,0.4671081602573395,1.4984999895095825,0.24951481819152832,0.4842260777950287,1.3940000534057617,0,0,0,0,0,0
0.5242727398872375,0.12058510631322861,1.2969999313354492,0.5573294758796692,0.09033190459012985,1.315500020980835,0.48173147439956665,0.08501562476158142,1.2680000066757202,0.6134615540504456,0.24769368767738342,1.437000036239624,0.3261011838912964,0.22966541349887848,1.3200000524520874,0.7004181742668152,0.45739588141441345,1.4984999895095825,0.25177356600761414,0.47970858216285706,1.3940000534057617,0,0,0,0,0,0
0.5242727398872375,0.12058510631322861,1.2969999313354492,0.5573081374168396,0.0906752347946167,1.3204998970031738,0.48005518317222595,0.0830264762043953,1.2690000534057617,0.6094401478767395,0.24795223772525787,1.4385000467300415,0.3261011838912964,0.22966541349887848,1.3200000524520874,0.7038623690605164,0.4540569484233856,1.4954999685287476,0.25177356600761414,0.48196732997894287,1.3940000534057617,0.797170877456665,0.5773615837097168,1.5399999618530273,0,0,0
0.5235801935195923,0.12091051042079926,1.3004999160766602,0.554537832736969,0.08843502402305603,1.319000005722046,0.4787522256374359,0.08315732330083847,1.2709999084472656,0.6100756525993347,0.25054407119750977,1.440000057220459,0.3261011838912964,0.2318042367696762,1.3200000524520874,0.7184017300605774,0.466172993183136,1.4954999685287476,0.25527989864349365,0.4800657331943512,1.3884999752044678,0,0,0,0,0,0
0.5203641057014465,0.11903165280818939,1.3029999732971191,0.5508891344070435,0.08853558450937271,1.3204998970031738,0.4738752245903015,0.08132119476795197,1.2744998931884766,0.6153825521469116,0.24613361060619354,1.441499948501587,0.32457587122917175,0.2258145809173584,1.3224999904632568,0.717691957950592,0.4593214690685272,1.4889999628067017,0.2548202574253082,0.47920137643814087,1.3860000371932983,1.182733178138733,0.8266725540161133,2.195499897003174,0,0,0
0.5161414742469788,0.1169203668832779,1.3029999732971191,0.5487494468688965,0.08639594167470932,1.3204998970031738,0.47440147399902344,0.08176784217357635,1.281499981880188,0.6153825521469116,0.24846932291984558,1.441499948501587,0.3222275674343109,0.2293364256620407,1.3305000066757202,0.7331008315086365,0.4656195044517517,1.4860000610351562,0.25426870584487915,0.48488691449165344,1.3830000162124634,0,0,0,0,0,0
0.5140302181243896,0.1148090735077858,1.3029999732971191,0.5449540615081787,0.08400106430053711,1.316499948501587,0.4739835858345032,0.07788748294115067,1.2860000133514404,0.6130468249320984,0.24846932291984558,1.441499948501587,0.32355955243110657,0.23461396992206573,1.3359999656677246,0.7303603291511536,0.45697736740112305,1.4660000801086426,0.2537171542644501,0.4838350713253021,1.3799999952316284,0,0,0,0,0,0
