0.35868218541145325,0.13257837295532227,1.2910000085830688,0.40262919664382935,0.10918283462524414,1.311500072479248,0.3166387379169464,0.08722702413797379,1.2410000562667847,0.47565561532974243,0.2456565797328949,1.3255000114440918,0.19932657480239868,0.23255091905593872,1.375,0.4808046519756317,0.29884228110313416,1.121999979019165,0.11791275441646576,0.3088492453098297,1.2035000324249268,0.5876623392105103,0.41645410656929016,1.3359999656677246,0.22188079357147217,0.40499383211135864,1.3629999160766602
0.37061893939971924,0.13294902443885803,1.2745000123977661,0.4177100360393524,0.10868332535028458,1.3055000305175781,0.3320552110671997,0.08905807882547379,1.2384999990463257,0.4913504719734192,0.24491526186466217,1.3215000629425049,0.2169850766658783,0.2278103232383728,1.3599998950958252,0.4833860695362091,0.2884199917316437,1.1029999256134033,0.12805162370204926,0.3051281273365021,1.188999891281128,0.4923000931739807,0.33068472146987915,1.0950000286102295,0.2328893095254898,0.39238131046295166,1.3499999046325684
0.383342981338501,0.1316450983285904,1.2619999647140503,0.4326353669166565,0.11028943955898285,1.2994999885559082,0.3465636968612671,0.08866259455680847,1.2330000400543213,0.5036258697509766,0.24249844253063202,1.3200000524520874,0.22936074435710907,0.2269728034734726,1.3550000190734863,0.4865325689315796,0.2718855142593384,1.0940001010894775,0.14926357567310333,0.299376517534256,1.1740000247955322,0.46959078311920166,0.2982098162174225,1.0260000228881836,0.25089263916015625,0.3897654414176941,1.340999960899353
0.393574595451355,0.13300137221813202,1.2554999589920044,0.44582560658454895,0.10990753024816513,1.2950000762939453,0.3586481213569641,0.08819518983364105,1.2265000343322754,0.5115926265716553,0.24121244251728058,1.312999963760376,0.23743999004364014,0.22411373257637024,1.3510000705718994,0.4939243197441101,0.2621324360370636,1.0829999446868896,0.16432911157608032,0.29567891359329224,1.159500002861023,0.4786546528339386,0.29229816794395447,1.0169999599456787,0.2228332906961441,0.31461301445961,1.0705000162124634
0.4078906774520874,0.13236577808856964,1.249500036239624,0.4613620340824127,0.11170314252376556,1.2915000915527344,0.37119266390800476,0.08985164016485214,1.222000002861023,0.5139628648757935,0.23836493492126465,1.2975000143051147,0.25609487295150757,0.22538147866725922,1.3454999923706055,0.4939243197441101,0.24984867870807648,1.0829999446868896,0.17735262215137482,0.2900104820728302,1.1230000257492065,0.48689407110214233,0.28570666909217834,1.0169999599456787,0.19499094784259796,0.23092368245124817,0.7944999933242798
0.42121851444244385,0.13614203035831451,1.246999979019165,0.4699987471103668,0.11543979495763779,1.2864999771118164,0.38284730911254883,0.09327434748411179,1.2149999141693115,0.5175412893295288,0.23616041243076324,1.2855000495910645,0.26087865233421326,0.22820506989955902,1.3365000486373901,0.5026984214782715,0.24984867870807648,1.0829999446868896,0.1862330436706543,0.2796601951122284,1.0694999694824219,0.4983561635017395,0.28800782561302185,1.0134999752044678,0.2002912163734436,0.22943443059921265,0.7849999666213989
0.43466421961784363,0.13592368364334106,1.2450000047683716,0.484405517578125,0.11697623133659363,1.2804999351501465,0.3943432569503784,0.09469432383775711,1.2079999446868896,0.5348276495933533,0.24174918234348297,1.281999945640564,0.2811604142189026,0.22494016587734222,1.3300000429153442,0.5213383436203003,0.27664265036582947,1.0779999494552612,0.1868676245212555,0.2577676475048065,1.0440000295639038,0.5197049975395203,0.29950326681137085,1.0134999752044678,0.2013770341873169,0.23389525711536407,0.7745000123977661
0.44479450583457947,0.1413484364748001,1.2395000457763672,0.49756574630737305,0.11872566491365433,1.2769999504089355,0.4052470922470093,0.09840497374534607,1.2055000066757202,0.5493685603141785,0.2438264638185501,1.281999945640564,0.29083821177482605,0.22624145448207855,1.3250000476837158,0.5494992733001709,0.28980767726898193,1.0750000476837158,0.19661539793014526,0.26174691319465637,1.0329999923706055,0.5459804534912109,0.30607208609580994,1.0134999752044678,0.2104739248752594,0.23629377782344818,0.7619999647140503
0.4551863670349121,0.1408352553844452,1.2349998950958252,0.5075138807296753,0.11863269656896591,1.2760000228881836,0.4154105484485626,0.09803763777017593,1.2009999752044678,0.5591000318527222,0.2435411661863327,1.2804999351501465,0.2959328889846802,0.22521695494651794,1.319000005722046,0.5397560596466064,0.26579663157463074,1.0694999694824219,0.19919688999652863,0.26188668608665466,1.0204999446868896,0.5574759840965271,0.3077142834663391,1.0134999752044678,0.22035151720046997,0.23876313865184784,0.7619999647140503
0.46481531858444214,0.14072121679782867,1.2339999675750732,0.5105465650558472,0.11899758130311966,1.2580000162124634,0.42266276478767395,0.09746623039245605,1.194000005722046,0.5625900030136108,0.24325589835643768,1.2790000438690186,0.30830076336860657,0.22121934592723846,1.3079999685287476,0.5428541898727417,0.26049113273620605,1.062000036239624,0.20881088078022003,0.2631528675556183,1.0190000534057617,0.5652651190757751,0.3048299252986908,1.003999948501587,0.22617729008197784,0.24342182278633118,0.7649999856948853
0.4740433394908905,0.14448565244674683,1.2319999933242798,0.5145294070243835,0.11959275603294373,1.2430000305175781,0.4328160881996155,0.09906791150569916,1.190000057220459,0.5755611062049866,0.24293065071105957,1.2664999961853027,0.3080469071865082,0.2216312438249588,1.2979999780654907,0.5461470484733582,0.26057764887809753,1.0485000610351562,0.22004438936710358,0.2677115797996521,1.0175000429153442,0.5668918490409851,0.30157631635665894,1.003999948501587,0.22726823389530182,0.24326273798942566,0.7645000219345093
0.4828460216522217,0.14413383603096008,1.2290000915527344,0.5266138911247253,0.11959275603294373,1.2430000305175781,0.43978849053382874,0.10082636028528214,1.187999963760376,0.5734865665435791,0.24237143993377686,1.253000020980835,0.3201720416545868,0.2212897539138794,1.2960000038146973,0.5456489324569702,0.25300997495651245,1.031499981880188,0.2230125367641449,0.27390196919441223,1.0160000324249268,0.5654043555259705,0.2966884672641754,0.9984999895095825,0.23702311515808105,0.2393898367881775,0.7639999985694885
0.49059760570526123,0.14547127485275269,1.2235000133514404,0.5366843342781067,0.11959275603294373,1.2430000305175781,0.4479001760482788,0.1004868820309639,1.184000015258789,0.5770862102508545,0.2381206899881363,1.2519999742507935,0.33435502648353577,0.2230449765920639,1.2940000295639038,0.54063481092453,0.23462487757205963,1.031499981880188,0.23197327554225922,0.2711838185787201,1.0120000839233398,0.5538139343261719,0.2707444727420807,0.9865000247955322,0.2504764497280121,0.23552177846431732,0.7634999752044678
0.5006443858146667,0.1469114124774933,1.218999981880188,0.5458750128746033,0.12141116708517075,1.2410000562667847,0.4567197859287262,0.10223236680030823,1.1820000410079956,0.5880816578865051,0.2356206178665161,1.249500036239624,0.34443891048431396,0.22069212794303894,1.2925000190734863,0.54063481092453,0.22793938219547272,1.031499981880188,0.24276775121688843,0.26237812638282776,1.0160000324249268,0.5473579168319702,0.2612689733505249,0.9750000238418579,0.2578992247581482,0.23675891757011414,0.7634999752044678
0.5081279873847961,0.1448173224925995,1.2179999351501465,0.5523561835289001,0.12106873840093613,1.2374999523162842,0.46590152382850647,0.10214587301015854,1.180999994277954,0.5949872136116028,0.23514917492866516,1.246999979019165,0.35031476616859436,0.2225278615951538,1.2910000085830688,0.5473203063011169,0.22459663450717926,1.031499981880188,0.26087671518325806,0.25743937492370605,1.0160000324249268,0.5520973801612854,0.2565295100212097,0.9750000238418579,0.26477664709091187,0.2361387312412262,0.7654999494552612
0.5175706148147583,0.1466703712940216,1.2170000076293945,0.5643872022628784,0.12307390570640564,1.2374999523162842,0.47275400161743164,0.10197288542985916,1.178999900817871,0.6050900816917419,0.2331286370754242,1.246999979019165,0.35868218541145325,0.2225278615951538,1.2910000085830688,0.5573486089706421,0.22459663450717926,1.031499981880188,0.270887553691864,0.2509777843952179,1.0164999961853027,0.5562657713890076,0.25310999155044556,0.9739999771118164,0.2700905203819275,0.2339632660150528,0.7664999961853027
0.5230563282966614,0.14654986560344696,1.2160000801086426,0.5683975219726562,0.12307390570640564,1.2374999523162842,0.4791732132434845,0.10361893475055695,1.1759999990463257,0.6091312170028687,0.2331286370754242,1.246999979019165,0.3741084933280945,0.22175219655036926,1.2864999771118164,0.5965692400932312,0.2322486937046051,1.090999960899353,0.2840641736984253,0.24768364429473877,1.0164999961853027,0.561000406742096,0.25468820333480835,0.9739999771118164,0.27541735768318176,0.23426851630210876,0.7675000429153442
0.5291911959648132,0.1460677832365036,1.2120000123977661,0.5764182209968567,0.12307390570640564,1.2374999523162842,0.4874541759490967,0.10335461050271988,1.1730000972747803,0.614401638507843,0.23359602689743042,1.249500036239624,0.37414616346359253,0.22054561972618103,1.2795000076293945,0.6318583488464355,0.241254985332489,1.1419999599456787,0.29438039660453796,0.24475015699863434,1.0180000066757202,0.5684782266616821,0.2520482838153839,0.9760000109672546,0.28130510449409485,0.23253627121448517,0.7699999809265137
0.535274088382721,0.1475430727005005,1.2079999446868896,0.5818414092063904,0.12252691388130188,1.2319999933242798,0.4918948709964752,0.10309027880430222,1.1700000762939453,0.6201832294464111,0.23425035178661346,1.253000020980835,0.38789936900138855,0.21804551780223846,1.2769999504089355,0.6363939642906189,0.24157187342643738,1.1434999704360962,0.2976793944835663,0.24310065805912018,1.0180000066757202,0.5732225775718689,0.2552111744880676,0.9760000109672546,0.2823692858219147,0.2323852777481079,0.7695000171661377
0.5391303896903992,0.1469934582710266,1.2035000324249268,0.5888689756393433,0.1223280131816864,1.2300000190734863,0.49399179220199585,0.10273782163858414,1.1660000085830688,0.6331015229225159,0.237317755818367,1.2584999799728394,0.39096322655677795,0.2174479067325592,1.2734999656677246,0.6472858190536499,0.24731531739234924,1.152999997138977,0.30262792110443115,0.23980166018009186,1.0180000066757202,0.5779668688774109,0.25837406516075134,0.9760000109672546,0.2861098647117615,0.2311384379863739,0.7695000171661377
