-0.611417829990387,0.02803921513259411,1.2035000324249268,-0.575050950050354,0.013796918094158173,1.1540000438690186,0,0,0,-0.4372152090072632,0.2198127657175064,1.2179999351501465,-0.4133082926273346,0.08746284246444702,1.3044999837875366,-0.632820725440979,0.34620654582977295,1.1779999732971191,0,0,0,-0.6002354025840759,0.13578130304813385,1.1740000247955322,0,0,0
0,0,0,-0.5791510343551636,0.011896047741174698,1.1510000228881836,0,0,0,-0.45546117424964905,0.2162935882806778,1.1984999179840088,-0.4154219925403595,0.07900794595479965,1.3044999837875366,-0.652707040309906,0.3284691870212555,1.1759999990463257,0,0,0,-0.6106070876121521,0.12795387208461761,1.1720000505447388,0,0,0
0,0,0,-0.5803490281105042,0.00998747069388628,1.1460000276565552,0,0,0,-0.456438273191452,0.2122330218553543,1.1759999990463257,-0.4175357520580292,0.08534912019968033,1.3044999837875366,-0.6725221276283264,0.32600826025009155,1.1740000247955322,0,0,0,-0.6257994771003723,0.12415581941604614,1.1720000505447388,0,0,0
0,0,0,-0.5936461091041565,0.006257245782762766,1.1430000066757202,0,0,0,-0.46935948729515076,0.21411509811878204,1.1655000448226929,-0.4242019057273865,0.09387592226266861,1.3055000305175781,-0.6858381032943726,0.32220375537872314,1.1740000247955322,0,0,0,-0.6304188966751099,0.11636079847812653,1.1700000762939453,0,0,0
0,0,0,-0.5933864116668701,0.006254508160054684,1.1424999237060547,0,0,0,-0.4655337333679199,0.21236984431743622,1.156000018119812,-0.42696380615234375,0.09448713064193726,1.313999891281128,-0.6852539777755737,0.32192933559417725,1.1730000972747803,0,0,0,-0.6304188966751099,0.11636079847812653,1.1700000762939453,0,0,0
0,0,0,-0.6044938564300537,-0.0030016375239938498,1.1424999237060547,0,0,0,-0.4788447618484497,0.20523031055927277,1.1475000381469727,-0.43763449788093567,0.08639594167470932,1.3204998970031738,-0.6966579556465149,0.3143267035484314,1.1730000972747803,0,0,0,-0.6455853581428528,0.11256921291351318,1.1700000762939453,0,0,0
0,0,0,-0.6026426553726196,0.0007008208194747567,1.1424999237060547,0,0,0,-0.4987547993659973,0.20979787409305573,1.1419999599456787,-0.4457348883152008,0.09531407803297043,1.3255000114440918,-0.704260528087616,0.3143267035484314,1.1730000972747803,0,0,0,-0.6580831408500671,0.11466066539287567,1.1720000505447388,0,0,0
0,0,0,-0.6007913947105408,0.006254508160054684,1.1424999237060547,0,0,0,-0.508964478969574,0.20943045616149902,1.1399999856948853,-0.4560397267341614,0.09998530894517899,1.3304998874664307,-0.7175651788711548,0.30672410130500793,1.1730000972747803,0,0,0,-0.6662473082542419,0.10905655473470688,1.1730000972747803,0,0,0
-0.6568524837493896,0.01241281721740961,1.2009999752044678,-0.623006284236908,-0.006704095751047134,1.1424999237060547,0,0,0,-0.5154473781585693,0.201687291264534,1.1380000114440918,-0.4703276753425598,0.09422064572572708,1.340499997138977,-0.7314928770065308,0.3012787699699402,1.1740000247955322,0,0,0,-0.6730949282646179,0.10733859986066818,1.1749999523162842,0,0,0
0,0,0,-0.624688982963562,-0.0011569532798603177,1.1489999294281006,0,0,0,-0.5265110731124878,0.18877972662448883,1.1380000114440918,-0.4774344861507416,0.09081519395112991,1.3545000553131104,-0.7378275990486145,0.29582369327545166,1.1749999523162842,0,0,0,-0.6851009130477905,0.10933545976877213,1.1759999990463257,0,0,0
0,0,0,-0.6417639255523682,0.004495777189731598,1.1664999723434448,0,0,0,-0.5444717407226562,0.19229848682880402,1.1370000839233398,-0.4949494004249573,0.09161975234746933,1.366499900817871,-0.7460775971412659,0.292264461517334,1.1759999990463257,0,0,0,-0.6933121085166931,0.10561417788267136,1.1770000457763672,0,0,0
0,0,0,-0.6581928133964539,-0.0030975323170423508,1.178999900817871,0,0,0,-0.5592103600502014,0.19598311185836792,1.1370000839233398,-0.5024840831756592,0.09218965470790863,1.375,-0.7594431638717651,0.28536856174468994,1.1790000200271606,0,0,0,-0.7045137882232666,0.10231885313987732,1.1829999685287476,0,0,0
0,0,0,-0.6626589894294739,-0.0031185506377369165,1.187000036239624,0,0,0,-0.5592103600502014,0.19598311185836792,1.1370000839233398,-0.5035803914070129,0.09239079803228378,1.378000020980835,-0.7620198130607605,0.286336749792099,1.183000087738037,0,0,0,-0.7122557163238525,0.10344323515892029,1.1959999799728394,0,0,0
0,0,0,-0.6723709106445312,-0.005071618128567934,1.194000005722046,0,0,0,-0.561052680015564,0.18492920696735382,1.1370000839233398,-0.5134415626525879,0.09703215956687927,1.380500078201294,-0.7697377800941467,0.2820092737674713,1.1890000104904175,0,0,0,-0.7228726744651794,0.10023341327905655,1.2039999961853027,0,0,0
0,0,0,0,0,0,0,0,0,-0.5813182592391968,0.18861384689807892,1.1370000839233398,-0.5194159746170044,0.09282660484313965,1.3845000267028809,-0.7833288311958313,0.2744380831718445,1.1979999542236328,0,0,0,-0.7326270937919617,0.09242989867925644,1.2039999961853027,0,0,0
0,0,0,-0.6843292117118835,-0.005088608246296644,1.1979999542236328,0,0,0,-0.5923477411270142,0.1854984611272812,1.1405000686645508,-0.5304885506629944,0.08869083970785141,1.3900001049041748,-0.7934341430664062,0.2700720429420471,1.2044999599456787,0,0,0,-0.7386699914932251,0.0926985889673233,1.2074999809265137,0,0,0
0,0,0,-0.6988810300827026,-0.02070392109453678,1.2030000686645508,0,0,0,-0.6044889092445374,0.1771085113286972,1.1460000276565552,-0.5426026582717896,0.08693606406450272,1.3980000019073486,-0.800316333770752,0.2632451057434082,1.2089999914169312,0,0,0,-0.754533052444458,0.08974134922027588,1.2204999923706055,0,0,0
0,0,0,0,0,0,0,0,0,-0.6148366332054138,0.17153169214725494,1.1584999561309814,-0.5550177097320557,0.08518564701080322,1.406499981880188,-0.814801812171936,0.2509770095348358,1.215999960899353,0,0,0,-0.7684316635131836,0.08290364593267441,1.2365000247955322,0,0,0
0,0,0,0,0,0,0,0,0,-0.6396380066871643,0.16227473318576813,1.1729999780654907,-0.5671420097351074,0.0810575932264328,1.4140000343322754,-0.8244965076446533,0.2434057593345642,1.2274999618530273,0,0,0,-0.7821215391159058,0.07582825422286987,1.252000093460083,0,0,0
0,0,0,0,0,0,0,0,0,-0.6663992404937744,0.1613311469554901,1.1800000667572021,-0.5774660706520081,0.07693500816822052,1.4225000143051147,-0.83925861120224,0.23593348264694214,1.2404999732971191,0,0,0,-0.7984236478805542,0.06464776396751404,1.2714999914169312,0,0,0
