-0.8917191624641418,0.005524044390767813,2.4730000495910645,-0.8718289136886597,-0.026908116415143013,2.507999897003174,-0.9037724733352661,-0.02974933199584484,2.4089999198913574,-0.8119936585426331,0.1365915983915329,2.686500072479248,-1.0829559564590454,0.144287109375,2.5169999599456787,-0.7304055690765381,0.4218374788761139,2.567999839782715,-1.1119712591171265,0.4152090847492218,2.4549999237060547,-0.8253031969070435,0.5839388966560364,2.3965001106262207,-1.0355801582336426,0.5760620832443237,2.380000114440918
-0.8917191624641418,0.005524044390767813,2.4730000495910645,-0.8718289136886597,-0.026908116415143013,2.507999897003174,-0.9037724733352661,-0.02974933199584484,2.4089999198913574,-0.8151673078536987,0.13712546229362488,2.697000026702881,-1.0829559564590454,0.14836546778678894,2.5169999599456787,-0.7359969019889832,0.4226588308811188,2.572999954223633,-1.107993245124817,0.4112311601638794,2.4549999237060547,-0.8253031969070435,0.5839388966560364,2.3965001106262207,-1.0394365787506104,0.5799184441566467,2.380000114440918
-0.8917191624641418,0.005524044390767813,2.4730000495910645,-0.8718289136886597,-0.026908116415143013,2.507999897003174,-0.9037724733352661,-0.02974933199584484,2.4089999198913574,-0.8107972145080566,0.1414954960346222,2.697000026702881,-1.0829559564590454,0.144287109375,2.5169999599456787,-0.7318277359008789,0.4226588308811188,2.572999954223633,-1.107993245124817,0.4152090847492218,2.4549999237060547,-0.8253031969070435,0.5839388966560364,2.3965001106262207,-1.0394365787506104,0.5760620832443237,2.380000114440918
-0.8933417201042175,0.00553409568965435,2.4774999618530273,-0.8718289136886597,-0.030971907079219818,2.507999897003174,-0.9022718667984009,-0.029699936509132385,2.4049999713897705,-0.8151673078536987,0.13712546229362488,2.697000026702881,-1.0829559564590454,0.144287109375,2.5169999599456787,-0.7318277359008789,0.4226588308811188,2.572999954223633,-1.107993245124817,0.4152090847492218,2.4549999237060547,-0.8182433843612671,0.5789437890052795,2.375999927520752,-1.0355801582336426,0.5799184441566467,2.380000114440918
-0.8949643969535828,0.0055441479198634624,2.4820001125335693,-0.8718289136886597,-0.030971907079219818,2.507999897003174,-0.9022718667984009,-0.029699936509132385,2.4049999713897705,-0.8151673078536987,0.13712546229362488,2.697000026702881,-1.0829559564590454,0.144287109375,2.5169999599456787,-0.7304055690765381,0.4218374788761139,2.567999839782715,-1.107993245124817,0.4112311601638794,2.4549999237060547,-0.8253031969070435,0.5800557732582092,2.3965001106262207,-1.037320613861084,0.5770302414894104,2.384000062942505
-0.8949643969535828,0.0055441479198634624,2.4820001125335693,-0.8702646493911743,-0.030916336923837662,2.503499984741211,-0.9022718667984009,-0.029699936509132385,2.4049999713897705,-0.8151673078536987,0.13712546229362488,2.697000026702881,-1.0829559564590454,0.144287109375,2.5169999599456787,-0.7251437306404114,0.4146675169467926,2.549499988555908,-1.107993245124817,0.4072532653808594,2.4549999237060547,-0.8253031969070435,0.5839388966560364,2.3965001106262207,-1.037320613861084,0.5808930993080139,2.384000062942505
-0.8949643969535828,0.0055441479198634624,2.4820001125335693,-0.8702646493911743,-0.030916336923837662,2.503499984741211,-0.9022718667984009,-0.029699936509132385,2.4049999713897705,-0.8074598908424377,0.13582894206047058,2.6714999675750732,-1.0848922729492188,0.1445450782775879,2.5215001106262207,-0.7213039994239807,0.4165809750556946,2.5360000133514404,-1.1119712591171265,0.4152090847492218,2.4549999237060547,-0.8182433843612671,0.5789437890052795,2.375999927520752,-1.037320613861084,0.5808930993080139,2.384000062942505
-0.8949643969535828,0.0055441479198634624,2.4820001125335693,-0.8687004446983337,-0.02681155689060688,2.499000072479248,-0.9037724733352661,-0.02974933199584484,2.4089999198913574,-0.8074598908424377,0.13582894206047058,2.6714999675750732,-1.0889778137207031,0.14863073825836182,2.5215001106262207,-0.7251437306404114,0.418798565864563,2.549499988555908,-1.1119712591171265,0.4152090847492218,2.4549999237060547,-0.8168659210205078,0.5779691934585571,2.372000217437744,-1.0390610694885254,0.5818677544593811,2.388000011444092
-0.8949643969535828,0.0055441479198634624,2.4820001125335693,-0.8687004446983337,-0.02681155689060688,2.499000072479248,-0.9037724733352661,-0.02974933199584484,2.4089999198913574,-0.8074598908424377,0.13582894206047058,2.6714999675750732,-1.086828351020813,0.1448030322790146,2.5260000228881836,-0.7213039994239807,0.4165809750556946,2.5360000133514404,-1.1119712591171265,0.4152090847492218,2.4549999237060547,-0.8141108751296997,0.576019823551178,2.364000082015991,-1.0390610694885254,0.5857371091842651,2.388000011444092
-0.8949643969535828,0.0055441479198634624,2.4820001125335693,-0.8687004446983337,-0.02681155689060688,2.499000072479248,-0.9037724733352661,-0.02974933199584484,2.4089999198913574,-0.803131103515625,0.13582894206047058,2.6714999675750732,-1.0889778137207031,0.14863073825836182,2.5215001106262207,-0.7213039994239807,0.4165809750556946,2.5360000133514404,-1.107993245124817,0.4112311601638794,2.4549999237060547,-0.8127333521842957,0.5750452280044556,2.3600001335144043,-1.041019082069397,0.5868408679962158,2.3924999237060547
-0.8949643969535828,0.0055441479198634624,2.4820001125335693,-0.8687004446983337,-0.02681155689060688,2.499000072479248,-0.9037724733352661,-0.02974933199584484,2.4089999198913574,-0.8057975172996521,0.13554930686950684,2.6659998893737793,-1.0848922729492188,0.1445450782775879,2.5215001106262207,-0.7225839495658875,0.41320371627807617,2.5405001640319824,-1.1119712591171265,0.4152090847492218,2.4549999237060547,-0.8141108751296997,0.576019823551178,2.364000082015991,-1.041019082069397,0.5868408679962158,2.3924999237060547
-0.8949643969535828,0.0055441479198634624,2.4820001125335693,-0.8687004446983337,-0.02681155689060688,2.499000072479248,-0.9022718667984009,-0.029699936509132385,2.4049999713897705,-0.8057975172996521,0.13554930686950684,2.6659998893737793,-1.0889778137207031,0.1445450782775879,2.5215001106262207,-0.7213039994239807,0.4165809750556946,2.5360000133514404,-1.1101595163345337,0.41056114435195923,2.4509999752044678,-0.8141108751296997,0.576019823551178,2.364000082015991,-1.0394365787506104,0.5760620832443237,2.380000114440918
-0.8949643969535828,0.0055441479198634624,2.4820001125335693,-0.8687004446983337,-0.02681155689060688,2.499000072479248,-0.9022718667984009,-0.029699936509132385,2.4049999713897705,-0.7969682216644287,0.13478665053844452,2.6510000228881836,-1.0870343446731567,0.144287109375,2.5169999599456787,-0.7213039994239807,0.4165809750556946,2.5360000133514404,-1.1063095331192017,0.41309502720832825,2.442500114440918,-0.8141108751296997,0.576019823551178,2.364000082015991,-1.0394365787506104,0.5837748646736145,2.380000114440918
-0.8949643969535828,0.0055441479198634624,2.4820001125335693,-0.8687004446983337,-0.02681155689060688,2.499000072479248,-0.9022718667984009,-0.029699936509132385,2.4049999713897705,-0.8012638092041016,0.13478665053844452,2.6510000228881836,-1.0829559564590454,0.14836546778678894,2.5169999599456787,-0.7225839495658875,0.417320191860199,2.5405001640319824,-1.1042711734771729,0.4123339056968689,2.437999963760376,-0.8127333521842957,0.5750452280044556,2.3600001335144043,-1.041019082069397,0.5829641819000244,2.3924999237060547
-0.8949643969535828,0.0055441479198634624,2.4820001125335693,-0.8687004446983337,-0.030860766768455505,2.499000072479248,-0.9022718667984009,-0.029699936509132385,2.4049999713897705,-0.8057975172996521,0.13554930686950684,2.6659998893737793,-1.0829559564590454,0.144287109375,2.5169999599456787,-0.7225839495658875,0.417320191860199,2.5405001640319824,-1.1023517847061157,0.4051797091960907,2.442500114440918,-0.8127333521842957,0.5750452280044556,2.3600001335144043,-1.0429303646087646,0.5857371091842651,2.388000011444092
-0.8933417201042175,0.00553409568965435,2.4774999618530273,-0.8687004446983337,-0.030860766768455505,2.499000072479248,-0.9061688184738159,-0.029699936509132385,2.4049999713897705,-0.8119936585426331,0.1365915983915329,2.686500072479248,-1.0889778137207031,0.1445450782775879,2.5215001106262207,-0.7251437306404114,0.4146675169467926,2.549499988555908,-1.1042711734771729,0.4123339056968689,2.437999963760376,-0.8141108751296997,0.576019823551178,2.364000082015991,-1.0429303646087646,0.5818677544593811,2.388000011444092
-0.8917191624641418,0.005524044390767813,2.4730000495910645,-0.8671361804008484,-0.03080519661307335,2.494500160217285,-0.9061688184738159,-0.029699936509132385,2.4049999713897705,-0.8136560320854187,0.13687123358249664,2.691999912261963,-1.0870343446731567,0.144287109375,2.5169999599456787,-0.7277035117149353,0.420276939868927,2.558499813079834,-1.1042711734771729,0.4123339056968689,2.437999963760376,-0.8141108751296997,0.576019823551178,2.364000082015991,-1.0429303646087646,0.5818677544593811,2.388000011444092
-0.8917191624641418,0.005524044390767813,2.4730000495910645,-0.8671361804008484,-0.026763278990983963,2.494500160217285,-0.9061688184738159,-0.029699936509132385,2.4049999713897705,-0.8136560320854187,0.13687123358249664,2.691999912261963,-1.0870343446731567,0.144287109375,2.5169999599456787,-0.7251437306404114,0.4146675169467926,2.549499988555908,-1.1042711734771729,0.4123339056968689,2.437999963760376,-0.8141108751296997,0.576019823551178,2.364000082015991,-1.0429303646087646,0.5818677544593811,2.388000011444092
-0.8917191624641418,0.005524044390767813,2.4730000495910645,-0.8687004446983337,-0.030860766768455505,2.499000072479248,-0.9061688184738159,-0.029699936509132385,2.4049999713897705,-0.8136560320854187,0.13687123358249664,2.691999912261963,-1.0870343446731567,0.14836546778678894,2.5169999599456787,-0.7251437306404114,0.4146675169467926,2.549499988555908,-1.1042711734771729,0.4123339056968689,2.437999963760376,-0.8141108751296997,0.576019823551178,2.364000082015991,-1.0429303646087646,0.5818677544593811,2.388000011444092
-0.8917191624641418,0.005524044390767813,2.4730000495910645,-0.8671361804008484,-0.03080519661307335,2.494500160217285,-0.9061688184738159,-0.029699936509132385,2.4049999713897705,-0.8119936585426331,0.1365915983915329,2.686500072479248,-1.0889778137207031,0.1445450782775879,2.5215001106262207,-0.7277035117149353,0.41613131761550903,2.558499813079834,-1.1063095331192017,0.41309502720832825,2.442500114440918,-0.8141108751296997,0.5721893906593323,2.364000082015991,-1.0429303646087646,0.5818677544593811,2.388000011444092
