-0.02469758130609989,-0.21838048100471497,2.0230000019073486,0.006560068111866713,-0.3519226312637329,2.7624998092651367,-0.05878794565796852,-0.24302783608436584,1.9574999809265137,0.07904135435819626,-0.18118762969970703,2.50600004196167,-0.12022628635168076,-0.06433781236410141,1.9254999160766602,0.07502375543117523,0.050253912806510925,2.1570000648498535,-0.09392756968736649,0.2086235135793686,2.0314998626708984,0.14787331223487854,0.27562880516052246,2.7270002365112305,-0.015495599247515202,0.4421228766441345,2.1090002059936523
-0.02741546928882599,-0.21400856971740723,1.9825000762939453,0.0020189995411783457,-0.33663004636764526,2.676499843597412,-0.061785679310560226,-0.24234500527381897,1.9520000219345093,0.10096058249473572,-0.1960342973470688,2.7734999656677246,-0.1252511590719223,-0.06062968820333481,1.906999945640564,0.09948930144309998,0.06073908135294914,2.1570000648498535,-0.09994205087423325,0.21398867666721344,2.0199999809265137,0.1960892528295517,0.33754488825798035,2.9184999465942383,-0.03507765755057335,0.43080249428749084,2.055000066757202
-0.030326541513204575,-0.20872285962104797,1.9630000591278076,-0.002017777180299163,-0.2930499017238617,2.3299999237060547,-0.06468240171670914,-0.23820187151432037,1.944000005722046,0.10545460879802704,-0.19154031574726105,2.7734999656677246,-0.13143113255500793,-0.05753971263766289,1.906999945640564,0.11696469038724899,0.0782143622636795,2.1570000648498535,-0.1192254051566124,0.21008971333503723,2.0139999389648438,0.21027615666389465,0.3564606308937073,2.9184999465942383,-0.057803839445114136,0.42980149388313293,2.0345001220703125
-0.029986659064888954,-0.206383615732193,1.940999984741211,-0.0017168426420539618,-0.24934396147727966,1.9824999570846558,-0.06433303654193878,-0.23691529035568237,1.933500051498413,0.10545460879802704,-0.19154031574726105,2.7734999656677246,-0.13143113255500793,-0.05753971263766289,1.906999945640564,0.11696469038724899,0.0782143622636795,2.1570000648498535,-0.11887021362781525,0.20946381986141205,2.007999897003174,0.21027615666389465,0.3564606308937073,2.9184999465942383,-0.05739186704158783,0.42673826217651367,2.0199999809265137
-0.03290984034538269,-0.19562934339046478,1.9279999732971191,-0.0016930276760831475,-0.23638194799423218,1.9549999237060547,-0.0639670342206955,-0.2262221723794937,1.9225000143051147,0.14767421782016754,-0.1823594570159912,2.991499900817871,-0.13087977468967438,-0.054221320897340775,1.8989999294281006,0.15006521344184875,0.09908336400985718,2.2335000038146973,-0.14793169498443604,0.21889719367027283,2.005000114440918,0.24337893724441528,0.3942921459674835,2.9184999465942383,-0.09949677437543869,0.4411294460296631,2.011000156402588
-0.03255138546228409,-0.19349853694438934,1.9070000648498535,-0.0016813367838039994,-0.23474964499473572,1.941499948501587,-0.06335148960351944,-0.2240452617406845,1.9040000438690186,0.14767421782016754,-0.1823594570159912,2.991499900817871,-0.13015611469745636,-0.053921520709991455,1.8884999752044678,0.15255118906497955,0.10072476416826248,2.2704999446868896,-0.14752589166164398,0.21829672157764435,1.999500036239624,0.24337893724441528,0.3942921459674835,2.9184999465942383,-0.09919991344213486,0.4398132860660553,2.005000114440918
-0.032150253653526306,-0.18501026928424835,1.883500099182129,-0.004801124334335327,-0.22722236812114716,1.930999994277954,-0.06275257468223572,-0.21581529080867767,1.8860000371932983,0.16706323623657227,-0.16781780123710632,2.991499900817871,-0.13015611469745636,-0.05086152255535126,1.8884999752044678,0.16409249603748322,0.10841591656208038,2.2774999141693115,-0.15724551677703857,0.21829672157764435,1.999500036239624,0.23616011440753937,0.39920440316200256,2.7259998321533203,-0.11527110636234283,0.4488869309425354,2.002000093460083
-0.03189421072602272,-0.18050925433635712,1.868499994277954,-0.004755126778036356,-0.2219465672969818,1.9124999046325684,-0.06225348636507988,-0.21106719970703125,1.871000051498413,0.16532328724861145,-0.14880052208900452,2.6525001525878906,-0.13015611469745636,-0.05086152255535126,1.8884999752044678,0.1788538098335266,0.11948683112859726,2.2774999141693115,-0.1604854017496109,0.21829672157764435,1.999500036239624,0.24057717621326447,0.41687247157096863,2.7259998321533203,-0.13093245029449463,0.45021113753318787,1.993499994277954
-0.031638167798519135,-0.1760568767786026,1.8534998893737793,-0.0016471297712996602,-0.21764615178108215,1.9019999504089355,-0.05874703824520111,-0.20636770129203796,1.8559999465942383,0.14341357350349426,-0.10590723156929016,2.134500026702881,-0.1267596036195755,-0.0537787601351738,1.883500099182129,0.19361512362957,0.13793836534023285,2.2774999141693115,-0.1702050119638443,0.2150568664073944,1.999500036239624,0.24499420821666718,0.4433746337890625,2.7259998321533203,-0.1466774195432663,0.4489690363407135,1.9880000352859497
-0.028518997132778168,-0.1723533570766449,1.8459999561309814,0.0014249542728066444,-0.210036963224411,1.8889999389648438,-0.05558951944112778,-0.20281252264976501,1.8509999513626099,0.15393291413784027,-0.10367447137832642,2.0894999504089355,-0.12403608113527298,-0.056981515139341354,1.8884999752044678,0.20468610525131226,0.1416286677122116,2.2774999141693115,-0.1697368174791336,0.21123437583446503,1.99399995803833,0.24941127002239227,0.4522086977958679,2.7259998321533203,-0.16278360784053802,0.4489690363407135,1.9880000352859497
-0.025465616956353188,-0.16894936561584473,1.8415000438690186,0.004443036392331123,-0.20803555846214294,1.871000051498413,-0.052519239485263824,-0.19954341650009155,1.8485000133514404,0.15924301743507385,-0.09602195024490356,2.070499897003174,-0.12097606062889099,-0.056981515139341354,1.8884999752044678,0.2020176500082016,0.15877290070056915,2.2079999446868896,-0.172967791557312,0.204772487282753,1.99399995803833,0.24941127002239227,0.4742938280105591,2.7259998321533203,-0.17566858232021332,0.43608418107032776,1.9880000352859497
-0.022310839965939522,-0.16470377147197723,1.8274999856948853,0.0074547212570905685,-0.20143252611160278,1.8660000562667847,-0.04926951602101326,-0.19851790368556976,1.8389999866485596,0.16543187201023102,-0.09237614274024963,2.063999891281128,-0.1182282492518425,-0.05713238567113876,1.8935000896453857,0.20784680545330048,0.16843122243881226,2.194000005722046,-0.172967791557312,0.20154154300689697,1.99399995803833,0.23973876237869263,0.4902474284172058,2.7164998054504395,-0.18855352699756622,0.42642050981521606,1.9880000352859497
-0.01919613778591156,-0.16045929491519928,1.812999963760376,0.0104361642152071,-0.19761152565479279,1.8585000038146973,-0.04605058208107948,-0.1945279836654663,1.8294999599456787,0.17111995816230774,-0.08851415663957596,2.052000045776367,-0.11516012996435165,-0.05713238567113876,1.8935000896453857,0.21781472861766815,0.16435016691684723,2.187000036239624,-0.17965467274188995,0.19532424211502075,1.996500015258789,0.2477186620235443,0.4842362105846405,2.7074999809265137,-0.20143850147724152,0.41353562474250793,1.9880000352859497
-0.016213618218898773,-0.1541576385498047,1.8079999685287476,0.013393301516771317,-0.19381482899188995,1.8509999513626099,-0.04296841472387314,-0.18808376789093018,1.8245000839233398,0.17673024535179138,-0.07477462291717529,2.0399999618530273,-0.1122400090098381,-0.05413566529750824,1.8960000276565552,0.22703564167022705,0.1739010363817215,2.1735000610351562,-0.18041953444480896,0.19615581631660461,2.004999876022339,0.2564927935600281,0.4930102825164795,2.7074999809265137,-0.20788097381591797,0.40709319710731506,1.9880000352859497
-0.01619568280875683,-0.1510608047246933,1.805999994277954,0.016370415687561035,-0.18756268918514252,1.8485000133514404,-0.039858587086200714,-0.18441718816757202,1.8174999952316284,0.1828019917011261,-0.07125893235206604,2.0339999198913574,-0.10934056341648102,-0.054221320897340775,1.8989999294281006,0.2287541627883911,0.17254087328910828,2.1565001010894775,-0.1777009516954422,0.18696734309196472,2.010999917984009,0.26443415880203247,0.4783426523208618,2.6989998817443848,-0.2184748351573944,0.399128794670105,1.996500015258789
-0.013203218579292297,-0.1473962664604187,1.7969999313354492,0.01630842313170433,-0.18685241043567657,1.8415000438690186,-0.03975990042090416,-0.18102292716503143,1.812999963760376,0.18422216176986694,-0.05749059095978737,2.0134999752044678,-0.10934056341648102,-0.0511443093419075,1.8989999294281006,0.233228400349617,0.18107159435749054,2.133500099182129,-0.1777009516954422,0.18045037984848022,2.010999917984009,0.26443415880203247,0.5045823454856873,2.6989998817443848,-0.22393083572387695,0.39659228920936584,2.0164999961853027
-0.013100355863571167,-0.14046983420848846,1.7829999923706055,0.016224289312958717,-0.17401467263698578,1.8320000171661377,-0.036771442741155624,-0.17490607500076294,1.810499906539917,0.18885259330272675,-0.050459276884794235,1.993499994277954,-0.10609567165374756,-0.0449192188680172,1.8960000276565552,0.23620285093784332,0.1815013736486435,2.0985000133514404,-0.17743586003780365,0.18343481421470642,2.007999897003174,0.2507615387439728,0.45514383912086487,2.4774999618530273,-0.22849395871162415,0.40542611479759216,2.0280001163482666
-0.010159742087125778,-0.13113737106323242,1.7739999294281006,0.021901143714785576,-0.166105255484581,1.8105000257492065,-0.033576156944036484,-0.1648208051919937,1.7964999675750732,0.200659841299057,-0.037331610918045044,1.9825000762939453,-0.10288766026496887,-0.03565569221973419,1.8935000896453857,0.23271356523036957,0.20562046766281128,2.067500114440918,-0.1736617535352707,0.1861306130886078,2.002000093460083,0.24540260434150696,0.4766187071800232,2.4639999866485596,-0.23576150834560394,0.4033297896385193,2.0339999198913574
-0.010085291229188442,-0.1216161847114563,1.7609999179840088,0.0216229185461998,-0.15530608594417572,1.787500023841858,-0.030238477513194084,-0.15678633749485016,1.7714999914169312,0.1986861377954483,-0.027422282844781876,1.9630000591278076,-0.09981954097747803,-0.03258759528398514,1.8935000896453857,0.23029355704784393,0.21674299240112305,2.0460000038146973,-0.1764196753501892,0.18885426223278046,1.996500015258789,0.24365966022014618,0.4890901744365692,2.446499824523926,-0.23680470883846283,0.4084247946739197,2.0429999828338623
-0.007168215699493885,-0.11206088215112686,1.745500087738037,0.0242723748087883,-0.1451406329870224,1.7695000171661377,-0.029786137863993645,-0.1459585279226303,1.7450000047683716,0.2035852074623108,-0.014594598673284054,1.9490000009536743,-0.09662368148565292,-0.02641647309064865,1.8910000324249268,0.23258116841316223,0.2355932593345642,2.0369999408721924,-0.1764196753501892,0.20179423689842224,1.996500015258789,0.22269687056541443,0.4728201627731323,2.2730000019073486,-0.24011507630348206,0.4183558225631714,2.0429999828338623
