-0.008446100167930126,-0.5758643746376038,3.3970000743865967,0,0,0,-0.03376000374555588,-0.5715177059173584,3.188499927520752,-0.23757825791835785,-0.20476441085338593,2.2720000743865967,-0.041266996413469315,-0.184685617685318,2.2079999446868896,-0.2602667808532715,0.016388844698667526,2.309999942779541,0.020523905754089355,0.057748373597860336,2.317500114440918,0,0,0,0.14557106792926788,0.4106746017932892,3.999000072479248
0.007969443686306477,-0.5580383539199829,3.3559999465942383,0,0,0,-0.03376000374555588,-0.5611848831176758,3.188499927520752,-0.2302154302597046,-0.20476441085338593,2.2720000743865967,-0.04107075184583664,-0.183807373046875,2.197499990463257,-0.24529482424259186,0.020131811499595642,2.309999942779541,0.01660233922302723,0.06089309602975845,2.2944998741149902,0,0,0,0.15205083787441254,0.4106746017932892,3.999000072479248
0.018845180049538612,-0.5471625924110413,3.3559999465942383,0,0,0,-0.028266221284866333,-0.5445461869239807,3.1519999504089355,-0.21515779197216034,-0.20812469720840454,2.2685000896453857,-0.040939927101135254,-0.17967252433300018,2.190500020980835,-0.2183351218700409,0.005142074078321457,2.302000045776367,0.012777773663401604,0.06776299327611923,2.2755000591278076,0,0,0,0.15205083787441254,0.42363405227661133,3.999000072479248
0.018892910331487656,-0.5485484600067139,3.364500045776367,0,0,0,-0.028266221284866333,-0.5445461869239807,3.1519999504089355,-0.21444645524024963,-0.20743662118911743,2.261000156402588,-0.04087451100349426,-0.1793854534626007,2.187000036239624,-0.2183351218700409,0.005142074078321457,2.302000045776367,0.012738466262817383,0.0675545409321785,2.2685000896453857,0,0,0,0.15205083787441254,0.42363405227661133,3.999000072479248
0.018892910331487656,-0.532193660736084,3.364500045776367,0.014793586917221546,-0.6397380828857422,3.703000068664551,-0.028266221284866333,-0.5343316197395325,3.1519999504089355,-0.20675283670425415,-0.20706962049007416,2.256999969482422,-0.04087451100349426,-0.168754443526268,2.187000036239624,0,0,0,0.012696350924670696,0.0746583342552185,2.261000156402588,0,0,0,0.1585305780172348,0.4301137328147888,3.999000072479248
0.018845180049538612,-0.5199734568595886,3.3559999465942383,0.020793713629245758,-0.6277379393577576,3.703000068664551,-0.03337353840470314,-0.5241170525550842,3.1519999504089355,-0.1921243816614151,-0.20341253280639648,2.256999969482422,-0.04434711113572121,-0.15787039697170258,2.183500051498413,0,0,0,0.005343042314052582,0.08158660680055618,2.25,0,0,0,0.16501031816005707,0.45603257417678833,3.999000072479248
0.013407311402261257,-0.5090978145599365,3.3559999465942383,0.020793713629245758,-0.6217378377914429,3.703000068664551,-0.03848085552453995,-0.5139024257659912,3.1519999504089355,-0.18059122562408447,-0.20278166234493256,2.25,-0.05134071782231331,-0.15055270493030548,2.180000066757202,0,0,0,0.005343042314052582,0.09981533885002136,2.25,0,0,0,0.17149005830287933,0.47547170519828796,3.999000072479248
0.013473229482769966,-0.5061362385749817,3.372499942779541,0.020684214308857918,-0.606526792049408,3.683500051498413,-0.042834505438804626,-0.4999977946281433,3.0974998474121094,-0.1727605164051056,-0.19488199055194855,2.243000030517578,-0.05125829204916954,-0.14678432047367096,2.176500082015991,0,0,0,0.0016919919289648533,0.10313921421766281,2.243000030517578,0,0,0,0.16501031816005707,0.48195138573646545,3.999000072479248
0.013473229482769966,-0.4952071011066437,3.372499942779541,0.019825061783194542,-0.5756131410598755,3.5304999351501465,-0.04039373621344566,-0.4620411992073059,2.9210000038146973,-0.15822282433509827,-0.19124756753444672,2.243000030517578,-0.061270080506801605,-0.13844703137874603,2.1565001010894775,0,0,0,-0.005559458397328854,0.1173095852136612,2.2360000610351562,0,0,0,0.177969828248024,0.5013905763626099,3.999000072479248
0.008008626289665699,-0.48427799344062805,3.372499942779541,0.019075410440564156,-0.5428387522697449,3.3970000743865967,-0.03714398294687271,-0.4118124842643738,2.685999870300293,-0.14571039378643036,-0.1891586035490036,2.2185001373291016,-0.06387840211391449,-0.13310667872428894,2.127000093460083,0,0,0,-0.012765539810061455,0.12416577339172363,2.2290000915527344,0,0,0,0.177969828248024,0.5273093581199646,3.999000072479248
0.008008626289665699,-0.48427799344062805,3.372499942779541,0.019075410440564156,-0.5428387522697449,3.3970000743865967,-0.03413623571395874,-0.37846583127975464,2.4685001373291016,-0.14298467338085175,-0.18562012910842896,2.177000045776367,-0.06293237954378128,-0.13113541901111603,2.0954999923706055,0,0,0,-0.012685361318290234,0.12338591367006302,2.2150001525878906,0,0,0,0.177969828248024,0.5273093581199646,3.999000072479248
0.013473229482769966,-0.46788427233695984,3.372499942779541,0.03008401393890381,-0.5318302512168884,3.3970000743865967,-0.031515687704086304,-0.34571927785873413,2.2790000438690186,-0.12727639079093933,-0.1798342913389206,2.1500000953674316,-0.062091484665870667,-0.12603315711021423,2.067500114440918,0,0,0,-0.01617155596613884,0.13687144219875336,2.2009999752044678,0,0,0,0.1434350460767746,0.45109739899635315,3.2230000495910645
0.013407311402261257,-0.4547194838523865,3.3559999465942383,0.03008401393890381,-0.520821750164032,3.3970000743865967,-0.03337773308157921,-0.3172409236431122,2.1605000495910645,-0.09091270714998245,-0.16658635437488556,2.114500045776367,-0.06180617958307266,-0.11545012146234512,2.058000087738037,0,0,0,-0.023267243057489395,0.1544571965932846,2.197499990463257,0,0,0,0.10758740454912186,0.3579438030719757,2.4175000190734863
0.013219545595347881,-0.4322662055492401,3.309000015258789,0.03558831661939621,-0.509813129901886,3.3970000743865967,-0.03619570657610893,-0.304495632648468,2.120500087738037,-0.06593215465545654,-0.15735438466072083,2.0829999446868896,-0.06837569177150726,-0.10529247671365738,2.055000066757202,0,0,0,-0.02669975720345974,0.16789384186267853,2.187000036239624,0,0,0,0.10959043353796005,0.3748985826969147,2.375999927520752
0.012885961681604385,-0.41090553998947144,3.2255001068115234,0.03558831661939621,-0.49880462884902954,3.3970000743865967,-0.03608475625514984,-0.2967114746570587,2.114000082015991,-0.03555560111999512,-0.16410468518733978,2.0829999446868896,-0.08087994158267975,-0.097648985683918,2.0345001220703125,0,0,0,-0.03362492099404335,0.17061442136764526,2.176500082015991,0,0,0,0.10959043353796005,0.38644832372665405,2.375999927520752
0.002388627966865897,-0.39312779903411865,3.1665000915527344,0.03008401393890381,-0.4877960979938507,3.3970000743865967,-0.04242780804634094,-0.28643283247947693,2.0889999866485596,-0.01867973804473877,-0.15735438466072083,2.0829999446868896,-0.08659171313047409,-0.09013835340738297,2.0139999389648438,0,0,0,-0.04024840518832207,0.16881147027015686,2.1535000801086426,0,0,0,0.09419070184230804,0.39799806475639343,2.375999927520752
-0.0027296282351017,-0.37600570917129517,3.1519999504089355,0.03008401393890381,-0.4767875373363495,3.3970000743865967,-0.04493547976016998,-0.27098801732063293,2.048999786376953,-0.008554221130907536,-0.15735438466072083,2.0829999446868896,-0.09219373762607574,-0.07631946355104446,1.99399995803833,0.009134629741311073,0.042156342417001724,2.2864999771118164,-0.049656838178634644,0.182366281747818,2.1085000038146973,0,0,0,0.07418406754732132,0.4206550419330597,2.3519999980926514
-0.01280258409678936,-0.3617874085903168,3.117499828338623,0.024579713121056557,-0.46577900648117065,3.3970000743865967,-0.04783165454864502,-0.2653166353702545,2.0310001373291016,-0.001803875551559031,-0.15735438466072083,2.0829999446868896,-0.09766613692045212,-0.06275983154773712,1.9739999771118164,0.016490187495946884,0.03832532837986946,2.2790000438690186,-0.058911897242069244,0.19613789021968842,2.073499917984009,0.08150061964988708,0.008261208422482014,2.1435000896453857,0.05855146050453186,0.4368123710155487,2.3364999294281006
-0.02212659642100334,-0.3397267758846283,3.0114998817443848,0.018892910331487656,-0.44496795535087585,3.364500045776367,-0.054105378687381744,-0.25726979970932007,2.0195000171661377,0.01900508999824524,-0.1655907779932022,2.1459999084472656,-0.10058365762233734,-0.06258496642112732,1.9684998989105225,0.027139030396938324,0.026822689920663834,2.243499994277954,-0.06857532262802124,0.2049739956855774,2.060999870300293,0.08150061964988708,0.004788026213645935,2.1435000896453857,0.04263675585389137,0.44020989537239075,2.2950000762939453
-0.02263450063765049,-0.2806423008441925,2.5240001678466797,0.013127660378813744,-0.4292616546154022,3.2860000133514404,-0.056496892124414444,-0.2500985860824585,1.9884998798370361,0.037858206778764725,-0.15417839586734772,2.2325000762939453,-0.1128816157579422,-0.06868394464254379,1.9605000019073486,0.037264686077833176,0.02983340434730053,2.197499990463257,-0.08157563954591751,0.20075398683547974,2.052000045776367,0.08174776285886765,0.011769972741603851,2.1500000953674316,0.02713298238813877,0.44477325677871704,2.243000030517578
