0,0,0,0.3321075439453125,0.008600291796028614,1.571000099182129,0,0,0,0.3397442102432251,0.20969808101654053,1.5709999799728394,0.6430950164794922,0.1507764756679535,1.6505000591278076,0.3061237633228302,0.4904199540615082,1.6505000591278076,1.2082955837249756,0.7002880573272705,2.874000072479248,0,0,0,0,0,0
0,0,0,0.3295620083808899,0.011145833879709244,1.571000099182129,0,0,0,0.34152719378471375,0.20923089981079102,1.5674999952316284,0.6433306932449341,0.1460886001586914,1.6579999923706055,0.30739492177963257,0.4828670620918274,1.6430000066757202,1.206491231918335,0.6953020691871643,2.892000198364258,0,0,0,0,0,0
0,0,0,0.3295620083808899,0.008600291796028614,1.571000099182129,0,0,0,0.34373781085014343,0.20903067290782928,1.565999984741211,0.6421897411346436,0.14374804496765137,1.6619999408721924,0.30930230021476746,0.4870029091835022,1.6390000581741333,1.1690030097961426,0.6250120401382446,2.892000198364258,0,0,0,0,0,0
0,0,0,0.32882776856422424,0.008581130765378475,1.5674999952316284,0,0,0,0.34583303332328796,0.2112978994846344,1.5640000104904175,0.6437352895736694,0.14139452576637268,1.6659998893737793,0.31461378931999207,0.49762579798698425,1.6390000581741333,1.1502587795257568,0.592210054397583,2.892000198364258,0,0,0,0,0,0
0,0,0,0.33071574568748474,0.011184854432940483,1.5764999389648438,0,0,0,0.3475876748561859,0.208296537399292,1.5605000257492065,0.646053671836853,0.14190375804901123,1.6719999313354492,0.3199252486228943,0.4737243056297302,1.6390000581741333,1.1431961059570312,0.5909813642501831,2.886000156402588,0,0,0,0,0,0
0.6233566999435425,0.054785728454589844,2.9714999198913574,0.33071574568748474,0.008630400523543358,1.5764999389648438,0,0,0,0.3475876748561859,0.20576800405979156,1.5605000257492065,0.6471922993659973,0.1427524834871292,1.6820000410079956,0.322581022977829,0.47638002038002014,1.6390000581741333,0,0,0,0,0,0,0,0,0
0.6233566999435425,0.04997090995311737,2.9714999198913574,0.33432722091674805,0.008657773025333881,1.5815000534057617,0,0,0,0.34000203013420105,0.20323947072029114,1.5605000257492065,0.653541088104248,0.1358964443206787,1.6985000371932983,0.322581022977829,0.47638002038002014,1.6390000581741333,1.1362639665603638,0.615285336971283,2.868499994277954,0,0,0,0,0,0
0.6146909594535828,0.05444464460015297,2.953000068664551,0.33176466822624207,0.008657773025333881,1.5815000534057617,0,0,0,0.3475876748561859,0.2007109522819519,1.5605000257492065,0.6560490131378174,0.1431489735841751,1.7195000648498535,0.3305482268333435,0.4524784982204437,1.6390000581741333,0.8939313292503357,0.49339407682418823,2.2660000324249268,0.310777872800827,0.6783196330070496,1.8015000820159912,0,0,0
0.6022641658782959,0.04903758317232132,2.9159998893737793,0.3324988782405853,0.0035404812078922987,1.5850000381469727,0,0,0,0.33747348189353943,0.19565390050411224,1.5605000257492065,0.6615812182426453,0.1331174671649933,1.7339999675750732,0.33361056447029114,0.4477126896381378,1.6410000324249268,0.6674982309341431,0.3534190356731415,1.6990000009536743,0.3237069845199585,0.6721642017364502,1.808500051498413,0,0,0
0.475225031375885,0.03469337522983551,2.2829999923706055,0.33407220244407654,0.0035572340711951256,1.5924999713897705,0,0,0,0.34660694003105164,0.19399167597293854,1.5674999952316284,0.6604812145233154,0.13909682631492615,1.7384999990463257,0.3373965620994568,0.44387751817703247,1.6464999914169312,0.6647452712059021,0.34791314601898193,1.6990000009536743,0.33166342973709106,0.6705403327941895,1.8199999332427979,0,0,0
0.3476240634918213,0.02537798322737217,1.6699999570846558,0.3359602391719818,-0.0016125856200233102,1.6015000343322754,0,0,0,0.3485970199108124,0.19510549306869507,1.5764999389648438,0.6614310145378113,0.13929684460163116,1.7410000562667847,0.33893346786499023,0.43517929315567017,1.6540000438690186,0.6592393517494202,0.34516018629074097,1.6990000009536743,0.3405105173587799,0.6528462767601013,1.8199999332427979,0,0,0
0.3449181020259857,0.01996607519686222,1.6699999570846558,0.3352386951446533,-0.001621647970750928,1.6105000972747803,0,0,0,0.3479083478450775,0.19102099537849426,1.5850000381469727,0.6586099863052368,0.13929684460163116,1.7410000562667847,0.3405727744102478,0.4238191843032837,1.6619999408721924,0.6482275128364563,0.3506661057472229,1.6990000009536743,0.34774088859558105,0.6346348524093628,1.8270000219345093,0,0,0
0.3449181020259857,0.01996607519686222,1.6699999570846558,0.33900201320648193,-0.004245642572641373,1.6160000562667847,0,0,0,0.34944483637809753,0.1892850548028946,1.5920000076293945,0.6529679298400879,0.13929684460163116,1.7410000562667847,0.34262195229530334,0.42095082998275757,1.6719999313354492,0.6427215933799744,0.3534190356731415,1.6990000009536743,0.34640854597091675,0.6145092844963074,1.8199999332427979,0,0,0
0.3449181020259857,0.01996607519686222,1.6699999570846558,0.34015581011772156,-0.006887461058795452,1.621500015258789,0,0,0,0.345907598733902,0.18499332666397095,1.5994999408721924,0.6445049047470093,0.13647586107254028,1.7410000562667847,0.3392202854156494,0.4316446781158447,1.681999921798706,0.6344627141952515,0.3424072563648224,1.6990000009536743,0.34640854597091675,0.5968152284622192,1.8199999332427979,0,0,0
0.34221211075782776,0.014554166235029697,1.6699999570846558,0.34172913432121277,-0.009558837860822678,1.628999948501587,0,0,0,0.3475295603275299,0.18065302073955536,1.6069999933242798,0.6435794234275818,0.1362798810005188,1.7384999990463257,0.33311066031455994,0.42611202597618103,1.6924999952316284,0.633940577507019,0.3463791012763977,1.7049999237060547,0.3405105173587799,0.5850192308425903,1.8199999332427979,0,0,0
0.3415391445159912,0.014641317538917065,1.6800000667572021,0.3418997526168823,-0.012299451045691967,1.6425000429153442,0,0,0,0.35133180022239685,0.1760457307100296,1.6124999523162842,0.6362941265106201,0.13592712581157684,1.7339999675750732,0.32728278636932373,0.4264964163303375,1.7049999237060547,0.6341395378112793,0.34522876143455505,1.7130000591278076,0.3375614583492279,0.5761722326278687,1.8199999332427979,0,0,0
0.3413379192352295,0.009265432134270668,1.6924999952316284,0.3432657718658447,-0.01513846218585968,1.6619999408721924,0,0,0,0.34786030650138855,0.1756378412246704,1.6330000162124634,0.6334844827651978,0.1331174671649933,1.7339999675750732,0.3185504376888275,0.4240574240684509,1.7174999713897705,0.617760181427002,0.31625837087631226,1.721500039100647,0.32997870445251465,0.5783882737159729,1.8270000219345093,0,0,0
0.3435969054698944,0.0038364517968147993,1.7174999713897705,0.34698349237442017,-0.02346889115869999,1.6800000667572021,0,0,0,0.3519076406955719,0.16965101659297943,1.6519999504089355,0.6294945478439331,0.1250120848417282,1.7384999990463257,0.3157181143760681,0.399688720703125,1.7325000762939453,0.6159152388572693,0.31818732619285583,1.7319999933242798,0.3197914659976959,0.5516383647918701,1.8364999294281006,0,0,0
0.34689781069755554,0.0010636529186740518,1.7339999675750732,0.3467203378677368,-0.023636525496840477,1.6920000314712524,0,0,0,0.35630157589912415,0.16240333020687103,1.6600000858306885,0.6210436224937439,0.12782903015613556,1.7384999990463257,0.3176315426826477,0.39363834261894226,1.7430000305175781,0.6154097318649292,0.3250153362751007,1.7384999990463257,0.31031936407089233,0.5529945492744446,1.8509999513626099,0,0,0
0.3416721224784851,-0.0017480164533481002,1.7359999418258667,0.3453001081943512,-0.029231593012809753,1.6984999179840088,0,0,0,0.3553159534931183,0.15778057277202606,1.6679999828338623,0.6125928163528442,0.11656124889850616,1.7384999990463257,0.3135044574737549,0.3785299062728882,1.7515000104904175,0.6170026659965515,0.33150508999824524,1.7430000305175781,0.29953113198280334,0.5431897044181824,1.8585000038146973,0,0,0
