1.2191510200500488,0.030780304223299026,2.0255000591278076,1.2137415409088135,0.0012108712689951062,1.9739999771118164,1.0974040031433105,-0.0018814337672665715,1.868499994277954,1.2402368783950806,0.09782424569129944,2.055000066757202,0.9267779588699341,0.08014621585607529,1.9490000009536743,1.3667421340942383,0.3491268754005432,2.2829999923706055,0.8375829458236694,0.3151455521583557,1.9769999980926514,1.2891680002212524,0.5299815535545349,2.3299999237060547,0.8636837601661682,0.5103946924209595,1.9279999732971191
1.1837393045425415,0.03675428032875061,1.993499994277954,1.2027724981307983,0.007619504351168871,1.9769999980926514,1.0764738321304321,0.004151409491896629,1.8585000038146973,1.231776475906372,0.10433127731084824,2.052000045776367,0.9173038005828857,0.08646226674318314,1.9490000009536743,1.3543858528137207,0.3505852222442627,2.2685000896453857,0.8215659260749817,0.3087387681007385,1.9769999980926514,1.2284830808639526,0.5131396651268005,2.240000009536743,0.8574357032775879,0.5103946924209595,1.9279999732971191
1.1593254804611206,0.04586222767829895,1.968500018119812,1.176716923713684,0.01703796163201332,1.9549999237060547,1.0587009191513062,0.010119439102709293,1.8485000133514404,1.218229055404663,0.11065661162137985,2.0460000038146973,0.9023507237434387,0.08939038217067719,1.944000005722046,1.3311198949813843,0.3629532754421234,2.254000186920166,0.8075250387191772,0.31466734409332275,1.9739999771118164,1.199961543083191,0.5149046182632446,2.2009999752044678,0.8480636477470398,0.5135186314582825,1.9279999732971191
1.1355003118515015,0.048578403890132904,1.9495000839233398,1.1527328491210938,0.02000933699309826,1.9359999895095825,1.048295497894287,0.01608801819384098,1.8459999561309814,1.20143461227417,0.10702662914991379,2.0399999618530273,0.8951974511146545,0.09277831763029099,1.9490000009536743,1.315299153327942,0.3678758144378662,2.239500045776367,0.7927351593971252,0.3119421601295471,1.9769999980926514,1.172767162322998,0.5163449645042419,2.177000045776367,0.8456444144248962,0.5151688456535339,1.9225000143051147
1.1071059703826904,0.06086835265159607,1.938499927520752,1.1228889226913452,0.032330162823200226,1.9225000143051147,1.0234616994857788,0.02496638521552086,1.8389999866485596,1.1897658109664917,0.11677108705043793,2.0369999408721924,0.8730911016464233,0.09909437596797943,1.9490000009536743,1.2931008338928223,0.36672595143318176,2.2325000762939453,0.7735146284103394,0.3183489739894867,1.9769999980926514,1.1408308744430542,0.5207083225250244,2.13700008392334,0.838322639465332,0.5113878846168518,1.9199999570846558
1.0868967771530151,0.06687325984239578,1.9305000305175781,1.1041983366012573,0.03856033831834793,1.9225000143051147,1.0033526420593262,0.033730603754520416,1.8294999599456787,1.1600152254104614,0.12524265050888062,2.0139999389648438,0.8519515991210938,0.10514000803232193,1.944000005722046,1.271016001701355,0.3727881908416748,2.2255001068115234,0.7628617882728577,0.3302815854549408,1.9910000562667847,1.1048551797866821,0.5204734206199646,2.1080000400543213,0.8348296284675598,0.5123551487922668,1.9119999408721924
1.0637019872665405,0.07594139873981476,1.9225000143051147,1.0962672233581543,0.045105040073394775,1.9359999895095825,0.9842193722724915,0.04256555438041687,1.8270000219345093,1.1289336681365967,0.12362581491470337,1.9879999160766602,0.8246256113052368,0.12057870626449585,1.9390000104904175,1.245103359222412,0.3776097595691681,2.2114999294281006,0.7531071305274963,0.3461161255836487,2.007999897003174,1.088117241859436,0.5241779088973999,2.0954999923706055,0.8348296284675598,0.5123551487922668,1.9119999408721924
1.0344585180282593,0.08182964473962784,1.9144999980926514,1.0743082761764526,0.05451592803001404,1.9359999895095825,0.9544903635978699,0.04818104952573776,1.815500020980835,1.1030458211898804,0.1296757012605667,1.9819999933242798,0.7951169013977051,0.1235290989279747,1.9359999895095825,1.2139204740524292,0.3746216893196106,2.194000005722046,0.737939715385437,0.3498917520046234,2.010999917984009,1.0881270170211792,0.5259367823600769,2.0889999866485596,0.8317314982414246,0.5154532790184021,1.9119999408721924
1.0106981992721558,0.0903981626033783,1.8989999294281006,1.0554864406585693,0.06706377863883972,1.9359999895095825,0.9312405586242676,0.05940306931734085,1.7990000247955322,1.0824096202850342,0.13271959125995636,1.9795000553131104,0.7709616422653198,0.12317816913127899,1.9305000305175781,1.192328929901123,0.36633914709091187,2.187000036239624,0.7183886766433716,0.3629256784915924,2.010999917984009,1.0915119647979736,0.5191670656204224,2.0889999866485596,0.8202865123748779,0.5141053199768066,1.906999945640564
0.9884995222091675,0.09894716739654541,1.8860000371932983,1.0368475914001465,0.07000130414962769,1.9305000305175781,0.9101951718330383,0.06788283586502075,1.7920000553131104,1.0620626211166382,0.13218319416046143,1.9714999198913574,0.7502449750900269,0.12285912781953812,1.9254999160766602,1.1762686967849731,0.3551388680934906,2.183500051498413,0.6955791711807251,0.36618417501449585,2.010999917984009,1.0748761892318726,0.5176758766174316,2.0829999446868896,0.8117585778236389,0.512622594833374,1.9014999866485596
0.9602180123329163,0.10768507421016693,1.878499984741211,0.9979337453842163,0.0782957375049591,1.9040000438690186,0.88251131772995,0.07620906084775925,1.7829999923706055,1.041580080986023,0.1252518743276596,1.9630000591278076,0.7274594306945801,0.1258155256509781,1.9229999780654907,1.149558424949646,0.3488634526729584,2.1665000915527344,0.6760281324386597,0.3629256784915924,2.010999917984009,1.0715010166168213,0.5176758766174316,2.0829999446868896,0.7817286849021912,0.5060579180717468,1.8884999752044678
0.9230360984802246,0.11938169598579407,1.871000051498413,0.954883873462677,0.09283527731895447,1.8860000371932983,0.8473916053771973,0.08742070943117142,1.7760000228881836,1.0031490325927734,0.13033941388130188,1.944000005722046,0.6924982666969299,0.13442519307136536,1.9124999046325684,1.123384714126587,0.3287879228591919,2.1500000953674316,0.636925995349884,0.3694426715373993,2.010999917984009,1.0614280700683594,0.5093312859535217,2.0764999389648438,0.7317984104156494,0.514555811882019,1.8860000371932983
0.9054515361785889,0.1251097321510315,1.8659999370574951,0.9321310520172119,0.09512856602668762,1.871000051498413,0.8320648670196533,0.09019672125577927,1.7739999294281006,0.9827091693878174,0.1320129781961441,1.9225000143051147,0.6686850190162659,0.13277344405651093,1.8889999389648438,1.119662880897522,0.33428072929382324,2.1630001068115234,0.6141164302825928,0.3759596347808838,2.010999917984009,1.0535050630569458,0.5055293440818787,2.060999870300293,0.7134625911712646,0.5328915119171143,1.8860000371932983
0.8879480361938477,0.1277899444103241,1.8609999418258667,0.911399245262146,0.10024536401033401,1.8534998893737793,0.8154788613319397,0.0953507348895073,1.7630000114440918,0.9639973044395447,0.1307426393032074,1.9040000438690186,0.6501866579055786,0.1345399022102356,1.871000051498413,1.1111100912094116,0.3303171694278717,2.1600000858306885,0.5895426869392395,0.37158915400505066,2.004999876022339,1.045837640762329,0.5184261798858643,2.0460000038146973,0.6774715781211853,0.5377481579780579,1.871000051498413
0.8696923851966858,0.13241861760616302,1.8415000438690186,0.8899239897727966,0.10216241329908371,1.8339999914169312,0.7892299890518188,0.09920096397399902,1.7304999828338623,0.9439094662666321,0.12967829406261444,1.8884999752044678,0.6294633150100708,0.13400059938430786,1.8634999990463257,1.1076101064682007,0.33381709456443787,2.1600000858306885,0.5715831518173218,0.37047716975212097,1.9989999532699585,1.0348793268203735,0.5179162621498108,2.0310001373291016,0.6359519362449646,0.5454663634300232,1.8559999465942383
0.8433173894882202,0.13312308490276337,1.8105000257492065,0.8667864203453064,0.10378696769475937,1.8105000257492065,0.7609295845031738,0.09976502507925034,1.6924999952316284,0.926150918006897,0.1293349713087082,1.883500099182129,0.6065893173217773,0.13295792043209076,1.8489999771118164,1.0939861536026,0.33180803060531616,2.1470000743865967,0.554714560508728,0.3743152320384979,1.9849998950958252,1.0242234468460083,0.5142186880111694,2.0164999961853027,0.6050622463226318,0.5567447543144226,1.8534998893737793
0.824233889579773,0.13776199519634247,1.7944999933242798,0.8453702330589294,0.10551219433546066,1.7899999618530273,0.7454018592834473,0.1011447086930275,1.6699999570846558,0.9103039503097534,0.1318597048521042,1.8760000467300415,0.5853699445724487,0.13748450577259064,1.8294999599456787,1.0720926523208618,0.3272489309310913,2.117500066757202,0.5358436703681946,0.3733474016189575,1.9630000591278076,1.0176887512207031,0.5142186880111694,2.0164999961853027,0.5660192966461182,0.5657545924186707,1.8534998893737793
0.8201819658279419,0.1375700831413269,1.7920000553131104,0.8320648670196533,0.10456907004117966,1.7739999294281006,0.7284197807312012,0.10298005491495132,1.6559998989105225,0.9018144011497498,0.13150827586650848,1.871000051498413,0.5764322876930237,0.14561760425567627,1.8199999332427979,1.0653810501098633,0.32624438405036926,2.1110000610351562,0.5233522653579712,0.3870697021484375,1.9520000219345093,1.0111538171768188,0.5207534432411194,2.0164999961853027,0.5389895439147949,0.5837742686271667,1.8534998893737793
0.8094331622123718,0.14301729202270508,1.7874999046325684,0.8230553865432739,0.10988270491361618,1.7669999599456787,0.7189053297042847,0.10772504657506943,1.6464999914169312,0.8858009576797485,0.13048909604549408,1.8565000295639038,0.5551783442497253,0.1484033465385437,1.8179999589920044,1.0688016414642334,0.33308541774749756,2.1110000610351562,0.5071686506271362,0.39067476987838745,1.938499927520752,0.9941049218177795,0.5216100215911865,1.9825000762939453,0.5089565515518188,0.59879070520401,1.8534998893737793
0.795839250087738,0.1455463021993637,1.7829999923706055,0.8144659399986267,0.11560896039009094,1.7669999599456787,0.707663357257843,0.11254578828811646,1.6389999389648438,0.8747090697288513,0.13227479159832,1.8394999504089355,0.5573567152023315,0.15408271551132202,1.815500020980835,1.0652304887771606,0.3409731686115265,2.117500066757202,0.49817347526550293,0.3916826546192169,1.9279999732971191,0.9764707684516907,0.5188660025596619,1.9600000381469727,0.4795694649219513,0.596591055393219,1.8559999465942383
