-0.19120348989963531,0.08111805468797684,3.742000102996826,-0.19579575955867767,-0.0035232200752943754,3.499000072479248,-0.1016792431473732,0.009567254222929478,1.3485000133514404,-0.22633060812950134,0.15990887582302094,1.5095000267028809,-0.19547121226787567,0.22265765070915222,1.2120000123977661,0,0,0,-0.21348071098327637,0.48494935035705566,1.310499906539917,0,0,0,0,0,0
-0.11238033324480057,0.08111805468797684,3.742000102996826,-0.12458609789609909,-0.0035952148027718067,3.570499897003174,-0.07082521170377731,0.009531780146062374,1.3434998989105225,-0.17967967689037323,0.14508920907974243,1.5080000162124634,-0.17779651284217834,0.22265765070915222,1.2120000123977661,0,0,0,-0.1964930295944214,0.47645553946495056,1.310499906539917,0,0,0,0,0,0
-0.03962048888206482,0.08111805468797684,3.742000102996826,-0.049499962478876114,0.002195701003074646,3.579500198364258,-0.03995778411626816,0.011595400050282478,1.3305000066757202,-0.15570160746574402,0.1360231339931488,1.4890000820159912,-0.15815797448158264,0.22265765070915222,1.2120000123977661,0,0,0,-0.17670516669750214,0.468291699886322,1.3055000305175781,0,0,0,0,0,0
0.033050790429115295,0.08090127259492874,3.7319998741149902,0.025900229811668396,0.002195701003074646,3.579500198364258,-0.02067057229578495,0.020088236778974533,2.305000066757202,-0.12832410633563995,0.1621396392583847,1.5074999332427979,-0.14673714339733124,0.22517748177051544,1.215000033378601,0,0,0,-0.14977696537971497,0.4743320941925049,1.310499906539917,0,0,0,0,0,0
0.10345122963190079,0.08516605198383331,3.6554999351501465,0.09159238636493683,0.002242013579234481,3.6550002098083496,0.016848353669047356,0.020293040201067924,2.3285000324249268,-0.09075508266687393,0.13749045133590698,1.4535000324249268,-0.11514284461736679,0.226959228515625,1.2139999866485596,0,0,0,-0.1288856863975525,0.4734698534011841,1.3140000104904175,0,0,0,0,0,0
0.10424362868070602,0.08581839501857758,3.683499813079834,0.09159238636493683,0.002242013579234481,3.6550002098083496,0.009569228626787663,0.011525679379701614,1.3224999904632568,-0.08863215893507004,0.13427428901195526,1.4194999933242798,-0.11485830694437027,0.22639837861061096,1.2109999656677246,0,0,0,-0.12864047288894653,0.4725690484046936,1.311500072479248,0,0,0,0,0,0
0.15743140876293182,0.09388072788715363,3.5374999046325684,0.15081588923931122,0.008164327591657639,3.6550002098083496,0.030916213989257812,0.0136323943734169,1.319000005722046,-0.0644523948431015,0.12734469771385193,1.3940000534057617,-0.0913114994764328,0.22247393429279327,1.2109999656677246,0,0,0,-0.10669367760419846,0.47161751985549927,1.3029999732971191,0,0,0,0,0,0
0.20773935317993164,0.08527073264122009,3.421999931335449,0.21433685719966888,0.00810289941728115,3.627500057220459,0.054281339049339294,0.01572776958346367,1.315500020980835,-0.04836194962263107,0.12885965406894684,1.3860000371932983,-0.07168915867805481,0.2185494750738144,1.2109999656677246,0,0,0,-0.08963093161582947,0.46649813652038574,1.3004999160766602,0,0,0,0,0,0
0.2631874680519104,0.09636028110980988,3.421999931335449,0.26723697781562805,0.025736162438988686,3.627500057220459,0.07324199378490448,0.019930075854063034,1.3114999532699585,-0.027692826464772224,0.1333957463502884,1.3634999990463257,-0.05206681415438652,0.22443614900112152,1.2109999656677246,0,0,0,-0.06223662197589874,0.4686053991317749,1.3004999160766602,0,0,0,0,0,0
0.307545930147171,0.11853938549757004,3.421999931335449,0.3201371133327484,0.04336942732334137,3.627500057220459,0.09691254049539566,0.024253955110907555,1.315500020980835,-0.0012002744479104877,0.14233434200286865,1.3860000371932983,-0.036233797669410706,0.21969231963157654,1.2065000534057617,0,0,0,-0.03905681520700455,0.46439090371131897,1.3004999160766602,0,0,0,0,0,0
0.307545930147171,0.11853938549757004,3.421999931335449,0.3236672282218933,0.04384765774011612,3.6675000190734863,0.09547597914934158,0.023894431069493294,1.2960000038146973,-0.0012002744479104877,0.14233434200286865,1.3860000371932983,-0.036068618297576904,0.21869079768657684,1.2009999752044678,0,0,0,-0.038981739431619644,0.46349820494651794,1.2979999780654907,0,0,0,0,0,0
0.36299407482147217,0.12962894141674042,3.421999931335449,0,0,0,0.11485789716243744,0.027704134583473206,1.277999997138977,0.005521127954125404,0.13520565629005432,1.3819999694824219,-0.024311194196343422,0.22184151411056519,1.1970000267028809,0,0,0,-0.013743290677666664,0.46980777382850647,1.2979999780654907,0,0,0,0,0,0
0.4112871587276459,0.12574613094329834,3.319499969482422,0.42687949538230896,0.05305062606930733,3.491000175476074,0.13276386260986328,0.027552388608455658,1.2709999084472656,0.03015356883406639,0.1441628485918045,1.3819999694824219,-0.0068266140297055244,0.22284629940986633,1.1920000314712524,0,0,0,-0.005322261247783899,0.481683611869812,1.2960000038146973,0,0,0,0,0,0
0.488777220249176,0.13942010700702667,3.5295000076293945,0,0,0,0.1504656970500946,0.03149684518575668,1.2639999389648438,0.06150394678115845,0.14192354679107666,1.3819999694824219,0.012456434778869152,0.22035886347293854,1.1890000104904175,0.1171376034617424,0.3119095265865326,1.4325000047683716,0.017647024244070053,0.4698145091533661,1.2864999771118164,0.34161177277565,0.5555307269096375,2.0985000133514404,0,0,0
0.5859537720680237,0.15576903522014618,3.7880001068115234,0,0,0,0.1750430315732956,0.03354494273662567,1.2639999389648438,0.08741648495197296,0.14259813725948334,1.3669999837875366,0.01817484386265278,0.21577735245227814,1.184999942779541,0.14468763768672943,0.30662378668785095,1.4294999837875366,0.03609685227274895,0.45959725975990295,1.2755000591278076,0.38513538241386414,0.5497066974639893,2.0764999389648438,0,0,0
0.6056478023529053,0.15872856974601746,3.578000068664551,0,0,0,0.19521480798721313,0.03553672879934311,1.2620000839233398,0.11080031096935272,0.13695526123046875,1.3550000190734863,0.03150886297225952,0.21122176945209503,1.180999994277954,0.16253280639648438,0.3030302822589874,1.4235000610351562,0.04815513268113136,0.46045857667922974,1.2664999961853027,0.3917081356048584,0.5281360149383545,2.058000087738037,0,0,0
0.6694212555885315,0.1703236699104309,3.578000068664551,0,0,0,0.21566352248191833,0.03962644934654236,1.2620000839233398,0.12836481630802155,0.15451966226100922,1.3550000190734863,0.04104220122098923,0.21486689150333405,1.1799999475479126,0.1730262041091919,0.321855753660202,1.4149999618530273,0.06207599118351936,0.473486989736557,1.2574999332427979,0.3971250355243683,0.5089191198348999,2.0345001220703125,0,0,0
0.8142752051353455,0.2004512995481491,3.942500114440918,0,0,0,0.24020197987556458,0.04371616616845131,1.2620000839233398,0.16051173210144043,0.1581030935049057,1.3669999837875366,0.04673856869339943,0.21850553154945374,1.178999900817871,0.19933496415615082,0.2994113564491272,1.406499981880188,0.06997501105070114,0.4677320718765259,1.253000020980835,0,0,0,0,0,0
0.5378243923187256,0.13239699602127075,2.6040000915527344,0,0,0,0.24001164734363556,0.04368152469396591,1.2610000371932983,0.16209690272808075,0.15966446697711945,1.380500078201294,0.04665928706526756,0.21813489496707916,1.1770000457763672,0.19756340980529785,0.29675042629241943,1.3940000534057617,0.06997501105070114,0.4677320718765259,1.253000020980835,0,0,0,0,0,0
0.2872229516506195,0.07080066949129105,1.2709999084472656,0,0,0,0.2663624882698059,0.05181335285305977,1.2599999904632568,0.20459766685962677,0.1529538780450821,1.380500078201294,0.06336265057325363,0.22034627199172974,1.1684999465942383,0.2449972927570343,0.31030288338661194,1.3940000534057617,0.07600516080856323,0.4653301239013672,1.2519999742507935,0,0,0,0,0,0
