0.12344826757907867,0.1152392104268074,1.2395000457763672,0.15356071293354034,0.08858088403940201,1.2899999618530273,0.09208717197179794,0.0838087797164917,1.25,0.1720775067806244,0.23598401248455048,1.465499997138977,0.010959365405142307,0.18924419581890106,1.2374999523162842,0.18170808255672455,0.4126476049423218,1.4860000610351562,-0.04196301847696304,0.21725653111934662,0.9760000109672546,0.3912535309791565,0.8049320578575134,2.1470000743865967,-0.04348534345626831,0.10238988697528839,0.7150000333786011
0.1168578714132309,0.11464676260948181,1.2549999952316284,0.152292400598526,0.08695998042821884,1.2969999313354492,0.08690540492534637,0.08468039333820343,1.2630000114440918,0.16944058239459991,0.2317492812871933,1.4839999675750732,0.00901931431144476,0.1886007934808731,1.246500015258789,0.189629465341568,0.42748475074768066,1.5304999351501465,-0.04219948872923851,0.21689045429229736,0.9815000295639038,0.3912535309791565,0.8084108829498291,2.1470000743865967,-0.04529949277639389,0.10624460875988007,0.7254999876022339
0.11431866139173508,0.11413869261741638,1.2720000743865967,0.14521732926368713,0.08352252095937729,1.309000015258789,0.08363202959299088,0.08138500899076462,1.2755000591278076,0.16468645632266998,0.2328219711780548,1.506500005722046,0.0050517115741968155,0.19132426381111145,1.2644999027252197,0.19252987205982208,0.4550817310810089,1.5745000839233398,-0.045935045927762985,0.21954219043254852,0.9934999942779541,0,0,0,-0.04929260164499283,0.11112173646688461,0.750499963760376
0.1112361028790474,0.1110544502735138,1.284000039100647,0.14018021523952484,0.08432010561227798,1.3215000629425049,0.07806920260190964,0.0820549726486206,1.2860000133514404,0.16649019718170166,0.23290418088436127,1.5230000019073486,0.007184865418821573,0.18737418949604034,1.2795000076293945,0.18394123017787933,0.43952780961990356,1.6110000610351562,-0.04692910984158516,0.22429323196411133,1.0149999856948853,0.3372444808483124,0.7878899574279785,2.0924999713897705,-0.05225846543908119,0.12252052128314972,0.7764999866485596
0.10979317128658295,0.11170314252376556,1.2915000915527344,0.13845674693584442,0.08027982711791992,1.3255000114440918,0.07622178643941879,0.08021996915340424,1.2899999618530273,0.1668727993965149,0.22601909935474396,1.5264999866485596,0.005133610684424639,0.18609750270843506,1.2850000858306885,0.17851509153842926,0.4455300569534302,1.6330000162124634,-0.05445660278201103,0.22827084362506866,1.0329999923706055,0.32615721225738525,0.7939144372940063,2.1085000038146973,-0.05477486178278923,0.12503691017627716,0.7764999866485596
0.10790897905826569,0.10982265323400497,1.2940000295639038,0.13532519340515137,0.0788099393248558,1.3369998931884766,0.07441888749599457,0.0784325823187828,1.2950000762939453,0.16277451813220978,0.22969003021717072,1.534500002861023,0.0009712169412523508,0.18228720128536224,1.287500023841858,0.17078594863414764,0.45137420296669006,1.6349999904632568,-0.05844774469733238,0.23588941991329193,1.0444999933242798,0.31590771675109863,0.7939144372940063,2.1085000038146973,-0.05477486178278923,0.12881147861480713,0.7764999866485596
0.10597579926252365,0.10789244621992111,1.2960000038146973,0.13415475189685822,0.07721681892871857,1.347000002861023,0.07257184386253357,0.07870511710643768,1.2994999885559082,0.1634640097618103,0.22816602885723114,1.5410000085830688,-0.0011223345063626766,0.1792907565832138,1.2960000038146973,0.1628381758928299,0.4460757076740265,1.6349999904632568,-0.060543242841959,0.23576654493808746,1.0515000820159912,0.289188027381897,0.7616977095603943,2.0404999256134033,-0.05603305250406265,0.12881147861480713,0.7764999866485596
0.10626199841499329,0.10818382352590561,1.2994999885559082,0.13465271890163422,0.07750344276428223,1.3519999980926514,0.07285107672214508,0.07900794595479965,1.3044999837875366,0.16154156625270844,0.22396869957447052,1.5464999675750732,0.0009829092305153608,0.18659302592277527,1.3029999732971191,0.14164409041404724,0.4672696590423584,1.6349999904632568,-0.06395082175731659,0.23576654493808746,1.0515000820159912,0,0,0,-0.05603305250406265,0.1275532841682434,0.7764999866485596
0.10638465732336044,0.10830869525671005,1.3009999990463257,0.13505110144615173,0.07773274183273315,1.3559999465942383,0.07081867754459381,0.07909879833459854,1.305999994277954,0.16478995978832245,0.22246527671813965,1.5534999370574951,-0.0011283964850008488,0.19292688369750977,1.3029999732971191,0.13634558022022247,0.48051589727401733,1.6349999904632568,-0.06735840439796448,0.23917409777641296,1.0515000820159912,0,0,0,-0.058059338480234146,0.12648554146289825,0.7699999809265137
0.10638465732336044,0.10830869525671005,1.3009999990463257,0.13520050048828125,0.07781872898340225,1.3574999570846558,0.07087289541959763,0.07915935665369034,1.306999921798706,0.16516123712062836,0.22044362127780914,1.556999921798706,-0.0011314274743199348,0.1934451013803482,1.30649995803833,0.13617880642414093,0.48257410526275635,1.6330000162124634,-0.07076597958803177,0.23917409777641296,1.0515000820159912,0,0,0,-0.06202644854784012,0.12565961480140686,0.7574999928474426
0.10638465732336044,0.10830869525671005,1.3009999990463257,0.13534988462924957,0.07790471613407135,1.3589999675750732,0.07087289541959763,0.07915935665369034,1.306999921798706,0.1680610477924347,0.2184106409549713,1.5605000257492065,-0.00537154171615839,0.1936672031879425,1.3079999685287476,0.13140670955181122,0.46187135577201843,1.6069999933242798,-0.07427936792373657,0.24463389813899994,1.0529999732971191,0,0,0,-0.061739854514598846,0.12507900595664978,0.7539999485015869
0.10638465732336044,0.11041674762964249,1.3009999990463257,0.13559888303279877,0.07804803550243378,1.3615000247955322,0.07087289541959763,0.08127713203430176,1.306999921798706,0.17097219824790955,0.21636632084846497,1.5640000104904175,-0.0032571065239608288,0.19396333396434784,1.309999942779541,0,0,0,-0.07609383016824722,0.24839967489242554,1.0545001029968262,0,0,0,-0.06275284290313721,0.1295350044965744,0.7515000104904175
0.10638465732336044,0.11252479255199432,1.3009999990463257,0.13559888303279877,0.08025410771369934,1.3615000247955322,0.07087289541959763,0.08339489996433258,1.306999921798706,0.1741165667772293,0.21967029571533203,1.5694999694824219,-0.009654439985752106,0.19455558061599731,1.313999891281128,0,0,0,-0.07438518851995468,0.2603601813316345,1.0545001029968262,0,0,0,-0.06397052854299545,0.14171180129051208,0.7515000104904175
0.10618022829294205,0.1144125834107399,1.2985000610351562,0.13559888303279877,0.0824601948261261,1.3615000247955322,0.07087289541959763,0.0855126827955246,1.306999921798706,0.1741165667772293,0.22984273731708527,1.5694999694824219,-0.026738250628113747,0.1991920918226242,1.316499948501587,0,0,0,-0.07438518851995468,0.27232062816619873,1.0545001029968262,0,0,0,-0.06392796337604523,0.1574368178844452,0.7509999871253967
0.10379568487405777,0.11620251834392548,1.2950000762939453,0.13559888303279877,0.08687235414981842,1.3615000247955322,0.06870251148939133,0.0875634104013443,1.305999994277954,0.1766596883535385,0.23492896556854248,1.5694999694824219,-0.024483587592840195,0.20669913291931152,1.309999942779541,0.14626957476139069,0.42375004291534424,1.5439999103546143,-0.07120342552661896,0.29036763310432434,1.058000087738037,0,0,0,-0.060197073966264725,0.1681644320487976,0.75
0.1035151556134224,0.12007377296686172,1.2915000915527344,0.13559888303279877,0.08687235414981842,1.3615000247955322,0.068492092192173,0.08940489590167999,1.3020000457763672,0.18174594640731812,0.23238584399223328,1.5694999694824219,-0.02868502400815487,0.20850297808647156,1.3079999685287476,0,0,0,-0.07336573302745819,0.3059502840042114,1.064500093460083,0,0,0,-0.07351585477590561,0.12919026613235474,0.749500036239624
0.10319454967975616,0.12178806215524673,1.287500023841858,0.13314783573150635,0.09111689776182175,1.3589999675750732,0.06617846339941025,0.09123341739177704,1.2979999780654907,0.18937532603740692,0.2425583004951477,1.5694999694824219,-0.041290685534477234,0.23330973088741302,1.3044999837875366,0.15461376309394836,0.45161357522010803,1.503499984741211,-0.06553210318088531,0.3585720360279083,1.0774999856948853,0,0,0,0,0,0
0.10291401296854019,0.12353748083114624,1.2839999198913574,0.13007859885692596,0.09051347523927689,1.3499999046325684,0.0661274716258049,0.09536626189947128,1.2969999313354492,0.18534420430660248,0.23810361325740814,1.556999921798706,-0.034922681748867035,0.22890666127204895,1.3034999370574951,0.16574077308177948,0.4487600028514862,1.49399995803833,-0.07076986134052277,0.34635066986083984,1.0774999856948853,0,0,0,0,0,0
0.10055863857269287,0.12735040485858917,1.2804999351501465,0.12945230305194855,0.09443150460720062,1.3434998989105225,0.06368034332990646,0.09903202950954437,1.2899999618530273,0.18409430980682373,0.2364979088306427,1.5464999675750732,-0.03265954181551933,0.23626254498958588,1.2975000143051147,0.17190305888652802,0.4531225860118866,1.4844999313354492,-0.06727802008390427,0.332383394241333,1.0774999856948853,0,0,0,0,0,0
0.1004408523440361,0.13134604692459106,1.2790000438690186,0.12897053360939026,0.09408007562160492,1.3385000228881836,0.06130363419651985,0.09857141971588135,1.284000039100647,0.18831120431423187,0.24298983812332153,1.5399999618530273,-0.03244558721780777,0.2409806102514267,1.2890000343322754,0.1791192591190338,0.46755486726760864,1.4844999313354492,-0.062040261924266815,0.35682612657546997,1.0774999856948853,0,0,0,0,0,0
