0.1024433821439743,0.1255098581314087,1.3044999837875366,0.13027054071426392,0.09193629771471024,1.3079999685287476,0.06967993825674057,0.0903196856379509,1.2850000858306885,0.20657481253147125,0.24331626296043396,1.4249999523162842,-0.08838240802288055,0.24169418215751648,1.4155000448226929,0.2885788679122925,0.36495617032051086,1.2769999504089355,-0.14788265526294708,0.5349936485290527,1.5329999923706055,0,0,0,0,0,0
0.1045571118593216,0.1255098581314087,1.3044999837875366,0.13027054071426392,0.09405568987131119,1.3079999685287476,0.07181792706251144,0.08830621838569641,1.2860000133514404,0.20426583290100098,0.24100731313228607,1.4249999523162842,-0.09057990461587906,0.24143804609775543,1.4140000343322754,0.288352906703949,0.36467039585113525,1.2760000228881836,-0.14539867639541626,0.5349936485290527,1.5329999923706055,0,0,0,0,0,0
0.1024433821439743,0.1255098581314087,1.3044999837875366,0.13027054071426392,0.09405568987131119,1.3079999685287476,0.07181792706251144,0.08830621838569641,1.2860000133514404,0.20426583290100098,0.24100731313228607,1.4249999523162842,-0.08828874677419662,0.23914691805839539,1.4140000343322754,0.2922587990760803,0.3664505183696747,1.274999976158142,-0.14539867639541626,0.5349936485290527,1.5329999923706055,0,0,0,0,0,0
0.1024433821439743,0.1255098581314087,1.3044999837875366,0.13017092645168304,0.09398377686738968,1.306999921798706,0.06967993825674057,0.08823755383491516,1.2850000858306885,0.20174427330493927,0.2430601567029953,1.4235000610351562,-0.09296959638595581,0.23940061032772064,1.4155000448226929,0.2922587990760803,0.36438459157943726,1.274999976158142,-0.14291469752788544,0.5275417566299438,1.5329999923706055,0,0,0,0,0,0
0.10032964497804642,0.1255098581314087,1.3044999837875366,0.12795516848564148,0.09391187131404877,1.305999994277954,0.06962570548057556,0.08816887438297272,1.2839999198913574,0.20153169333934784,0.24280403554439545,1.4220000505447388,-0.09755678474903107,0.23940061032772064,1.4155000448226929,0.29168573021888733,0.35954636335372925,1.2725000381469727,-0.14691799879074097,0.5339716076850891,1.5230000019073486,0,0,0,0,0,0
0.09866764396429062,0.12608712911605835,1.3105000257492065,0.1258390098810196,0.09391187131404877,1.305999994277954,0.06546466797590256,0.08608837425708771,1.2839999198913574,0.19692343473434448,0.24049994349479675,1.4220000505447388,-0.0998503789305687,0.2371070235967636,1.4155000448226929,0.30345967411994934,0.36089783906936646,1.2699999809265137,-0.14811064302921295,0.5220736265182495,1.5099999904632568,0.3563723862171173,0.3934743404388428,1.0450000762939453,0,0,0
0.09467290341854095,0.12429476529359818,1.3140000104904175,0.12146700173616409,0.09169028699398041,1.3044999837875366,0.06321137398481369,0.08377887308597565,1.2804999351501465,0.19692343473434448,0.24049994349479675,1.4220000505447388,-0.09755678474903107,0.2371070235967636,1.4155000448226929,0.3026233911514282,0.3455381393432617,1.2664999961853027,-0.14990927278995514,0.5173900723457336,1.503499984741211,0.3614521622657776,0.383314847946167,1.0450000762939453,0,0,0
0.09254378080368042,0.12429476529359818,1.3140000104904175,0.11723953485488892,0.09169028699398041,1.3044999837875366,0.06101716682314873,0.08361531049013138,1.277999997138977,0.1921122968196869,0.237944558262825,1.4205000400543213,-0.10214396566152573,0.23481345176696777,1.4155000448226929,0.2989099323749542,0.33750593662261963,1.2595000267028809,-0.1546272188425064,0.5193076729774475,1.5019999742507935,0.3648386597633362,0.3714621365070343,1.0450000762939453,0,0,0
0.08615639060735703,0.12216564267873764,1.3140000104904175,0.11534643173217773,0.09186600148677826,1.306999921798706,0.05683106929063797,0.0814807116985321,1.2769999504089355,0.1888752579689026,0.23677201569080353,1.4135000705718994,-0.10443756729364395,0.2371070235967636,1.4155000448226929,0.3001144826412201,0.33046263456344604,1.25600004196167,-0.15669499337673187,0.5180975794792175,1.4984999895095825,0.5506548881530762,0.5374674201011658,1.599500060081482,0,0,0
0.08189813047647476,0.12216564267873764,1.3140000104904175,0.10890968143939972,0.08967956155538559,1.305999994277954,0.050524432212114334,0.08132119476795197,1.2744998931884766,0.18513287603855133,0.23720192909240723,1.4024999141693115,-0.10673116147518158,0.23940061032772064,1.4155000448226929,0.29215505719184875,0.31607937812805176,1.2395000457763672,-0.15843285620212555,0.5134326815605164,1.4919999837875366,0.540287971496582,0.51155024766922,1.599500060081482,0,0,0
0.07551074028015137,0.12429476529359818,1.3140000104904175,0.1045571118593216,0.09169028699398041,1.3044999837875366,0.04626677185297012,0.08109787106513977,1.2709999084472656,0.17949335277080536,0.23576435446739197,1.3940000534057617,-0.11151494830846786,0.24212104082107544,1.4179999828338623,0.2900102734565735,0.3056766390800476,1.222000002861023,-0.16293965280056,0.5196382999420166,1.4889999628067017,0.5299209952354431,0.48822474479675293,1.599500060081482,0,0,0
0.07111690938472748,0.12405827641487122,1.3114999532699585,0.10032964497804642,0.09169028699398041,1.3044999837875366,0.04002533480525017,0.0830264762043953,1.2690000534057617,0.1697857826948166,0.23258429765701294,1.3884999752044678,-0.11611023545265198,0.24212104082107544,1.4179999828338623,0.29570823907852173,0.30740487575531006,1.2209999561309814,-0.16535234451293945,0.5172256827354431,1.4889999628067017,0.5273292064666748,0.4726743996143341,1.599500060081482,0,0,0
0.0622585155069828,0.12546174228191376,1.303999900817871,0.09198034554719925,0.09602802246809006,1.305999994277954,0.033830009400844574,0.08707020431756973,1.2680000066757202,0.16463138163089752,0.23614485561847687,1.3830000162124634,-0.12287306785583496,0.2395697385072708,1.4165000915527344,0.27518171072006226,0.2944628894329071,1.2005000114440918,-0.17000629007816315,0.5215250849723816,1.4874999523162842,0.5040035843849182,0.46230754256248474,1.599500060081482,0,0,0
0.05561955273151398,0.12478825449943542,1.2969999313354492,0.08569741249084473,0.09398377686738968,1.306999921798706,0.02558133378624916,0.08491505682468414,1.2664999961853027,0.1571093201637268,0.23049044609069824,1.375999927520752,-0.12481482326984406,0.24118192493915558,1.412500023841858,0.2607014775276184,0.2834581732749939,1.178999900817871,-0.1724165380001068,0.5191148519515991,1.4874999523162842,0.4803774058818817,0.4671986699104309,1.5985000133514404,0,0,0
0.04927678778767586,0.12259209901094437,1.2960000038146973,0.07934404164552689,0.09186600148677826,1.306999921798706,0.01942484639585018,0.08491505682468414,1.2664999961853027,0.14998328685760498,0.22982043027877808,1.371999979019165,-0.1364031881093979,0.23914691805839539,1.4140000343322754,0.24648968875408173,0.28059259057044983,1.1749999523162842,-0.17610512673854828,0.5157994627952576,1.4779999256134033,0.45073315501213074,0.4605579674243927,1.5500000715255737,0,0,0
0.04084539785981178,0.12039917707443237,1.2950000762939453,0.07092712074518204,0.09193629771471024,1.3079999685287476,0.01120290718972683,0.08276476711034775,1.2649999856948853,0.1430528163909912,0.22718261182308197,1.369499921798706,-0.13869434595108032,0.24143804609775543,1.4140000343322754,0.2391386777162552,0.28246405720710754,1.1670000553131104,-0.18211162090301514,0.5172430872917175,1.468500018119812,0.26083624362945557,0.2787478268146515,0.9279999732971191,0,0,0
0.03227660432457924,0.11974836140871048,1.2879999876022339,0.06244949623942375,0.09193629771471024,1.3079999685287476,0.003003977006301284,0.08276476711034775,1.2649999856948853,0.13820983469486237,0.22873163223266602,1.3654999732971191,-0.14556783437728882,0.24372920393943787,1.4140000343322754,0.23455005884170532,0.28338029980659485,1.1629999876022339,-0.1866796910762787,0.5167147517204285,1.4670000076293945,0.2446461170911789,0.284197062253952,0.906999945640564,0,0,0
0.023789264261722565,0.11905106157064438,1.2804999351501465,0.05397186428308487,0.09193629771471024,1.3079999685287476,-0.005186740774661303,0.08263391256332397,1.2630000114440918,0.1336377114057541,0.22848036885261536,1.3639999628067017,-0.15440420806407928,0.245498389005661,1.4110000133514404,0.22701223194599152,0.2890336513519287,1.1629999876022339,-0.19361263513565063,0.511437177658081,1.465499997138977,0.23127807676792145,0.28880271315574646,0.8895000219345093,0,0,0
0.015459630638360977,0.11881864070892334,1.277999997138977,0.045459453016519547,0.09186600148677826,1.306999921798706,-0.015382575802505016,0.08243763446807861,1.2599999904632568,0.12921743094921112,0.22627024352550507,1.3639999628067017,-0.16092024743556976,0.24725784361362457,1.4079999923706055,0.2268170267343521,0.30384770035743713,1.1619999408721924,-0.200531005859375,0.5156580805778503,1.4639999866485596,0.21554793417453766,0.30590298771858215,0.8725000023841858,0,0,0
0.005101649556308985,0.11872566491365433,1.2769999504089355,0.036988306790590286,0.09186600148677826,1.306999921798706,-0.023502375930547714,0.08227406442165375,1.2574999332427979,0.12479713559150696,0.22627024352550507,1.3639999628067017,-0.16968369483947754,0.24900758266448975,1.4049999713897705,0.23028507828712463,0.32978105545043945,1.1605000495910645,-0.20527538657188416,0.5061693787574768,1.4639999866485596,0.1985829621553421,0.30448922514915466,0.8725000023841858,0,0,0
