0.41516247391700745,0.06982291489839554,1.2910000085830688,0.44367507100105286,0.040851034224033356,1.3009999990463257,0.3772083818912506,0.033491864800453186,1.2619999647140503,0.5176085233688354,0.17691297829151154,1.4294999837875366,0.26048824191093445,0.16515590250492096,1.3344999551773071,0.7085765600204468,0.18964947760105133,1.3394999504089355,0.11639788746833801,0.17399993538856506,1.149999976158142,1.0439614057540894,0.2019335925579071,2.2105000019073486,0.28734657168388367,0.057648904621601105,1.2994999885559082
0.437182754278183,0.05558602511882782,1.3004999160766602,0.46389228105545044,0.019823700189590454,1.3044999837875366,0.39970195293426514,0.006908699870109558,1.2619999647140503,0.4943295121192932,0.18526634573936462,1.4225000143051147,0.2612690329551697,0.16348212957382202,1.3385000228881836,0.6803142428398132,0.18111078441143036,1.2940000295639038,0.1152339056134224,0.153812438249588,1.1384999752044678,0.529401957988739,0.13384154438972473,1.2079999446868896,0.24372147023677826,0.058329988270998,1.0785000324249268
0.44982630014419556,0.04294257238507271,1.3004999160766602,0.46389228105545044,0.02405114658176899,1.3044999837875366,0.4078814685344696,0.015088136307895184,1.2619999647140503,0.5107864141464233,0.16618196666240692,1.4170000553131104,0.25958412885665894,0.1420588195323944,1.340999960899353,0.6389526128768921,0.16077455878257751,1.25,0.11403651535511017,0.14541420340538025,1.1449999809265137,0.4885314404964447,0.14569036662578583,1.1619999408721924,0.28203654289245605,0.04083577170968056,1.0780000686645508
0,0,0,0,0,0,0.3853878378868103,-0.001270735519938171,1.2619999647140503,0.5033649206161499,0.14995098114013672,1.4155000448226929,0.26392990350723267,0.1333673596382141,1.340999960899353,0.6369271874427795,0.1567237228155136,1.25,0.1066153421998024,0.13613779842853546,1.1449999809265137,0.4708736538887024,0.14405398070812225,1.119999885559082,0.2571530342102051,0.0537027008831501,1.0910000801086426
0.4422457814216614,0.0578041709959507,1.3029999732971191,0.45790183544158936,0.03253095969557762,1.3055000305175781,0.3992268741130829,0.027324773371219635,1.2604999542236328,0.49824920296669006,0.16812127828598022,1.4140000343322754,0.24719037115573883,0.16203643381595612,1.3445000648498535,0.6470543146133423,0.15469831228256226,1.25,0.08806242793798447,0.13613779842853546,1.1449999809265137,0.46623483300209045,0.1240718811750412,1.0880000591278076,0.23626387119293213,0.037844616919755936,1.0924999713897705
0.44909611344337463,0.057870715856552124,1.3044999837875366,0.4600062966346741,0.03268046677112579,1.3114999532699585,0.40535420179367065,0.027324773371219635,1.2604999542236328,0.5012312531471252,0.1995602399110794,1.409500002861023,0.2481096088886261,0.1670122891664505,1.3494999408721924,0.6406875252723694,0.15620914101600647,1.2300000190734863,0.07693067938089371,0.14355893433094025,1.1449999809265137,0.4838641881942749,0.0958651453256607,1.0880000591278076,0.191718190908432,0.04170703515410423,1.1010000705718994
0.4517287015914917,0.05793726071715355,1.305999994277954,0.46567243337631226,0.02851705066859722,1.315500020980835,0.4152356684207916,0.027574069797992706,1.2720000743865967,0.5126506090164185,0.16758623719215393,1.409500002861023,0.24051593244075775,0.16122519969940186,1.3559999465942383,0.6037821769714355,0.15732987225055695,1.2079999446868896,0.06023305654525757,0.15654587745666504,1.1449999809265137,0.5772995948791504,0.10996851325035095,1.0880000591278076,0.12035831809043884,0.0452750064432621,1.1010000705718994
0.46053242683410645,0.053992804139852524,1.312999963760376,0.47529396414756775,0.02668636105954647,1.3305000066757202,0.4193578064441681,0.027574069797992706,1.2720000743865967,0.5172183513641357,0.16530238091945648,1.409500002861023,0.24264439940452576,0.16265198588371277,1.3680000305175781,0.6064392924308777,0.16091090440750122,1.2055000066757202,0.04562858119606972,0.16855622828006744,1.1510000228881836,0.6246702671051025,0.10405436158180237,1.0815000534057617,0.06505441665649414,0.039923045784235,1.1010000705718994
0.47438278794288635,0.05485636740922928,1.3340001106262207,0.4873558282852173,0.02492690645158291,1.3519999980926514,0.42347997426986694,0.023451942950487137,1.2720000743865967,0.528637707233429,0.17443780601024628,1.409500002861023,0.24611395597457886,0.16348426043987274,1.375,0.6298791766166687,0.15700428187847137,1.2055000066757202,0.03871568664908409,0.18232297897338867,1.1675000190734863,0.6803956031799316,0.0799957737326622,1.064500093460083,-0.006305455230176449,0.03635507822036743,1.1010000705718994
0.4842679798603058,0.05549374595284462,1.3494999408721924,0.8181678652763367,0.037829235196113586,2.249500036239624,0.4333169162273407,0.021676765754818916,1.2890000343322754,0.5240699648857117,0.16758623719215393,1.409500002861023,0.2463824599981308,0.16589300334453583,1.3765000104904175,0.6611323356628418,0.15505097806453705,1.2055000066757202,0.02570253424346447,0.18968896567821503,1.1779999732971191,0.7269801497459412,0.06604155898094177,1.062000036239624,-0.05841037631034851,0.047358185052871704,1.1080000400543213
0.4950239360332489,0.05352436751127243,1.3550000190734863,1.1591589450836182,0.05288861319422722,3.1449999809265137,0.4524647295475006,0.024346137419342995,1.3204998970031738,0.5347186923027039,0.17264249920845032,1.4135000705718994,0.2490643709897995,0.17066316306591034,1.378999948501587,0.6953211426734924,0.18085746467113495,1.2350000143051147,0.01815950870513916,0.2098398506641388,1.184000015258789,0.7307451367378235,0.09232915937900543,1.067500114440918,-0.14664620161056519,0.11758782714605331,1.1099998950958252
0.4986872673034668,0.05148034170269966,1.3589999675750732,1.1645032167434692,0.05313245952129364,3.1595001220703125,0.4602029025554657,0.022374656051397324,1.3304998874664307,0.5350136756896973,0.17423030734062195,1.4265000820159912,0.2547283172607422,0.1714676022529602,1.3854999542236328,0.7079889178276062,0.18415242433547974,1.2574999332427979,0.022498086094856262,0.22247393429279327,1.2109999656677246,0.7403286695480347,0.10755914449691772,1.0815000534057617,-0.1562701016664505,0.14695830643177032,1.1145000457763672
0.8250907063484192,0.0851755291223526,2.248499870300293,1.1672675609588623,0.05325858294963837,3.1670000553131104,0.46158647537231445,0.024604257196187973,1.3344999551773071,0.5413388013839722,0.17477992177009583,1.430999994277954,0.2579934298992157,0.16989438235759735,1.3910000324249268,0.7244812846183777,0.19218656420707703,1.2979999780654907,0.02704439125955105,0.2337348908185959,1.2395000457763672,0,0,0,-0.1515292525291443,0.15487346053123474,1.1195000410079956
1.1464097499847412,0.12395531684160233,3.138000011444092,1.1672675609588623,0.05325858294963837,3.1670000553131104,0.46166184544563293,0.024724097922444344,1.340999960899353,0.5390200614929199,0.17477992177009583,1.430999994277954,0.2557395398616791,0.16764050722122192,1.3910000324249268,0.7265845537185669,0.19428977370262146,1.2979999780654907,0.03561574965715408,0.24139614403247833,1.2584999799728394,0.7995412349700928,0.12183951586484909,1.1679999828338623,-0.13178999722003937,0.14808285236358643,1.1370000839233398
1.1413249969482422,0.12395531684160233,3.138000011444092,1.1672675609588623,0.05325858294963837,3.1670000553131104,0.4615449011325836,0.02483472228050232,1.347000002861023,0.5355029702186584,0.17049922049045563,1.434000015258789,0.2560153007507324,0.16330866515636444,1.3925000429153442,0.7223780751228333,0.1963929682970047,1.2979999780654907,0.05283713340759277,0.2393915057182312,1.2804999351501465,0.9035910964012146,0.11844579875469208,1.3199999332427979,-0.09682224690914154,0.13034671545028687,1.159500002861023
1.1438709497451782,0.11913589388132095,3.1449999809265137,1.1570043563842773,0.04812699183821678,3.1670000553131104,0.46377208828926086,0.022761443629860878,1.3535000085830688,0.5330770015716553,0.1665460616350174,1.440000057220459,0.25629109144210815,0.15896709263324738,1.3940000534057617,0.7452330589294434,0.20299522578716278,1.371000051498413,0.07218092679977417,0.23954065144062042,1.2925000190734863,1.5196759700775146,0.16683006286621094,2.2200000286102295,-0.04301293194293976,0.10761265456676483,1.1779999732971191
1.1413096189498901,0.11940106004476547,3.1519999504089355,1.1570043563842773,0.05325858294963837,3.1670000553131104,0.4678586423397064,0.025055965408682823,1.3589999675750732,0.5295112133026123,0.16221673786640167,1.4429999589920044,0.25854983925819397,0.1499321311712265,1.3940000534057617,0.7480443716049194,0.21265816688537598,1.4054999351501465,0.09113520383834839,0.23772194981575012,1.2940000295639038,1.4837043285369873,0.1776214838027954,2.2200000286102295,0.018427914008498192,0.09223797917366028,1.2015000581741333
1.1413096189498901,0.11940106004476547,3.1519999504089355,1.1518726348876953,0.04812699183821678,3.1670000553131104,0.4656566381454468,0.02285393513739109,1.3589999675750732,0.52249675989151,0.16221673786640167,1.4429999589920044,0.26561158895492554,0.14783227443695068,1.3954999446868896,0.7298252582550049,0.2149355262517929,1.4054999351501465,0.11419915407896042,0.22723838686943054,1.2940000295639038,0.8344667553901672,0.12486183643341064,1.3429999351501465,0.16273950040340424,0.15893152356147766,2.1614999771118164
1.1413096189498901,0.11940106004476547,3.1519999504089355,1.1518726348876953,0.04812699183821678,3.1670000553131104,0.4670272171497345,0.022921200841665268,1.3629999160766602,0.5235830545425415,0.16255399584770203,1.4459999799728394,0.2675149440765381,0.1488916277885437,1.4054999351501465,0.7298252582550049,0.2149355262517929,1.4054999351501465,0.11419915407896042,0.22723838686943054,1.2940000295639038,0.8344667553901672,0.12486183643341064,1.3429999351501465,0.23467917740345,0.22918787598609924,3.117000102996826
1.1464169025421143,0.11429376155138016,3.1519999504089355,1.1518726348876953,0.04812699183821678,3.1670000553131104,0.47282782196998596,0.025203462690114975,1.3669999837875366,0.5252124667167664,0.15835928916931152,1.4505000114440918,0.27171191573143005,0.14995098114013672,1.4155000448226929,0.7070513367652893,0.21265816688537598,1.4054999351501465,0.1309729367494583,0.2209482640028,1.2940000295639038,0.7626548409461975,0.14444679021835327,1.3429999351501465,0.45185524225234985,0.2089855819940567,3.117000102996826
