1.1659798622131348,0.09834405034780502,2.8389999866485596,1.1964787244796753,0.057524602860212326,2.868000030517578,0,0,0,0.5523450970649719,0.1962634176015854,1.435499906539917,0.8023343086242676,0.2060084044933319,1.3329999446868896,0.35735800862312317,0.26114436984062195,1.559000015258789,0.8712623119354248,0.4738473892211914,1.4170000553131104,0.2762754261493683,0.3722090721130371,3.130499839782715,0,0,0
1.163515567779541,0.08895540237426758,2.8329999446868896,0.9106360673904419,0.0399346724152565,2.1659998893737793,0,0,0,0.5721921324729919,0.1951533406972885,1.4444999694824219,0.8138488531112671,0.20840387046337128,1.3485000133514404,0.359884113073349,0.24598777294158936,1.559000015258789,0.8793193101882935,0.49138301610946655,1.441499948501587,0.2879248261451721,0.35089924931526184,3.262500047683716,0,0,0
1.1565337181091309,0.08385875076055527,2.815999984741211,0.6204036474227905,0.02472059242427349,1.4700000286102295,0,0,0,0.589798629283905,0.19086778163909912,1.4474999904632568,0.8201858401298523,0.20562252402305603,1.3589999675750732,0.37504079937934875,0.23083117604255676,1.559000015258789,0.8750352263450623,0.4765160083770752,1.4459999799728394,0.28463101387023926,0.3161078095436096,3.2855000495910645,0,0,0
0.8858818411827087,0.06073908135294914,2.1570000648498535,0.6219778060913086,0.01748526096343994,1.462499976158142,0,0,0,0.5974534749984741,0.18167413771152496,1.4490000009536743,0.8209932446479797,0.2019587606191635,1.3639999628067017,0.37504079937934875,0.21314850449562073,1.559000015258789,0.8772186636924744,0.4695669412612915,1.4535000324249268,0.27398374676704407,0.27884259819984436,3.2855000495910645,0,0,0
0.6312609314918518,0.038000546395778656,1.524999976158142,0.6243475675582886,0.01748526096343994,1.462499976158142,0,0,0,0.6033958792686462,0.17499209940433502,1.4520000219345093,0.8346703052520752,0.19804923236370087,1.3829998970031738,0.3775669038295746,0.19799192249774933,1.559000015258789,0.8704846501350403,0.4686582684516907,1.4579999446868896,0.27398374676704407,0.2469009906053543,3.2855000495910645,0,0,0
0.6312609314918518,0.03552953898906708,1.524999976158142,0.6290870308876038,0.015115524642169476,1.462499976158142,0,0,0,0.6164305806159973,0.17771124839782715,1.4550000429153442,0.8561416268348694,0.19291375577449799,1.4110000133514404,0.377082496881485,0.18512362241744995,1.556999921798706,0.8845150470733643,0.4618089199066162,1.4814999103546143,0.28463101387023926,0.23093020915985107,3.2855000495910645,0,0,0
0.6386739611625671,0.038000546395778656,1.524999976158142,0.6338265538215637,0.015115524642169476,1.462499976158142,0,0,0,0.617701530456543,0.17807763814926147,1.4579999446868896,0.8622235059738159,0.1912110149860382,1.4325000047683716,0.37826448678970337,0.1718999743461609,1.5514999628067017,0.8832323551177979,0.45785215497016907,1.5080000162124634,0.3052271902561188,0.21446870267391205,3.2780001163482666,0,0,0
0.6436160206794739,0.0330585315823555,1.524999976158142,0.6442226767539978,0.012811153195798397,1.4700000286102295,0,0,0,0.6243475675582886,0.17625753581523895,1.462499976158142,0.8772186636924744,0.18694865703582764,1.4535000324249268,0.38456302881240845,0.16382846236228943,1.5464999675750732,0.8908682465553284,0.41977056860923767,1.5295000076293945,0.3234354555606842,0.1861630380153656,3.247499942779541,0,0,0
0.6460869908332825,0.03058752417564392,1.524999976158142,0.6545050740242004,0.010517949238419533,1.4824999570846558,0,0,0,0.6368488073348999,0.16457748413085938,1.4639999866485596,0.8901943564414978,0.18732397258281708,1.475000023841858,0.41423115134239197,0.16366955637931824,1.5449999570846558,0.9180813431739807,0.4200401306152344,1.5674999952316284,0.3586058020591736,0.1748277097940445,3.2325000762939453,0,0,0
0.654086709022522,0.028356200084090233,1.5379999876022339,0.6635342836380005,0.008167813532054424,1.4919999837875366,0,0,0,0.6476620435714722,0.16491474211215973,1.4670000076293945,0.893522322177887,0.18131430447101593,1.4844999313354492,0.42119550704956055,0.1559571772813797,1.5429999828338623,0.9192165732383728,0.40983670949935913,1.5870000123977661,0.378676176071167,0.15351979434490204,3.2249999046325684,0,0,0
0.6587133407592773,0.02844838611781597,1.5429999828338623,0.6672909259796143,0.008184236474335194,1.4950000047683716,0,0,0,0.6649805307388306,0.16746282577514648,1.468500018119812,0.9019489884376526,0.18302425742149353,1.4984999895095825,0.4256434738636017,0.14576730132102966,1.5410000085830688,0.9149375557899475,0.399928480386734,1.5885000228881836,0.4152553975582123,0.15351979434490204,3.2249999046325684,0,0,0
0.6645740270614624,0.025981847196817398,1.5449999570846558,0.6750580668449402,0.0057868920266628265,1.5015000104904175,0,0,0,0.6717918515205383,0.16558924317359924,1.4730000495910645,0.9091255068778992,0.18007048964500427,1.5145000219345093,0.43812820315361023,0.1432703584432602,1.5410000085830688,0.9129398465156555,0.3935648202896118,1.5940001010894775,0.43412917852401733,0.15280574560165405,3.2100000381469727,0,0,0
0.6702309250831604,0.023501228541135788,1.5464999675750732,0.6835465431213379,0.0009259423823095858,1.5095000267028809,0,0,0,0.6772542595863342,0.15859031677246094,1.4744999408721924,0.9151282906532288,0.17631906270980835,1.5245000123977661,0.46015238761901855,0.14313089847564697,1.5394999980926514,0.9160898327827454,0.40010619163513184,1.5994999408721924,0.4683395028114319,0.14173777401447296,3.194999933242798,0,0,0
0.6764343976974487,0.021110784262418747,1.5550000667572021,0.6858106851577759,-0.0015249833231791854,1.5145000219345093,0,0,0,0.694684624671936,0.1539684236049652,1.4759999513626099,0.9145649671554565,0.17764912545681,1.5360000133514404,0.4717039465904236,0.14285197854042053,1.5364999771118164,0,0,0,0.4994014501571655,0.14173777401447296,3.194999933242798,0,0,0
0.6865949630737305,0.018800392746925354,1.5724999904632568,0.6950814723968506,-0.006496683228760958,1.5295000076293945,0,0,0,0.6977846622467041,0.14454874396324158,1.4774999618530273,0.9137324690818787,0.17095820605754852,1.5429999828338623,0.4780814051628113,0.14252658188343048,1.5329999923706055,0,0,0,0.5229846835136414,0.13596244156360626,3.180999994277954,0,0,0
0.6937444806098938,0.008665984496474266,1.5829999446868896,0.705312967300415,-0.011580578051507473,1.5464999675750732,0,0,0,0.7042371034622192,0.1424914449453354,1.4809999465942383,0.9128546714782715,0.1616877168416977,1.5499999523162842,0.48801738023757935,0.13259071111679077,1.5329999923706055,0,0,0,0.5539105534553528,0.13080815970897675,3.180999994277954,0,0,0
0.6983838677406311,0.0035728702787309885,1.5994999408721924,0.7116979956626892,-0.016742471605539322,1.5605000257492065,0,0,0,0.7200478911399841,0.13739340007305145,1.503999948501587,0.9130016565322876,0.1584334820508957,1.5674999952316284,0.4948229193687439,0.1249755397439003,1.531000018119812,0,0,0,0.5808835625648499,0.10944629460573196,3.1595001220703125,0,0,0
0.7055882215499878,-0.001627185964025557,1.6160000562667847,0.7247533798217773,-0.022120827808976173,1.5835000276565552,1.216518521308899,-0.051887646317481995,2.755500078201294,0.733293354511261,0.1320285201072693,1.5264999866485596,0.9255879521369934,0.15892696380615234,1.5980000495910645,0.5012809634208679,0.11730305850505829,1.527999997138977,0,0,0,0.6152558922767639,0.09386461973190308,3.1519999504089355,0,0,0
0.7038397789001465,-0.0068725948221981525,1.6180000305175781,0.7288006544113159,-0.027501966804265976,1.5980000495910645,1.1977579593658447,-0.06009998545050621,2.7230000495910645,0.7297778725624084,0.12485309690237045,1.5295000076293945,0.9307768940925598,0.15286175906658173,1.6160000562667847,0.5087085962295532,0.1073995903134346,1.527999997138977,0,0,0,0.6328616738319397,0.06802470982074738,3.138000011444092,0,0,0
0.7036016583442688,-0.009526564739644527,1.6234999895095825,0.7262113094329834,-0.03268054872751236,1.5980000495910645,1.1933457851409912,-0.06451214849948883,2.7230000495910645,0.7363256216049194,0.1230548843741417,1.5379999876022339,0.9283470511436462,0.1537603735923767,1.625499963760376,0.5240778923034668,0.09511352330446243,1.5295000076293945,0,0,0,0.6582848429679871,0.047686297446489334,3.138000011444092,0,0,0
