0.6940048336982727,-0.21704678237438202,2.755000114440918,0.7302337288856506,-0.2625756561756134,2.861999988555908,0.5215201377868652,-0.2016107589006424,2.197499990463257,0.5320256352424622,-0.05122734606266022,2.321000099182129,0.33974260091781616,-0.012369571253657341,2.1080000400543213,0.5510568022727966,0.2069571316242218,2.438499927520752,0.32909253239631653,0.24428066611289978,2.1730000972747803,0.7992262840270996,0.5134724378585815,3.0360000133514404,0.4285389184951782,0.48609986901283264,2.2325000762939453
0.706961989402771,-0.21968600153923035,2.7885000705718994,0.7379524111747742,-0.26833346486091614,2.874000072479248,0.525917112827301,-0.20193186402320862,2.2009999752044678,0.5263118147850037,-0.05140391364693642,2.3289999961853027,0.34657394886016846,-0.008953912183642387,2.1080000400543213,0.5451986193656921,0.2022983431816101,2.430000066757202,0.33567044138908386,0.2474595308303833,2.1700000762939453,0.7943069338798523,0.5085530877113342,3.0360000133514404,0.4321563243865967,0.4897172749042511,2.2325000762939453
0.715455174446106,-0.22689782083034515,2.822000026702881,0.7379524111747742,-0.26833346486091614,2.874000072479248,0.525917112827301,-0.20193186402320862,2.2009999752044678,0.5298145413398743,-0.04794715344905853,2.3445000648498535,0.3499896228313446,-0.008953912183642387,2.1080000400543213,0.5402588248252869,0.20978392660617828,2.42549991607666,0.3387176990509033,0.24360616505146027,2.1670000553131104,0.7811091542243958,0.5161719918251038,3.0230000019073486,0.43577373027801514,0.4897172749042511,2.2325000762939453
0.7214310765266418,-0.22734001278877258,2.8274998664855957,0.7426092028617859,-0.26833346486091614,2.874000072479248,0.525917112827301,-0.20549823343753815,2.2009999752044678,0.5317926406860352,-0.047783542424440384,2.3364999294281006,0.35340532660484314,-0.015785230323672295,2.1080000400543213,0.5309112071990967,0.20377449691295624,2.4010000228881836,0.3416762053966522,0.2432127147912979,2.1635000705718994,0.7581745982170105,0.50577712059021,2.990499973297119,0.439391165971756,0.4897172749042511,2.2325000762939453
0.7214310765266418,-0.22734001278877258,2.8274998664855957,0.7585001587867737,-0.274075448513031,2.935500144958496,0.5294834971427917,-0.20549823343753815,2.2009999752044678,0.5317926406860352,-0.047783542424440384,2.3364999294281006,0.35340532660484314,-0.015785230323672295,2.1080000400543213,0.5188992023468018,0.20829519629478455,2.363999843597412,0.34406498074531555,0.24941429495811462,2.1565001010894775,0.7470312714576721,0.5111590623855591,2.9654998779296875,0.4480263590812683,0.4912527799606323,2.239500045776367
0.7200278043746948,-0.22689782083034515,2.822000026702881,0.777687132358551,-0.284103661775589,2.990999937057495,0.5294834971427917,-0.20549823343753815,2.2009999752044678,0.5261988043785095,-0.043846987187862396,2.3284997940063477,0.35340532660484314,-0.015785230323672295,2.1080000400543213,0.5171432495117188,0.20759031176567078,2.3559999465942383,0.3435065746307373,0.24203234910964966,2.1530001163482666,0.7247430086135864,0.5090044736862183,2.953000068664551,0.4466259777545929,0.4897172749042511,2.2325000762939453
0.7320197820663452,-0.23532548546791077,2.86899995803833,0.772840678691864,-0.284103661775589,2.990999937057495,0.5294834971427917,-0.20549823343753815,2.2009999752044678,0.5287976264953613,-0.04406353831291199,2.3399999141693115,0.36023667454719543,-0.015785230323672295,2.1080000400543213,0.5120947360992432,0.20934398472309113,2.3329999446868896,0.34001797437667847,0.24203234910964966,2.1530001163482666,0.7124001383781433,0.5225995182991028,2.921999931335449,0.4495375156402588,0.4853377938270569,2.2290000915527344
0.7425742149353027,-0.232526034116745,2.8919999599456787,0.7825336456298828,-0.284103661775589,2.990999937057495,0.5286415219306946,-0.20517145097255707,2.197499990463257,0.5382146239280701,-0.04421418532729149,2.3480000495910645,0.3529023826122284,-0.01576276682317257,2.1050000190734863,0.5045219659805298,0.20624825358390808,2.2985000610351562,0.3395442068576813,0.24517880380153656,2.1500000953674316,0.6895942091941833,0.5161609053611755,2.885999917984009,0.4531492590904236,0.4853377938270569,2.2290000915527344
0.7582417130470276,-0.23594316840171814,2.934499979019165,0.7825336456298828,-0.284103661775589,2.990999937057495,0.5330498814582825,-0.20549823343753815,2.2009999752044678,0.5344100594520569,-0.04421418532729149,2.3480000495910645,0.35340532660484314,-0.015785230323672295,2.1080000400543213,0.5045219659805298,0.2174212485551834,2.2985000610351562,0.3390704095363617,0.25179439783096313,2.1470000743865967,0.6792221069335938,0.5443302392959595,2.861999988555908,0.45243772864341736,0.4881817698478699,2.2255001068115234
0.7582417130470276,-0.23118829727172852,2.934499979019165,0.7825336456298828,-0.27925723791122437,2.990999937057495,0.5330498814582825,-0.20193186402320862,2.2009999752044678,0.5344100594520569,-0.040409646928310394,2.3480000495910645,0.3529023826122284,-0.008941168896853924,2.1050000190734863,0.4885195195674896,0.2189807891845703,2.2760000228881836,0.3390704095363617,0.2552732527256012,2.1470000743865967,0.6718741059303284,0.5421430468559265,2.8505001068115234,0.45101460814476013,0.4902409017086029,2.2184998989105225
0.7582417130470276,-0.23118829727172852,2.934499979019165,0.7825336456298828,-0.27925723791122437,2.990999937057495,0.5322022438049316,-0.2016107589006424,2.197499990463257,0.5287976264953613,-0.04027196392416954,2.3399999141693115,0.35631316900253296,-0.005530369933694601,2.1050000190734863,0.4845487177371979,0.22817456722259521,2.257500171661377,0.3390704095363617,0.24831554293632507,2.1470000743865967,0.6632758975028992,0.5480921268463135,2.8334999084472656,0.4495915472507477,0.48869407176971436,2.2114999294281006
0.7488105297088623,-0.22831271588802338,2.8980000019073486,0.7680132389068604,-0.274075448513031,2.935500144958496,0.5322022438049316,-0.2016107589006424,2.197499990463257,0.5271027684211731,-0.043922312557697296,2.3324999809265137,0.3529023826122284,-0.0021195707377046347,2.1050000190734863,0.48293888568878174,0.2274164855480194,2.25,0.3390704095363617,0.25179439783096313,2.1470000743865967,0.6533380746841431,0.5527511239051819,2.810500144958496,0.441724568605423,0.4879206418991089,2.2079999446868896
0.7488105297088623,-0.22831271588802338,2.8980000019073486,0.7663125991821289,-0.273468554019928,2.928999900817871,0.5330498814582825,-0.20193186402320862,2.2009999752044678,0.5291752219200134,-0.040013812482357025,2.325000047683716,0.35080674290657043,-0.00210698414593935,2.0924999713897705,0.4858277142047882,0.21614250540733337,2.246500015258789,0.3380438983440399,0.2545004189014435,2.140500068664551,0.6526251435279846,0.5167035460472107,2.7880001068115234,0.441724568605423,0.49149835109710693,2.2079999446868896
0.7472602725028992,-0.22784003615379333,2.892000198364258,0.756632387638092,-0.27001404762268066,2.892000198364258,0.5330498814582825,-0.20193186402320862,2.2009999752044678,0.5308822393417358,-0.040142886340618134,2.3324999809265137,0.3492140769958496,0.0012777328956872225,2.0829999446868896,0.4814364016056061,0.2158057540655136,2.243000030517578,0.3340284824371338,0.2540842890739441,2.13700008392334,0.6461877822875977,0.5116069316864014,2.760499954223633,0.4388413727283478,0.49227744340896606,2.2114999294281006
0.7472602725028992,-0.22784003615379333,2.892000198364258,0.756632387638092,-0.27001404762268066,2.892000198364258,0.5322022438049316,-0.2016107589006424,2.197499990463257,0.5401723980903625,-0.036480385810136795,2.3399999141693115,0.3419704735279083,-0.005464687943458557,2.0799999237060547,0.4858277142047882,0.20886234939098358,2.246500015258789,0.33056578040122986,0.25062164664268494,2.13700008392334,0.6506607532501221,0.5071340203285217,2.760499954223633,0.43525800108909607,0.4958608150482178,2.2114999294281006
0.750360906124115,-0.22407998144626617,2.9040000438690186,0.756632387638092,-0.265328049659729,2.892000198364258,0.5322022438049316,-0.2016107589006424,2.197499990463257,0.5420191884040833,-0.0366051085293293,2.3480000495910645,0.34147724509239197,-0.0020913768094033003,2.0769999027252197,0.4894678592681885,0.21250243484973907,2.246500015258789,0.3315712511539459,0.2548571228981018,2.1435000896453857,0.6616601347923279,0.5031511187553406,2.7880001068115234,0.431674599647522,0.4958608150482178,2.2114999294281006
0.7425742745399475,-0.22784003615379333,2.892000198364258,0.750484049320221,-0.2631720006465912,2.868499994277954,0.5286415219306946,-0.2016107589006424,2.197499990463257,0.5364954471588135,-0.04028056934475899,2.3404998779296875,0.3442615866661072,0.0012719054939225316,2.073499917984009,0.4902304410934448,0.20918774604797363,2.25,0.3315712511539459,0.2583302855491638,2.1435000896453857,0.6661776900291443,0.4895986318588257,2.7880001068115234,0.4294462502002716,0.49743035435676575,2.2184998989105225
0.7378882169723511,-0.22315403819084167,2.892000198364258,0.750484049320221,-0.2631720006465912,2.868499994277954,0.5303254723548889,-0.20225296914577484,2.2044999599456787,0.5404770970344543,-0.032479267567396164,2.325000047683716,0.33697229623794556,0.004623845685273409,2.069999933242798,0.5011677145957947,0.19825051724910736,2.25,0.3275623321533203,0.25790849328041077,2.140000104904175,0.6752126812934875,0.4895986318588257,2.7880001068115234,0.4258515238761902,0.5010250210762024,2.2184998989105225
0.7378882169723511,-0.22784003615379333,2.892000198364258,0.7458360195159912,-0.2631720006465912,2.868499994277954,0.5286415219306946,-0.19805008172988892,2.197499990463257,0.5395472645759583,-0.03618418052792549,2.321000099182129,0.33697229623794556,0.0012697585625573993,2.069999933242798,0.493876188993454,0.20189626514911652,2.25,0.3246248662471771,0.2548571228981018,2.1435000896453857,0.6842477321624756,0.4941161274909973,2.7880001068115234,0.42292293906211853,0.49821510910987854,2.2219998836517334
0.7409499287605286,-0.22407998144626617,2.9040000438690186,0.7411880493164062,-0.2631720006465912,2.868499994277954,0.5242445468902588,-0.19773465394973755,2.194000005722046,0.5423716902732849,-0.03987612947821617,2.316999912261963,0.3336181938648224,0.004623845685273409,2.069999933242798,0.5092501640319824,0.19855891168117523,2.253499984741211,0.32167601585388184,0.2552732527256012,2.1470000743865967,0.6973857283592224,0.5015846490859985,2.804500102996826,0.41932255029678345,0.49461472034454346,2.2219998836517334
