-0.17739975452423096,0.25759175419807434,2.1665000915527344,-0.15048284828662872,0.2368706464767456,2.2360000610351562,-0.1888781189918518,0.21555538475513458,2.0989999771118164,0.04989957809448242,0.312681645154953,2.2870001792907715,-0.2215486615896225,0.28579285740852356,2.2220001220703125,0.11574241518974304,0.7152904868125916,2.804999828338623,-0.33927369117736816,0.49578970670700073,2.365000009536743,-0.08682449907064438,0.4263205826282501,2.0985000133514404,-0.358828604221344,0.5431798100471497,1.933500051498413
-0.1855212301015854,0.2428218424320221,2.0995001792907715,-0.15826109051704407,0.22027932107448578,2.1449999809265137,-0.1943390965461731,0.20046046376228333,2.048999786376953,0.052667729556560516,0.31085366010665894,2.246999979019165,-0.21247532963752747,0.27408847212791443,2.13100004196167,0.11132007837295532,0.6037238240242004,2.4134998321533203,-0.3323701024055481,0.49512529373168945,2.2909998893737793,-0.09195199608802795,0.4921713173389435,2.060999870300293,-0.37014925479888916,0.5603165626525879,1.994499921798706
-0.18383896350860596,0.2362872064113617,2.0429999828338623,-0.15346528589725494,0.2136041820049286,2.0799999237060547,-0.19045042991638184,0.19319568574428558,2.007999897003174,0.06258580088615417,0.30594250559806824,2.2114999294281006,-0.2040199488401413,0.2742694020271301,2.0799999237060547,0.09227090328931808,0.5036556124687195,2.000499963760376,-0.32642197608947754,0.48626452684402466,2.25,-0.08157563954591751,0.5432209372520447,2.052000045776367,-0.386391818523407,0.5798412561416626,2.063999891281128
-0.18199428915977478,0.23063912987709045,2.0225000381469727,-0.14850744605064392,0.21134492754936218,2.058000087738037,-0.18907517194747925,0.19180060923099518,1.993499994277954,0.05533131957054138,0.31261369585990906,2.2079999446868896,-0.20674218237400055,0.2734123170375824,2.073499917984009,0.08593641221523285,0.4799002408981323,1.930999994277954,-0.32596027851104736,0.4802132546901703,2.2220001220703125,-0.11711359024047852,0.5450472235679626,2.0339999198913574,-0.386391818523407,0.5831855535507202,2.063999891281128
-0.8567467927932739,0.2851467430591583,2.0139999389648438,-0.8487868905067444,0.258029967546463,2.058000087738037,-0.8765740990638733,0.2553099989891052,1.9850000143051147,-0.7330124974250793,0.2295965552330017,2.2009999752044678,-0.9811921119689941,0.24611811339855194,2.069999933242798,-0.49770063161849976,0.3616505563259125,1.9014999866485596,-1.0726878643035889,0.460778146982193,2.2325000762939453,-0.5455644726753235,0.597779393196106,2.0339999198913574,-0.964970588684082,0.5564306974411011,2.063999891281128
-0.14511586725711823,0.22932769358158112,2.010999917984009,-0.11516080796718597,0.20467564463615417,2.058000087738037,-0.1620876044034958,0.1904536336660385,1.9795000553131104,0.054892778396606445,0.31723469495773315,2.190500020980835,-0.20303909480571747,0.27295082807540894,2.069999933242798,0.08770463615655899,0.4818119704723358,1.9014999866485596,-0.32286763191223145,0.47736361622810364,2.2255001068115234,0,0,0,-0.3852686285972595,0.5814903378486633,2.058000087738037
-0.8306397795677185,0.22966980934143066,2.0139999389648438,-0.822109580039978,0.19800636172294617,2.058000087738037,-0.850843071937561,0.1974155306816101,1.9850000143051147,-0.7011207938194275,0.21075457334518433,2.190500020980835,-0.9429284334182739,0.21561838686466217,2.066999912261963,-0.478136271238327,0.35079601407051086,1.9094998836517334,-1.0437484979629517,0.42822161316871643,2.2325000762939453,-0.5290855169296265,0.5878921151161194,2.0339999198913574,-0.9521615505218506,0.5381399989128113,2.058000087738037
-0.8151187896728516,0.19632261991500854,2.0404999256134033,-0.8036184906959534,0.16230513155460358,2.070499897003174,-0.8411797881126404,0.16716668009757996,2.007999897003174,-0.6973488330841064,0.19393305480480194,2.2009999752044678,-0.9214935302734375,0.19189487397670746,2.063999891281128,-0.4789316654205322,0.3352642059326172,1.9635000228881836,-1.0337014198303223,0.40605807304382324,2.25,-0.5159024596214294,0.5582303404808044,2.0339999198913574,-0.9554961323738098,0.5114628076553345,2.058000087738037
-0.09037526696920395,0.24311096966266632,2.1019999980926514,-0.06255698204040527,0.20041166245937347,2.0829999446868896,-0.12342849373817444,0.2073608934879303,2.0850000381469727,0.05515590310096741,0.3187553286552429,2.2009999752044678,-0.20274482667446136,0.27925366163253784,2.066999912261963,0.13645310699939728,0.719543993473053,2.8580000400543213,-0.34327995777130127,0.5077046155929565,2.314499855041504,0,0,0,-0.4019419252872467,0.5948289632797241,2.058000087738037
-0.8663439154624939,0.18352539837360382,2.204500198364258,-0.8297868967056274,0.1463971734046936,2.183500051498413,-0.8896177411079407,0.15161055326461792,2.1570000648498535,-0.6867111921310425,0.1781006008386612,2.2720000743865967,-0.9061325788497925,0.18011751770973206,2.0824999809265137,-0.8418593406677246,0.5211483240127563,3.7235000133514404,-1.0681556463241577,0.39688530564308167,2.3924999237060547,-0.5741127729415894,0.5221907496452332,2.263500213623047,-1.07852303981781,0.5396714806556702,2.2909998893737793
-0.8714767694473267,0.17890164256095886,2.2360000610351562,-0.8336167335510254,0.14177772402763367,2.2220001220703125,-0.8949201107025146,0.14780515432357788,2.2044999599456787,-0.6848800182342529,0.17583943903446198,2.2905001640319824,-0.9173067808151245,0.17338213324546814,2.124000072479248,-0.8911886215209961,0.5597078800201416,3.999000072479248,-1.077308177947998,0.38855645060539246,2.4130001068115234,-0.6443772912025452,0.5262725353240967,2.4170000553131104,-1.1380881071090698,0.5578024387359619,2.4010000228881836
-0.8742049932479858,0.17582730948925018,2.243000030517578,-0.8441212773323059,0.13627281785011292,2.25,-0.9006034135818481,0.14155438542366028,2.2184998989105225,-0.6949971318244934,0.1794091910123825,2.3369998931884766,-0.9174960851669312,0.164324089884758,2.140500068664551,-0.8847088813781738,0.5661876201629639,3.999000072479248,-1.0787960290908813,0.36827462911605835,2.434000015258789,-0.7246320247650146,0.534977376461029,2.5920000076293945,-1.1684457063674927,0.5465904474258423,2.4735000133514404
-0.8682889342308044,0.1688215136528015,2.246500015258789,-0.8473861813545227,0.1373932808637619,2.2685000896453857,-0.8920044302940369,0.13415300846099854,2.2149999141693115,-0.7003792524337769,0.17795208096504211,2.368000030517578,-0.9180843830108643,0.15808595716953278,2.1500000953674316,-0.8976683616638184,0.5921064019203186,3.999000072479248,-1.0787960290908813,0.34855520725250244,2.434000015258789,-0.758220911026001,0.5069876909255981,2.621000051498413,-1.1860334873199463,0.5059428215026855,2.572499990463257
-0.8738933205604553,0.16624760627746582,2.261000156402588,-0.8450121283531189,0.1302424818277359,2.2720000743865967,-0.8920044302940369,0.13415300846099854,2.2149999141693115,-0.7113227248191833,0.1807325929403305,2.4050002098083496,-0.922354519367218,0.1693210005760193,2.1600000858306885,-0.9235873818397522,0.6374644041061401,3.999000072479248,-1.1161766052246094,0.41529369354248047,2.4555001258850098,-0.815358579158783,0.4680633842945099,2.6410000324249268,-1.2443901300430298,0.5434575080871582,2.572499990463257
-0.08283093571662903,0.2623678743839264,2.2685000896453857,-0.05350739136338234,0.22227732837200165,2.2720000743865967,-0.11676802486181259,0.22028985619544983,2.2149999141693115,0.056558627635240555,0.357277512550354,2.4130001068115234,-0.21601493656635284,0.2926962375640869,2.1665000915527344,0.19092930853366852,1.0132875442504883,3.999000072479248,-0.36359941959381104,0.5457012057304382,2.4514999389648438,0,0,0,-0.4857540726661682,0.735199511051178,2.572499990463257
-0.08283093571662903,0.2623678743839264,2.2685000896453857,-0.05350739136338234,0.22227732837200165,2.2720000743865967,-0.11566097289323807,0.21820133924484253,2.194000005722046,0.052648745477199554,0.357277512550354,2.4130001068115234,-0.21917076408863068,0.2957281768321991,2.1630001068115234,0.17414087057113647,0.9383031725883484,3.7755000591278076,-0.36179912090301514,0.537131130695343,2.4130001068115234,0,0,0,-0.4609234929084778,0.7055283784866333,2.440999984741211
-0.07923435419797897,0.25097566843032837,2.1700000762939453,-0.05496116727590561,0.21361908316612244,2.183500051498413,-0.11432566493749619,0.2092505246400833,2.1040000915527344,0.04974684864282608,0.33389073610305786,2.2800002098083496,-0.21566596627235413,0.2852138578891754,2.1630001068115234,0.10874835401773453,0.6592559218406677,2.635499954223633,-0.3452310264110565,0.508803129196167,2.302500009536743,0,0,0,-0.40221068263053894,0.614023745059967,2.1484999656677246
-0.07882270216941833,0.23906296491622925,2.066999912261963,-0.05604775995016098,0.20127759873867035,2.0920000076293945,-0.1132022887468338,0.20119476318359375,2.0230000019073486,0.04284090921282768,0.30716949701309204,2.121000051498413,-0.21785351634025574,0.2869833707809448,2.1500000953674316,0.07508300244808197,0.46763595938682556,1.8940000534057617,-0.326445996761322,0.48637381196022034,2.2009999752044678,0,0,0,-0.37070319056510925,0.553139865398407,1.9465000629425049
-0.08217194676399231,0.23906296491622925,2.066999912261963,-0.05604775995016098,0.20127759873867035,2.0920000076293945,-0.11286653578281403,0.20059804618358612,2.0169999599456787,0.04284090921282768,0.30716949701309204,2.121000051498413,-0.21307358145713806,0.2817854881286621,2.13700008392334,0.07815192639827728,0.4707048535346985,1.8940000534057617,-0.3289628028869629,0.4919370114803314,2.194000005722046,0,0,0,-0.37022706866264343,0.5555793642997742,1.944000005722046
-0.08254960924386978,0.2401617169380188,2.0764999389648438,-0.05962219461798668,0.20190297067165375,2.0985000133514404,-0.11286653578281403,0.20059804618358612,2.0169999599456787,0.04627765715122223,0.30716949701309204,2.121000051498413,-0.21277445554733276,0.28138989210128784,2.134000062942505,0.08304338157176971,0.4781293570995331,1.9364999532699585,-0.324888676404953,0.48405352234840393,2.190500020980835,0,0,0,-0.36345916986465454,0.5548648238182068,1.941499948501587
