-0.6531890034675598,-0.4622398316860199,2.9524998664855957,-0.6566359996795654,-0.5042693018913269,2.946500062942505,-0.6154339909553528,-0.4309998154640198,2.5920000076293945,-0.6112789511680603,-0.22016623616218567,2.2790000438690186,-0.6341979503631592,-0.1602250039577484,2.121000051498413,0,0,0,-0.7360020875930786,0.040395587682724,2.0139999389648438,0,0,0,-0.6321414709091187,0.2196338027715683,2.1730000972747803
-0.6297492384910583,-0.4509483873844147,2.9105000495910645,-0.6395880579948425,-0.4973759353160858,2.934000015258789,-0.5952853560447693,-0.4244123101234436,2.5774998664855957,-0.6038933992385864,-0.22385898232460022,2.2790000438690186,-0.6170142292976379,-0.16366171836853027,2.121000051498413,0,0,0,-0.7360020875930786,0.043658941984176636,2.0139999389648438,0,0,0,-0.6215784549713135,0.21611282229423523,2.1730000972747803
-0.6040738821029663,-0.4378765821456909,2.8559999465942383,-0.622768223285675,-0.49060705304145813,2.921999931335449,-0.5794180035591125,-0.41485556960105896,2.5444998741149902,-0.5882176756858826,-0.22720225155353546,2.2755000591278076,-0.6101408004760742,-0.16366171836853027,2.121000051498413,0,0,0,-0.7240484952926636,0.04678250104188919,2.007999897003174,0,0,0,-0.614536464214325,0.21611282229423523,2.1730000972747803
-0.5855631232261658,-0.433248907327652,2.8559999465942383,-0.6050695776939392,-0.486870139837265,2.927999973297119,-0.5500946640968323,-0.40539926290512085,2.4865000247955322,-0.5734692811965942,-0.22351519763469696,2.2755000591278076,-0.5971438884735107,-0.1560860127210617,2.1115000247955322,0,0,0,-0.71861332654953,0.043593913316726685,2.011000156402588,0,0,0,-0.6066557168960571,0.2193305790424347,2.1700000762939453
-0.5788860321044922,-0.4387100338935852,2.8919999599456787,-0.5908365249633789,-0.4916144609451294,2.927999973297119,-0.5380077362060547,-0.4013703167438507,2.4865000247955322,-0.5550338625907898,-0.22351519763469696,2.2755000591278076,-0.5774273872375488,-0.1519778072834015,2.1019999980926514,0,0,0,-0.7140438556671143,0.04371313750743866,2.0164999961853027,0,0,0,-0.599623441696167,0.2193305790424347,2.1700000762939453
-0.5740820169448853,-0.4350692927837372,2.868000030517578,-0.5872042775154114,-0.4885922074317932,2.9099998474121094,-0.5249172449111938,-0.3916044533252716,2.4260001182556152,-0.5568632483482361,-0.2242518812417984,2.2829999923706055,-0.5774273872375488,-0.1519778072834015,2.1019999980926514,0,0,0,-0.7140438556671143,0.04371313750743866,2.0164999961853027,0,0,0,-0.5987944602966309,0.2190273553133011,2.1670000553131104
-0.5461992025375366,-0.4304221570491791,2.868000030517578,-0.5462943911552429,-0.4769764542579651,2.868499994277954,-0.4952354431152344,-0.38295942544937134,2.3965001106262207,-0.5159516930580139,-0.22205007076263428,2.2985000610351562,-0.5560641884803772,-0.15172475576400757,2.0985000133514404,-0.5210474133491516,0.008756456896662712,2.2720000743865967,-0.6904789805412292,0.04021507501602173,2.005000114440918,-0.578278660774231,0.21029376983642578,3.0625,-0.6093283295631409,0.22253860533237457,2.1670000553131104
-0.5461992025375366,-0.4304221570491791,2.868000030517578,-0.5462943911552429,-0.4769764542579651,2.868499994277954,-0.4926522970199585,-0.38096192479133606,2.384000062942505,-0.5193187594413757,-0.2234991490840912,2.313499927520752,-0.5552692413330078,-0.15150785446166992,2.0954999923706055,-0.5202447175979614,0.008742967620491982,2.2685000896453857,-0.6865186095237732,0.039984412491321564,1.993499994277954,-0.5808277726173401,0.21122077107429504,3.0759999752044678,-0.6073600053787231,0.22181975841522217,2.1600000858306885
-0.5331295728683472,-0.4396202266216278,2.8980000019073486,-0.521263837814331,-0.47115659713745117,2.8334999084472656,-0.4747072756290436,-0.37974005937576294,2.3524999618530273,-0.500048041343689,-0.22872118651866913,2.3284997940063477,-0.5433921813964844,-0.15442276000976562,2.0889999866485596,-0.48845869302749634,0.0013847730588167906,2.257500171661377,-0.676828145980835,0.03675428032875061,1.993499994277954,-0.5343810319900513,0.20445841550827026,3.125,-0.6035640239715576,0.22043338418006897,2.1465001106262207
-0.5186061859130859,-0.44326096773147583,2.921999931335449,-0.5091108083724976,-0.4769764542579651,2.868499994277954,-0.4556479752063751,-0.38355186581611633,2.3524999618530273,-0.48521292209625244,-0.2268320918083191,2.3480000495910645,-0.5257116556167603,-0.15420100092887878,2.0859999656677246,-0.4482215344905853,0.0013847730588167906,2.257500171661377,-0.6703677773475647,0.033524151891469955,1.993499994277954,-0.47485196590423584,0.19694314897060394,3.1670000553131104,-0.6035640239715576,0.22391141951084137,2.1465001106262207
-0.504402220249176,-0.4479955732822418,2.921999931335449,-0.49516695737838745,-0.48627227544784546,2.868499994277954,-0.4465959072113037,-0.3823290765285492,2.3450000286102295,-0.4685726761817932,-0.23563934862613678,2.3600001335144043,-0.5158419013023376,-0.15663674473762512,2.073499917984009,-0.4335898756980896,-0.01690472476184368,2.257500171661377,-0.6574472188949585,0.030294019728899002,1.993499994277954,-0.4325926601886749,0.1521393060684204,3.196000099182129,-0.6000859141349792,0.22391141951084137,2.1465001106262207
-0.4922114610671997,-0.4498354196548462,2.934000015258789,-0.4908677935600281,-0.4912731647491455,2.8980000019073486,-0.4320409893989563,-0.3828997015953064,2.3485000133514404,-0.4594249129295349,-0.24068094789981842,2.372000217437744,-0.5016758441925049,-0.1564101129770279,2.070499897003174,-0.41228052973747253,-0.020594503730535507,2.261000156402588,-0.6441825032234192,0.023702243342995644,1.9825000762939453,-0.3912990391254425,0.12273459136486053,3.240000009536743,-0.5968601703643799,0.2288195937871933,2.1600000858306885
-0.4809628427028656,-0.44788771867752075,2.9524998664855957,-0.4750169813632965,-0.4895996153354645,2.9159998893737793,-0.42134127020835876,-0.38355186581611633,2.3524999618530273,-0.45101016759872437,-0.24622531235218048,2.388500213623047,-0.48864319920539856,-0.15880048274993896,2.058000087738037,-0.40861690044403076,-0.04623950272798538,2.261000156402588,-0.6214224696159363,0.02635793201625347,1.941499948501587,-0.37288007140159607,0.04492999240756035,3.309500217437744,-0.5917719006538391,0.23307238519191742,2.1670000553131104
-0.4696134030818939,-0.44595515727996826,2.9714999198913574,-0.45705586671829224,-0.48587244749069214,2.921999931335449,-0.40990570187568665,-0.37974005937576294,2.3524999618530273,-0.4331953525543213,-0.2471015453338623,2.3970000743865967,-0.4772437512874603,-0.15833750367164612,2.052000045776367,-0.40927645564079285,-0.0546327605843544,2.305999994277954,-0.6083188652992249,0.02295501157641411,1.9200000762939453,-0.35976582765579224,-0.009039067663252354,3.440500020980835,-0.586503267288208,0.23024971783161163,2.1735000610351562
-0.45035403966903687,-0.44595515727996826,2.9714999198913574,-0.43811726570129395,-0.48587244749069214,2.921999931335449,-0.39576008915901184,-0.3733714520931244,2.3365001678466797,-0.4212314784526825,-0.25313201546669006,2.4175000190734863,-0.4672689139842987,-0.1516876518726349,2.052000045776367,-0.40842464566230774,-0.06692720949649811,2.3439998626708984,-0.6083188652992249,0.02295501157641411,1.9200000762939453,-0.35241392254829407,-0.09519198536872864,3.5345001220703125,-0.5802595019340515,0.23409417271614075,2.176500082015991
-0.44354236125946045,-0.44396108388900757,2.990499973297119,-0.43224209547042847,-0.4899463653564453,2.946500062942505,-0.3856130540370941,-0.37089455127716064,2.321000099182129,-0.4013861119747162,-0.2500159442424774,2.4639999866485596,-0.4672689139842987,-0.15833750367164612,2.052000045776367,-0.37933024764060974,-0.05953359231352806,2.3519999980926514,-0.6052078008651733,0.019843971356749535,1.9200000762939453,-0.3695952296257019,-0.15246261656284332,3.5345001220703125,-0.5732061862945557,0.23056751489639282,2.176500082015991
-0.4290054738521576,-0.4391154646873474,2.990499973297119,-0.4215359091758728,-0.4845552444458008,2.9720001220703125,-0.37433061003685,-0.3671337366104126,2.321000099182129,-0.40529632568359375,-0.2509159445762634,2.513000011444092,-0.4586312174797058,-0.16213512420654297,2.058000087738037,-0.3570702075958252,-0.036729827523231506,2.3559999465942383,-0.5927635431289673,0.019843971356749535,1.9200000762939453,-0.38677653670310974,-0.19827914237976074,3.5345001220703125,-0.5626261234283447,0.22351421415805817,2.176500082015991
-0.4193142354488373,-0.4391154646873474,2.990499973297119,-0.4088010787963867,-0.48659321665763855,2.984499931335449,-0.3674411177635193,-0.36776646971702576,2.325000047683716,-0.39715245366096497,-0.2427721619606018,2.513000011444092,-0.4532795250415802,-0.16929654777050018,2.063999891281128,-0.3194364011287689,-0.03679218888282776,2.3600001335144043,-0.5896524786949158,0.01362189743667841,1.9200000762939453,-0.38104942440986633,-0.2498227059841156,3.5345001220703125,-0.5511655807495117,0.21750517189502716,2.187000036239624
-0.423871248960495,-0.4438876509666443,3.0230000019073486,-0.4105132818222046,-0.4886312186717987,2.996999979019165,-0.3674411177635193,-0.36776646971702576,2.325000047683716,-0.39715245366096497,-0.2427721619606018,2.513000011444092,-0.453938364982605,-0.1695426106452942,2.066999912261963,-0.32051920890808105,-0.036916907876729965,2.368000030517578,-0.5921093821525574,0.0136786550283432,1.9279999732971191,-0.38104942440986633,-0.2498227059841156,3.5345001220703125,-0.5511655807495117,0.21750517189502716,2.187000036239624
-0.418972909450531,-0.4487859308719635,3.0230000019073486,-0.4008009433746338,-0.4934873878955841,2.996999979019165,-0.3592873215675354,-0.37089455127716064,2.321000099182129,-0.36864903569221497,-0.2509159445762634,2.513000011444092,-0.4499351382255554,-0.16929654777050018,2.063999891281128,-0.2616514265537262,-0.06143198907375336,2.427000045776367,-0.5868176817893982,0.013774433173239231,1.941499948501587,-0.36499422788619995,-0.29195886850357056,3.490499973297119,-0.5325934886932373,0.210081085562706,2.183500051498413
