0.24287062883377075,-0.17119915783405304,1.2339999675750732,0.24136808514595032,-0.20257270336151123,1.2065000534057617,0.20956659317016602,-0.19621878862380981,1.2035000324249268,0.10254139453172684,-0.05612387880682945,1.253999948501587,0.021141884848475456,0.002541998401284218,1.1380000114440918,0,0,0,0.03482746332883835,0.3175731599330902,1.1640000343322754,0,0,0,0,0,0
0.24781917035579681,-0.16911813616752625,1.218999981880188,0.24918784201145172,-0.20061779022216797,1.2065000534057617,0.21160435676574707,-0.19064074754714966,1.1929999589920044,0.10777079313993454,-0.051644936203956604,1.24399995803833,0.02662685140967369,0.011741015128791332,1.1359999179840088,0,0,0,0.038450390100479126,0.3238605260848999,1.1594998836517334,0,0,0,0,0,0
0.2528879642486572,-0.1652919054031372,1.2055000066757202,0.2530977427959442,-0.20061779022216797,1.2065000534057617,0.21786579489707947,-0.18936234712600708,1.184999942779541,0.10961001366376877,-0.05156191065907478,1.2420001029968262,0.028379853814840317,0.019044945016503334,1.1324999332427979,0,0,0,0.042080555111169815,0.3303753435611725,1.1559998989105225,0,0,0,0,0,0
0.45522695779800415,-0.2818050980567932,2.1050000190734863,0.25606492161750793,-0.1983729749917984,1.1929999589920044,0.2232622355222702,-0.1817428320646286,1.1730000972747803,0.12324906885623932,-0.049369923770427704,1.2374999523162842,0.031752776354551315,0.022504394873976707,1.121999979019165,0,0,0,0.04387763515114784,0.3428928256034851,1.1540000438690186,0,0,0,0,0,0
0.2590106427669525,-0.15797150135040283,1.1800000667572021,0.259888619184494,-0.19112104177474976,1.184000015258789,0.2244502753019333,-0.1777723729610443,1.159500002861023,0.12561403214931488,-0.05269007384777069,1.2214999198913574,0.033211756497621536,0.03305511921644211,1.1100000143051147,0,0,0,0.04741106182336807,0.34326887130737305,1.1489999294281006,0,0,0,0,0,0
0.27239465713500977,-0.14649954438209534,1.1800000667572021,0.2694810628890991,-0.18536561727523804,1.184000015258789,0.23142407834529877,-0.1666359007358551,1.1475000381469727,0.13535092771053314,-0.057715851813554764,1.2024999856948853,0.0347895510494709,0.04535724222660065,1.1029999256134033,0,0,0,0.0509565994143486,0.355060875415802,1.1449999809265137,0,0,0,0,0,0
0.27430668473243713,-0.14649954438209534,1.1800000667572021,0.2693365216255188,-0.18205268681049347,1.1749999523162842,0.23023396730422974,-0.16078759729862213,1.1324999332427979,0.13610051572322845,-0.055280447006225586,1.191999912261963,0.03441106155514717,0.05193491280078888,1.090999960899353,0,0,0,0.050912097096443176,0.35845810174942017,1.1440000534057617,0,0,0,0,0,0
0.47166797518730164,-0.24532940983772278,2.0290000438690186,0.2712404131889343,-0.17824490368366241,1.1749999523162842,0.22677792608737946,-0.15656651556491852,1.1154999732971191,0.13890664279460907,-0.05102935805916786,1.1829999685287476,0.03407987952232361,0.056687384843826294,1.0804998874664307,0,0,0,0.05071183294057846,0.3625871539115906,1.1395000219345093,0,0,0,0,0,0
0.47495564818382263,-0.24204176664352417,2.0290000438690186,0.4777120351791382,-0.3117389976978302,2.055000066757202,0.2237284630537033,-0.15267802774906158,1.1004999876022339,0.14177508652210236,-0.044972602277994156,1.1749999523162842,0.03744231164455414,0.058221813291311264,1.0764999389648438,0,0,0,0.05193553864955902,0.3637649714946747,1.1260000467300415,0,0,0,0,0,0
0.6888447999954224,-0.34389302134513855,2.9225001335144043,0.6922756433486938,-0.4469307065010071,2.9780001640319824,0.22481638193130493,-0.14924946427345276,1.0885000228881836,0.13927601277828217,-0.04667702317237854,1.1700000762939453,0.0336698517203331,0.06119447201490402,1.0674999952316284,0,0,0,0.053234852850437164,0.3602113127708435,1.1150000095367432,0,0,0,0,0,0
0.6989800333976746,-0.3489528298377991,2.9654998779296875,0.7011092305183411,-0.45752057433128357,3.0160000324249268,0.22120195627212524,-0.14684996008872986,1.0709999799728394,0.1412333995103836,-0.04607859626412392,1.1549999713897705,0.033086348325014114,0.05843422934412956,1.0490000247955322,0,0,0,0.053115490823984146,0.3612062931060791,1.1124999523162842,0,0,0,0,0,0
0.7064047455787659,-0.3575156033039093,2.996999979019165,0.7011092305183411,-0.45752057433128357,3.0160000324249268,0.21458010375499725,-0.14472468197345734,1.0555000305175781,0.1389712244272232,-0.047182053327560425,1.1365000009536743,0.036033663898706436,0.05938873440027237,1.0360000133514404,0,0,0,0.05294838547706604,0.36186686158180237,1.1089999675750732,0,0,0,0,0,0
0.7064047455787659,-0.37208399176597595,2.996999979019165,0.7011092305183411,-0.4721813499927521,3.0160000324249268,0.21285206079483032,-0.14864866435527802,1.0469999313354492,0.14582224190235138,-0.04518096148967743,1.1324999332427979,0.0358249731361866,0.05570689216256142,1.0299999713897705,0,0,0,0.04915420711040497,0.356819212436676,1.1045000553131104,0,0,0,0,0,0
0.6989800333976746,-0.3777833878993988,2.9654998779296875,0.7059961557388306,-0.4819551706314087,3.0160000324249268,0.2118355929851532,-0.15300396084785461,1.0420000553131104,0.1531623899936676,-0.04701598733663559,1.1324999332427979,0.03738471493124962,0.058872804045677185,1.0269999504089355,0.2128494828939438,0.21059022843837738,1.2820000648498535,0.047193001955747604,0.3590933084487915,1.1004999876022339,0.6974085569381714,0.9016338586807251,3.32450008392334,0,0,0
0.719342827796936,-0.3786380887031555,3.010499954223633,0.7059961557388306,-0.4868420958518982,3.0160000324249268,0.2146960198879242,-0.15263685584068298,1.0394999980926514,0.15132735669612885,-0.04334593191742897,1.1324999332427979,0.03904880955815315,0.053880561143159866,1.0269999504089355,0.21291495859622955,0.17775169014930725,1.2699999809265137,0.04171036556363106,0.354396253824234,1.097000002861023,0.7513150572776794,0.8524706959724426,3.3010001182556152,0,0,0
0.7082943320274353,-0.385039746761322,2.984499931335449,0.7108830809593201,-0.4917289912700653,3.0160000324249268,0.21132734417915344,-0.15432119369506836,1.0394999980926514,0.14765729010105133,-0.04334593191742897,1.1324999332427979,0.04071290045976639,0.04722423851490021,1.0269999504089355,0.21600528061389923,0.19329670071601868,1.2639999389648438,0.03791186586022377,0.3503686785697937,1.090000033378601,0.7777647972106934,0.8511397242546082,3.255000114440918,0,0,0
0.7160073518753052,-0.3941212296485901,3.0169999599456787,0.7059961557388306,-0.4917289912700653,3.0160000324249268,0.21132734417915344,-0.15432119369506836,1.0394999980926514,0.15021833777427673,-0.043556444346904755,1.1380000114440918,0.04237699136137962,0.04223199561238289,1.0269999504089355,0.21957911550998688,0.19488117098808289,1.2609999179840088,0.03773795813322067,0.345245361328125,1.0850000381469727,0.7988616824150085,0.8616881370544434,3.255000114440918,0,0,0
0.7286616563796997,-0.4033080041408539,3.049499988555908,0.7108830809593201,-0.4966159462928772,3.0160000324249268,0.2146960198879242,-0.1576898694038391,1.0394999980926514,0.15486834943294525,-0.042482245713472366,1.1589999198913574,0.04570517688989639,0.03890383243560791,1.0269999504089355,0.21444231271743774,0.19272178411483765,1.2089999914169312,0.04125410318374634,0.3399711847305298,1.0850000381469727,0.8252326846122742,0.8986073732376099,3.255000114440918,0,0,0
0.7302147746086121,-0.40416765213012695,3.055999994277954,0.7108830809593201,-0.5015028715133667,3.0160000324249268,0.21490254998207092,-0.1595275104045868,1.0404999256134033,0.15931592881679535,-0.04508742690086365,1.1779999732971191,0.04743845760822296,0.03396112471818924,1.0285000801086426,0.20879414677619934,0.19161739945411682,1.1665000915527344,0.0446670837700367,0.3374338150024414,1.0824999809265137,0.8209388256072998,0.8882547616958618,3.2174999713897705,0,0,0
0.7302147746086121,-0.4190228581428528,3.055999994277954,0.7157700657844543,-0.5112767219543457,3.0160000324249268,0.2169007956981659,-0.16313427686691284,1.0420000553131104,0.16616305708885193,-0.045393623411655426,1.1859999895095825,0.050870224833488464,0.025678399950265884,1.0304999351501465,0.20879414677619934,0.19350752234458923,1.1665000915527344,0.055114734917879105,0.3299599587917328,1.0810000896453857,0.8086227178573608,0.8965867757797241,3.2100000381469727,0,0,0
