0.29851406812667847,-0.3323328495025635,1.871000051498413,0.41381075978279114,-0.4732743203639984,2.4214999675750732,0.25875627994537354,-0.362164705991745,1.868499994277954,0.39651182293891907,-0.19468560814857483,1.9819999933242798,0.09993050247430801,-0.20205216109752655,1.9600000381469727,0.489473819732666,0.040515441447496414,2.197499990463257,-0.0943240150809288,-0.04030873626470566,1.9709999561309814,0.5284683704376221,0.2962464392185211,2.42549991607666,0.051652126014232635,0.02314630150794983,1.9359999895095825
0.29548242688179016,-0.3323328495025635,1.871000051498413,0.4007376432418823,-0.4583226442337036,2.3450000286102295,0.2580638527870178,-0.36421504616737366,1.8634999990463257,0.393300324678421,-0.19789710640907288,1.9819999933242798,0.09675463289022446,-0.19570046663284302,1.9600000381469727,0.489473819732666,0.03339408338069916,2.197499990463257,-0.06558076292276382,-0.027534037828445435,1.9709999561309814,0.544188916683197,0.27266576886177063,2.42549991607666,0.04791371524333954,0.11889967322349548,1.9119999408721924
0.29771631956100464,-0.33144471049308777,1.8659999370574951,0.3927057981491089,-0.44541311264038086,2.297999858856201,0.26038283109664917,-0.36022642254829407,1.8585000038146973,0.393300324678421,-0.20110858976840973,1.9819999933242798,0.09675463289022446,-0.19252462685108185,1.9600000381469727,0.4938197731971741,0.026314571499824524,2.2009999752044678,-0.05655371770262718,-0.018130632117390633,1.9904999732971191,0.548119068145752,0.26480552554130554,2.42549991607666,0.029325151816010475,0.1560765653848648,1.9119999408721924
0.2969185709953308,-0.33055660128593445,1.8609999418258667,0.3927057981491089,-0.44541311264038086,2.297999858856201,0.2600325644016266,-0.3567345142364502,1.8559999465942383,0.3900887966156006,-0.20110858976840973,1.9819999933242798,0.09993050247430801,-0.1893487572669983,1.9600000381469727,0.49025341868400574,0.022748218849301338,2.2009999752044678,-0.046948496252298355,-0.008467563427984715,1.993499994277954,0.5549478530883789,0.25646862387657166,2.4210000038146973,0.007734373211860657,0.17685747146606445,1.9359999895095825
0.2969185709953308,-0.33055660128593445,1.8609999418258667,0.3888607621192932,-0.44105201959609985,2.2754998207092285,0.259682297706604,-0.356253981590271,1.8534998893737793,0.3900887966156006,-0.19789710640907288,1.9819999933242798,0.10008345544338226,-0.18963858485221863,1.9630000591278076,0.49025341868400574,0.022748218849301338,2.2009999752044678,-0.04072175920009613,-0.0020188787020742893,2.005000114440918,0.5627935528755188,0.25646862387657166,2.4210000038146973,-0.0017077497905120254,0.2120991051197052,1.9720001220703125
0.2965196967124939,-0.3301125466823578,1.8585000038146973,0.3927057981491089,-0.44541311264038086,2.297999858856201,0.2589817941188812,-0.3552929759025574,1.8485000133514404,0.3900887966156006,-0.19789710640907288,1.9819999933242798,0.10036386549472809,-0.19016990065574646,1.9684998989105225,0.49025341868400574,0.012049167416989803,2.2009999752044678,-0.03442048653960228,0.007771740201860666,2.0164999961853027,0.5824077725410461,0.24077732861042023,2.4210000038146973,-0.014731472358107567,0.23189225792884827,2.005000114440918
0.2935083210468292,-0.3301125466823578,1.8585000038146973,0.38898223638534546,-0.44541311264038086,2.297999858856201,0.2556403875350952,-0.3548124432563782,1.8459999561309814,0.38687726855278015,-0.19789710640907288,1.9819999933242798,0.10036386549472809,-0.19016990065574646,1.9684998989105225,0.49025341868400574,0.012049167416989803,2.2009999752044678,-0.02825210988521576,0.014494551345705986,2.0430002212524414,0.6070711612701416,0.24122485518455505,2.42549991607666,-0.021324334666132927,0.23945985734462738,2.0139999389648438
0.2935083210468292,-0.3301125466823578,1.8585000038146973,0.3852587044239044,-0.44541311264038086,2.297999858856201,0.2556403875350952,-0.3548124432563782,1.8459999561309814,0.3836657702922821,-0.20110858976840973,1.9819999933242798,0.09717422723770142,-0.19016990065574646,1.9684998989105225,0.49817708134651184,0.019212370738387108,2.2044999599456787,-0.02519812621176243,0.01798790507018566,2.064000129699707,0.6436343789100647,0.24954721331596375,2.430000066757202,-0.03125348314642906,0.2503637373447418,2.0230000019073486
0.29049691557884216,-0.3301125466823578,1.8585000038146973,0.3772183954715729,-0.44037362933158875,2.2719998359680176,0.24938759207725525,-0.3544280529022217,1.843999981880188,0.3836657702922821,-0.20110858976840973,1.9819999933242798,0.09372199326753616,-0.18963858485221863,1.9630000591278076,0.5045188665390015,0.022748218849301338,2.2009999752044678,-0.022150203585624695,0.01823192648589611,2.0920000076293945,0.6825644373893738,0.24687324464321136,2.442500114440918,-0.04442012310028076,0.2539551258087158,2.0255000591278076
0.2874854803085327,-0.3301125466823578,1.8585000038146973,0.37230396270751953,-0.4389199912548065,2.264500141143799,0.24938759207725525,-0.3544280529022217,1.843999981880188,0.38045424222946167,-0.20432008802890778,1.9819999933242798,0.08736053109169006,-0.18963858485221863,1.9630000591278076,0.517134428024292,0.01912086270749569,2.194000005722046,-0.022451965138316154,0.01848030649125576,2.120500087738037,0.7260989546775818,0.22312727570533752,2.442500114440918,-0.05442687124013901,0.24812395870685577,2.0314998626708984
0.281462699174881,-0.3271011710166931,1.8585000038146973,0.3680649399757385,-0.4382416009902954,2.261000156402588,0.24314779043197632,-0.3540436327457428,1.8420000076293945,0.37724271416664124,-0.20432008802890778,1.9819999933242798,0.0876052975654602,-0.19016990065574646,1.9684998989105225,0.5288116335868835,0.01902935467660427,2.183500051498413,-0.02265843190252781,0.018650250509381294,2.140000104904175,0.796370804309845,0.20912133157253265,2.4639999866485596,-0.06430204957723618,0.254707396030426,2.0314998626708984
0.27845126390457153,-0.3271011710166931,1.8585000038146973,0.36440137028694153,-0.4382416009902954,2.261000156402588,0.2374359518289566,-0.3544280529022217,1.843999981880188,0.3740312159061432,-0.20432008802890778,1.9819999933242798,0.08785006403923035,-0.19070124626159668,1.9739999771118164,0.5306430459022522,0.004861739929765463,2.176500082015991,-0.02279607579112053,0.022252120077610016,2.1530001163482666,0.853361189365387,0.16698060929775238,2.490499973297119,-0.07149612903594971,0.2502613961696625,2.0490000247955322
0.2758103907108307,-0.33055660128593445,1.8609999418258667,0.363051176071167,-0.44105207920074463,2.2755000591278076,0.23444806039333344,-0.3544280529022217,1.843999981880188,0.37081968784332275,-0.20432008802890778,1.9819999933242798,0.08465150743722916,-0.18750271201133728,1.9739999771118164,0.5536713004112244,0.0048472206108272076,2.1700000762939453,-0.02279607579112053,0.022252120077610016,2.1530001163482666,0.9442814588546753,0.1261102706193924,2.562000036239624,-0.08605906367301941,0.2540476620197296,2.0799999237060547
0.2701418697834015,-0.32798120379447937,1.8634999990463257,0.3556770086288452,-0.44105207920074463,2.2755000591278076,0.23146015405654907,-0.3544280529022217,1.843999981880188,0.3713809847831726,-0.20141300559043884,1.9850000143051147,0.08110222220420837,-0.18988008797168732,1.965499997138977,0.5625296831130981,-0.00918965321034193,2.1635000705718994,-0.02283313497900963,0.025782542303204536,2.1565001010894775,0.9608867764472961,0.03063059225678444,2.562000036239624,-0.09806565940380096,0.2556186318397522,2.121000051498413
0.2580638527870178,-0.32798120379447937,1.8634999990463257,0.34461575746536255,-0.44105207920074463,2.2755000591278076,0.21950849890708923,-0.34845227003097534,1.843999981880188,0.3794315457344055,-0.2055055946111679,1.993499994277954,0.0779174417257309,-0.18988008797168732,1.965499997138977,0.5971915125846863,-0.029852988198399544,2.13700008392334,-0.022870192304253578,0.02582438662648201,2.1600000858306885,0.9691893458366394,-0.14372362196445465,2.562000036239624,-0.1105475053191185,0.2677518427371979,2.1635000705718994
0.2550443410873413,-0.32798120379447937,1.8634999990463257,0.3372415602207184,-0.44105207920074463,2.2755000591278076,0.21353267133235931,-0.3514401316642761,1.843999981880188,0.38371747732162476,-0.2060725837945938,1.9989999532699585,0.07452353835105896,-0.18617291748523712,1.9600000381469727,0.6040870547294617,-0.03933706879615784,2.0889999866485596,-0.022870192304253578,0.03282422199845314,2.1600000858306885,0.9442814588546753,-0.2225981503725052,2.562000036239624,-0.11547646671533585,0.2781919836997986,2.190500020980835
0.24598583579063416,-0.32798120379447937,1.8634999990463257,0.3298673629760742,-0.44105207920074463,2.2755000591278076,0.2075568586587906,-0.3514401316642761,1.843999981880188,0.3842933475971222,-0.20962576568126678,2.002000093460083,0.07463760673999786,-0.18645787239074707,1.9630000591278076,0.6000374555587769,-0.06523970514535904,2.052000045776367,-0.026370132341980934,0.03632413595914841,2.1600000858306885,0.7498397827148438,-0.2181832492351532,2.296999931335449,-0.11602999269962311,0.28309181332588196,2.2009999752044678
0.23962490260601044,-0.32754120230674744,1.8610000610351562,0.32249322533607483,-0.44105207920074463,2.2755000591278076,0.20158103108406067,-0.3514401316642761,1.843999981880188,0.38104942440986633,-0.21286967396736145,2.002000093460083,0.07475166767835617,-0.18674282729625702,1.965999960899353,0.60362309217453,-0.08056773245334625,2.0195000171661377,-0.022870192304253578,0.03632413595914841,2.1600000858306885,0.6199679374694824,-0.20598474144935608,2.063000202178955,-0.10958991944789886,0.2848924994468689,2.2149999141693115
0.23692730069160461,-0.3310006558895111,1.8634999990463257,0.31511902809143066,-0.44105207920074463,2.2755000591278076,0.1985931247472763,-0.3514401316642761,1.843999981880188,0.3842933475971222,-0.21611356735229492,2.002000093460083,0.07176627963781357,-0.18726524710655212,1.9714999198913574,0.6161585450172424,-0.09582511335611343,1.996500015258789,-0.022870192304253578,0.03982405364513397,2.1600000858306885,0.5731691718101501,-0.22269846498966217,2.063000202178955,-0.10241179913282394,0.2848924994468689,2.2149999141693115
0.2339078038930893,-0.32798120379447937,1.8634999990463257,0.3116569519042969,-0.4362064301967621,2.250500202178955,0.19539307057857513,-0.3510589897632599,1.8420000076293945,0.3778055012226105,-0.20638185739517212,2.002000093460083,0.07205750048160553,-0.18802514672279358,1.9795000553131104,0.6355686187744141,-0.11200007796287537,1.996500015258789,-0.022870192304253578,0.04332397133111954,2.1600000858306885,0.6616455912590027,-0.2615610361099243,2.498000144958496,-0.09523368626832962,0.29207056760787964,2.2149999141693115
