0.46150434017181396,-0.09678005427122116,1.093500018119812,0.4989849030971527,-0.13020865619182587,1.121999979019165,0.4292086958885193,-0.13086239993572235,1.097000002861023,0.5885972380638123,0.04407988861203194,1.2725000381469727,0.2774471342563629,0.008648485876619816,1.218999981880188,0.6649724245071411,0.3105293810367584,1.375,0.0617656446993351,0.09745113551616669,1.1059999465942383,0,0,0,-0.0008599368738941848,-0.0750134065747261,0.9930000305175781
0.4647589921951294,-0.09886732697486877,1.097000002861023,0.5008029341697693,-0.13020865619182587,1.121999979019165,0.4327637553215027,-0.13263989984989166,1.097000002861023,0.5906786918640137,0.0400974415242672,1.2769999504089355,0.27592387795448303,0.004705824423581362,1.2209999561309814,0.6686980128288269,0.3124161660671234,1.3734999895095825,0.06591116636991501,0.10190315544605255,1.1154999732971191,0,0,0,0.028102058917284012,-0.07823137938976288,0.9930000305175781
0.4721561670303345,-0.10147053003311157,1.1059999465942383,0.5030689239501953,-0.13214434683322906,1.1230000257492065,0.4377101957798004,-0.13539767265319824,1.1050000190734863,0.5973536372184753,0.04012884199619293,1.277999997138977,0.28640130162239075,0.002732983324676752,1.2235000133514404,0.6664725542068481,0.3057395815849304,1.3734999895095825,0.07165338844060898,0.10599109530448914,1.120500087738037,1.4870203733444214,1.1166009902954102,2.9654998779296875,0.05867305397987366,-0.07179541885852814,0.9930000305175781
0.47355368733406067,-0.10396286845207214,1.1134999990463257,0.5039648413658142,-0.13420255482196808,1.125,0.4390757083892822,-0.13818135857582092,1.1130000352859497,0.599424421787262,0.03598726913332939,1.277999997138977,0.285464882850647,0.004732802510261536,1.2279999256134033,0.6645315289497375,0.30041107535362244,1.369499921798706,0.07582207024097443,0.10491927713155746,1.128499984741211,1.4734638929367065,1.0981117486953735,2.928999900817871,0.10948124527931213,-0.0691644623875618,1.0015000104904175
0.4750421941280365,-0.10609956085681915,1.1169999837875366,0.5059807300567627,-0.1365695297718048,1.1295000314712524,0.4426261782646179,-0.1392987072467804,1.121999979019165,0.6019659042358398,0.03394302725791931,1.2790000438690186,0.28897619247436523,0.0027575544081628323,1.2344999313354492,0.6672003865242004,0.2993896007537842,1.375,0.07277246564626694,0.10764645785093307,1.1380000114440918,1.4446487426757812,1.0778183937072754,2.8625001907348633,0.1442045271396637,-0.04828453063964844,1.00600004196167
0.4765307307243347,-0.10824760049581528,1.120500087738037,0.5059807300567627,-0.13839970529079437,1.1295000314712524,0.447162926197052,-0.1443997621536255,1.133500099182129,0.6031426191329956,0.03193292021751404,1.2815001010894775,0.295350044965744,0.010845903307199478,1.244499921798706,0.6672003865242004,0.2993896007537842,1.375,0.07861395180225372,0.11177457123994827,1.1424999237060547,1.0740339756011963,0.8038924932479858,2.134999990463257,0.20125676691532135,-0.03687415271997452,1.00600004196167
0.4776807427406311,-0.11075077205896378,1.127500057220459,0.5108457803726196,-0.14209213852882385,1.1445000171661377,0.4485436677932739,-0.1448456346988678,1.1370000839233398,0.602238655090332,0.03199521452188492,1.284000039100647,0.295350044965744,0.0007633886416442692,1.244499921798706,0.6691412925720215,0.29802611470222473,1.378999948501587,0.07507539540529251,0.1008874848484993,1.1449999809265137,0.7137999534606934,0.5359910726547241,1.4235000610351562,0.2286936640739441,-0.004298557061702013,1.0119999647140503
0.48212918639183044,-0.1154700219631195,1.1380000114440918,0.5150861144065857,-0.14327159523963928,1.1540000438690186,0.450040727853775,-0.14778456091880798,1.1454999446868896,0.602238655090332,0.027834201231598854,1.284000039100647,0.3013995885848999,-0.005286120809614658,1.244499921798706,0.6691412925720215,0.2957916855812073,1.378999948501587,0.08120470494031906,0.09785588830709457,1.152999997138977,0.7114933729171753,0.5359910726547241,1.4235000610351562,0.2519872486591339,0.007236632518470287,1.0199999809265137
0.48530665040016174,-0.1162310242652893,1.1454999446868896,0.5145503878593445,-0.14551877975463867,1.1570000648498535,0.45643362402915955,-0.15114295482635498,1.1570000648498535,0.5976216793060303,0.029996251687407494,1.287500023841858,0.3034161329269409,-0.009319126605987549,1.244499921798706,0.6693249940872192,0.29686418175697327,1.3840000629425049,0.07797210663557053,0.09285123646259308,1.1605000495910645,0.7061353921890259,0.5354263186454773,1.4220000505447388,0.2638295292854309,0.023938752710819244,1.0274999141693115
0.4867895245552063,-0.1184479296207428,1.1490000486373901,0.5174411535263062,-0.14822155237197876,1.1635000705718994,0.45613035559654236,-0.15166547894477844,1.1610000133514404,0.6025026440620422,0.025944236665964127,1.2934999465942383,0.30406367778778076,-0.013470152392983437,1.255500078201294,0.6697333455085754,0.2980439066886902,1.3895000219345093,0.08589890599250793,0.0895126685500145,1.1659998893737793,0.7038312554359436,0.5308180451393127,1.4220000505447388,0.26537013053894043,0.02742776833474636,1.0334999561309814
0.4889078438282013,-0.12083323299884796,1.1540000438690186,0.520331859588623,-0.14904959499835968,1.1700000762939453,0.457112580537796,-0.151992067694664,1.1635000705718994,0.6048316359519958,0.023940525949001312,1.2985000610351562,0.30609801411628723,-0.01550447940826416,1.255500078201294,0.6703641414642334,0.28802502155303955,1.3954999446868896,0.08663561195135117,0.09409137815237045,1.1759999990463257,0.6992230415344238,0.5262098908424377,1.4220000505447388,0.2694363296031952,0.014336326159536839,1.055999994277954
0.4937799572944641,-0.1220373809337616,1.1655000448226929,0.5278922319412231,-0.15121527016162872,1.187000036239624,0.46123775839805603,-0.15526597201824188,1.1740000247955322,0.6045551896095276,0.02197946421802044,1.306999921798706,0.2935701310634613,-0.0072586145251989365,1.2369999885559082,0.6706131100654602,0.2878115773200989,1.4054999351501465,0.08613505214452744,0.09177736192941666,1.1955000162124634,0.6999605894088745,0.5221518278121948,1.4235000610351562,0.2617638409137726,0.0006719906232319772,1.0954999923706055
0.49801111221313477,-0.12546764314174652,1.1800000667572021,0.5330586433410645,-0.15715210139751434,1.2030000686645508,0.46747949719429016,-0.15672075748443604,1.184999942779541,0.5968296527862549,0.01789325475692749,1.3179999589920044,0.29321569204330444,-0.0012526109348982573,1.24399995803833,0.6709510684013367,0.2797926962375641,1.4110000133514404,0.0918162539601326,0.08966782689094543,1.2195000648498535,0.6960801482200623,0.5065392255783081,1.4249999523162842,0.20726646482944489,-0.04096110165119171,1.1175000667572021
0.500303328037262,-0.12653093039989471,1.190000057220459,0.5311394333839417,-0.15773993730545044,1.2074999809265137,0.46716058254241943,-0.1598457396030426,1.194000005722046,0.5982622504234314,0.011638975702226162,1.3355000019073486,0.2867574691772461,-0.015448907390236855,1.2510000467300415,0.6670868992805481,0.27322399616241455,1.412500023841858,0.08862075954675674,0.08047483116388321,1.2300000190734863,0.6898786425590515,0.495515376329422,1.4264999628067017,0.1730416864156723,-0.06341902911663055,1.130500078201294
0.5017254948616028,-0.12932269275188446,1.1979999542236328,0.530937671661377,-0.1608206331729889,1.215999960899353,0.4700964093208313,-0.16151916980743408,1.2065000534057617,0.60301673412323,0.00958499126136303,1.3510000705718994,0.2847304046154022,-0.019502976909279823,1.2510000467300415,0.6611924767494202,0.26767784357070923,1.4194999933242798,0.08307841420173645,0.07488948106765747,1.2365000247955322,0.6850987672805786,0.48780375719070435,1.430999994277954,0.13785365223884583,-0.0714971125125885,1.1424999237060547
0.5006623864173889,-0.13252392411231995,1.2095000743865967,0.9036848545074463,-0.2768072187900543,2.0929999351501465,0.4702436327934265,-0.16489678621292114,1.2170000076293945,0.6010851263999939,0.007453403901308775,1.3615000247955322,0.28415390849113464,-0.023848921060562134,1.2664999961853027,0.658901572227478,0.26261478662490845,1.4294999837875366,0.08192725479602814,0.06150460243225098,1.249500036239624,0.6809860467910767,0.4851922392845154,1.437000036239624,0.11061500012874603,-0.09416300803422928,1.1480000019073486
0.5012604594230652,-0.13570678234100342,1.2204999923706055,1.2705755233764648,-0.39693683385849,2.9649999141693115,0.47338807582855225,-0.16940534114837646,1.2354999780654907,0.5974807739257812,0.0030680447816848755,1.3734999895095825,0.29489895701408386,-0.029652709141373634,1.343500018119812,0.6547918319702148,0.2469019889831543,1.4459999799728394,0.08549720048904419,0.06057486683130264,1.2725000381469727,0.6840949654579163,0.48134273290634155,1.4535000324249268,0.07579664140939713,-0.10043850541114807,1.156000018119812
0.5016364455223083,-0.14200782775878906,1.2409999370574951,1.2589163780212402,-0.3978070318698883,2.9714999198913574,0.47831225395202637,-0.1726275533437729,1.2590000629425049,0.5895279049873352,-0.0059105162508785725,1.3914999961853027,0.3018132150173187,-0.03257590904831886,1.375,0.6581984162330627,0.24285897612571716,1.4639999866485596,0.08677378296852112,0.05729401111602783,1.2915000915527344,0.6884413361549377,0.47029730677604675,1.4779999256134033,0.05921901762485504,-0.10279837995767593,1.1614999771118164
0.4955267012119293,-0.15313439071178436,1.2664999961853027,1.2155828475952148,-0.4170662760734558,2.9714999198913574,0.47006505727767944,-0.1839466542005539,1.281000018119812,0.5938621163368225,-0.01751122996211052,1.4179999828338623,0.29952940344810486,-0.042106278240680695,1.3954999446868896,0.6488268375396729,0.22483818233013153,1.4860000610351562,0.09233248978853226,0.05178630352020264,1.3109999895095825,0.6844766139984131,0.4540569484233856,1.4954999685287476,0.05034492164850235,-0.11722058802843094,1.1740000247955322
0.49232017993927,-0.1567794680595398,1.2795000076293945,1.1963233947753906,-0.42669591307640076,2.9714999198913574,0.4650695323944092,-0.19030049443244934,1.2960000038146973,0.5943610668182373,-0.02247285470366478,1.441499948501587,0.301422119140625,-0.04728018864989281,1.4149999618530273,0.6522454023361206,0.2155199646949768,1.5049999952316284,0.09416364133358002,0.050646957010030746,1.3369998931884766,0.6907641887664795,0.44671812653541565,1.5199999809265137,0.06861478090286255,-0.12115219980478287,1.194000005722046
