0.36201128363609314,-0.3592427372932434,2.0225000381469727,0.5466877222061157,-0.5710954070091248,2.921999931335449,0.30235159397125244,-0.36665812134742737,1.8760000467300415,0.3901955783367157,-0.20283353328704834,1.9989999532699585,0.10079724341630936,-0.21021145582199097,1.9769999980926514,0.4798322916030884,0.0611051507294178,2.1700000762939453,-0.1293998658657074,-0.06749539822340012,2.0199999809265137,0.517530083656311,0.3242912292480469,2.429500102996826,-0.06353448331356049,-0.24635060131549835,1.9094998836517334
0.358734130859375,-0.36251986026763916,2.0225000381469727,0.5419530868530273,-0.5663608312606812,2.921999931335449,0.30235159397125244,-0.36665812134742737,1.8760000467300415,0.3901955783367157,-0.20283353328704834,1.9989999532699585,0.10400065779685974,-0.20380465686321259,1.9769999980926514,0.4769746661186218,0.06118962541222572,2.1730000972747803,-0.12959204614162445,-0.07415150105953217,2.0230000019073486,0.5079785585403442,0.327146977186203,2.4214999675750732,-0.04540591686964035,-0.22062134742736816,1.9279999732971191
0.358734130859375,-0.36251986026763916,2.0225000381469727,0.540840208530426,-0.5699227452278137,2.9159998893737793,0.2993118166923523,-0.36665812134742737,1.8760000467300415,0.39343467354774475,-0.19635546207427979,1.9989999532699585,0.10413217544555664,-0.1912325918674469,1.9795000553131104,0.4769746661186218,0.057668644934892654,2.1730000972747803,-0.13287000358104706,-0.07415150105953217,2.0230000019073486,0.5119022130966187,0.323223352432251,2.4214999675750732,-0.023342447355389595,-0.2187904566526413,1.9119999408721924
0.36724796891212463,-0.3711235225200653,2.070499897003174,0.5361153483390808,-0.5699227452278137,2.9159998893737793,0.29627203941345215,-0.36665812134742737,1.8760000467300415,0.3901955783367157,-0.20283353328704834,1.9989999532699585,0.10733964294195175,-0.19764748215675354,1.9795000553131104,0.4769746661186218,0.06118962541222572,2.1730000972747803,-0.13614794611930847,-0.07415150105953217,2.0230000019073486,0.5114399194717407,0.32542580366134644,2.437999963760376,-0.017146259546279907,-0.2187904566526413,1.9119999408721924
0.36934134364128113,-0.3766801059246063,2.1015000343322754,0.5294966697692871,-0.5628867149353027,2.880000114440918,0.29627203941345215,-0.36665812134742737,1.8760000467300415,0.3901955783367157,-0.20283353328704834,1.9989999532699585,0.10442150384187698,-0.1981966495513916,1.9850000143051147,0.47851115465164185,0.06138673797249794,2.180000066757202,-0.13942590355873108,-0.07742942869663239,2.0230000019073486,0.5200411081314087,0.33234837651252747,2.4600000381469727,-0.020244354382157326,-0.2311827540397644,1.9119999408721924
0.36593618988990784,-0.3766801059246063,2.1015000343322754,0.5230618119239807,-0.5560460090637207,2.8450000286102295,0.29627203941345215,-0.36665812134742737,1.8760000467300415,0.38912200927734375,-0.20227546989917755,1.993499994277954,0.1013580784201622,-0.20815984904766083,1.9880000352859497,0.4828174114227295,0.06148529425263405,2.183500051498413,-0.13614794611930847,-0.07742942869663239,2.0230000019073486,0.5169990062713623,0.33295631408691406,2.4644999504089355,-0.04193101450800896,-0.24047699570655823,1.9119999408721924
0.36166998744010925,-0.37228867411613464,2.077000141143799,0.5199363231658936,-0.5527234673500061,2.828000068664551,0.29666686058044434,-0.36714673042297363,1.878499984741211,0.3923521935939789,-0.20227546989917755,1.993499994277954,0.1013580784201622,-0.20815984904766083,1.9880000352859497,0.47927939891815186,0.06148529425263405,2.183500051498413,-0.1363161951303482,-0.08080710470676422,2.0255000591278076,0.5246918797492981,0.3353205919265747,2.4820001125335693,-0.06361766904592514,-0.2714577317237854,1.9119999408721924
0.36166998744010925,-0.37228867411613464,2.077000141143799,0.5125821828842163,-0.5449056029319763,2.7880001068115234,0.2970616817474365,-0.3676353693008423,1.88100004196167,0.3906792402267456,-0.20141300559043884,1.9850000143051147,0.09813684225082397,-0.21138106286525726,1.9880000352859497,0.47927939891815186,0.06148529425263405,2.183500051498413,-0.1363161951303482,-0.08408908545970917,2.0255000591278076,0.5187821984291077,0.3341046869754791,2.4730000495910645,-0.09176372736692429,-0.2784525752067566,1.9175000190734863
0.3521798551082611,-0.36251986026763916,2.0225000381469727,0.5115709900856018,-0.5438306331634521,2.7825000286102295,0.2970616817474365,-0.3676353693008423,1.88100004196167,0.3900887966156006,-0.20110858976840973,1.9819999933242798,0.1013580784201622,-0.21138106286525726,1.9880000352859497,0.48004767298698425,0.06158385053277016,2.187000036239624,-0.1363161951303482,-0.1004989966750145,2.0255000591278076,0.5227892398834229,0.33009761571884155,2.4730000495910645,-0.15079684555530548,-0.3033084571361542,1.9175000190734863
0.34660765528678894,-0.35678407549858093,1.9904999732971191,0.5105597972869873,-0.542755663394928,2.7769999504089355,0.2970616817474365,-0.3676353693008423,1.88100004196167,0.3895967900753021,-0.20085492730140686,1.9795000553131104,0.1013580784201622,-0.21138106286525726,1.9880000352859497,0.47927939891815186,0.06148529425263405,2.183500051498413,-0.13287000358104706,-0.10365288704633713,2.0230000019073486,0.5227892398834229,0.33009761571884155,2.4730000495910645,-0.1756528913974762,-0.3033084571361542,1.9175000190734863
0.35226690769195557,-0.36260947585105896,2.0230000019073486,0.5095486044883728,-0.5416806936264038,2.7715001106262207,0.2970616817474365,-0.3676353693008423,1.88100004196167,0.3895967900753021,-0.20085492730140686,1.9795000553131104,0.1013580784201622,-0.2146022766828537,1.9880000352859497,0.4828174114227295,0.06148529425263405,2.183500051498413,-0.13287000358104706,-0.11020874977111816,2.0230000019073486,0.5227892398834229,0.33009761571884155,2.4730000495910645,-0.19429492950439453,-0.30641546845436096,1.9175000190734863
0.3446922302246094,-0.3548124134540558,1.9795000553131104,0.5055957436561584,-0.5374785661697388,2.75,0.29666686058044434,-0.36714673042297363,1.878499984741211,0.3900887966156006,-0.20110858976840973,1.9819999933242798,0.1013580784201622,-0.2146022766828537,1.9880000352859497,0.4820435047149658,0.06138673797249794,2.180000066757202,-0.13287000358104706,-0.11020874977111816,2.0230000019073486,0.5227892398834229,0.33009761571884155,2.4730000495910645,-0.2036159485578537,-0.30952244997024536,1.9175000190734863
0.33999067544937134,-0.34997281432151794,1.9524999856948853,0.4996205270290375,-0.5311265587806702,2.7174999713897705,0.2970616817474365,-0.3676353693008423,1.88100004196167,0.393300324678421,-0.19789710640907288,1.9819999933242798,0.1013580784201622,-0.21138106286525726,1.9880000352859497,0.47851115465164185,0.06138673797249794,2.180000066757202,-0.13287000358104706,-0.11020874977111816,2.0230000019073486,0.5208866596221924,0.32490378618240356,2.4639999866485596,-0.20785492658615112,-0.3080933392047882,1.9279999732971191
0.33668220043182373,-0.34656721353530884,1.933500051498413,0.4948403537273407,-0.5216838717460632,2.691499948501587,0.29362305998802185,-0.36714673042297363,1.878499984741211,0.3900887966156006,-0.20110858976840973,1.9819999933242798,0.1013580784201622,-0.21138106286525726,1.9880000352859497,0.47927939891815186,0.06148529425263405,2.183500051498413,-0.1326729655265808,-0.10677223652601242,2.0199999809265137,0.5208866596221924,0.32889628410339355,2.4639999866485596,-0.2024434357881546,-0.30623477697372437,1.9359999895095825
0.33354926109313965,-0.34656721353530884,1.933500051498413,0.4858322739601135,-0.5210610628128052,2.6659998893737793,0.29019251465797424,-0.36665812134742737,1.8760000467300415,0.38687726855278015,-0.20110858976840973,1.9819999933242798,0.10151103138923645,-0.21170003712177277,1.9909999370574951,0.47851115465164185,0.06138673797249794,2.180000066757202,-0.1326729655265808,-0.10022609680891037,2.0199999809265137,0.5208866596221924,0.32889628410339355,2.4639999866485596,-0.19303248822689056,-0.2936869263648987,1.9359999895095825
0.33041632175445557,-0.34656721353530884,1.933500051498413,0.4830988049507141,-0.5181293487548828,2.6510000228881836,0.290579229593277,-0.3701905310153961,1.878499984741211,0.38687726855278015,-0.20110858976840973,1.9819999933242798,0.09505882114171982,-0.21170003712177277,1.9909999370574951,0.47927939891815186,0.06148529425263405,2.183500051498413,-0.13287000358104706,-0.09381908923387527,2.0230000019073486,0.5168941617012024,0.33288875222206116,2.4639999866485596,-0.17182600498199463,-0.28966695070266724,1.909500002861023
0.33041632175445557,-0.34656721353530884,1.933500051498413,0.47519099712371826,-0.5099573731422424,2.63100004196167,0.2871527671813965,-0.36665812134742737,1.8760000467300415,0.38687726855278015,-0.20110858976840973,1.9819999933242798,0.09477236121892929,-0.20784571766853333,1.9850000143051147,0.48004767298698425,0.05804018676280975,2.187000036239624,-0.1326729655265808,-0.09367995709180832,2.0199999809265137,0.5208866596221924,0.32889628410339355,2.4639999866485596,-0.14812301099300385,-0.28267091512680054,1.883500099182129
0.32499822974205017,-0.3441474139690399,1.9199999570846558,0.4682430326938629,-0.5112887620925903,2.616000175476074,0.2841130197048187,-0.36665812134742737,1.8760000467300415,0.3880484104156494,-0.1952749639749527,1.9879999160766602,0.09477236121892929,-0.21106207370758057,1.9850000143051147,0.48081591725349426,0.05458373576402664,2.190500020980835,-0.1390123814344406,-0.0870044082403183,2.0169999599456787,0.5159501433372498,0.32829561829566956,2.4594998359680176,-0.1176038607954979,-0.27656713128089905,1.883500099182129
0.32104894518852234,-0.34325119853019714,1.9149999618530273,0.4564659297466278,-0.5029822587966919,2.573500156402588,0.28069868683815,-0.3661695122718811,1.873500108718872,0.3880484104156494,-0.19849617779254913,1.9879999160766602,0.09477236121892929,-0.21106207370758057,1.9850000143051147,0.4823524057865143,0.054758161306381226,2.197499990463257,-0.1390123814344406,-0.08046799153089523,2.0169999599456787,0.5159501433372498,0.32829561829566956,2.4594998359680176,-0.09784999489784241,-0.265677809715271,1.9149999618530273
0.3148430287837982,-0.34325119853019714,1.9149999618530273,0.4442272484302521,-0.4894963800907135,2.504499912261963,0.2776629626750946,-0.3661695122718811,1.873500108718872,0.38921961188316345,-0.19586431980133057,1.99399995803833,0.09477236121892929,-0.20784571766853333,1.9850000143051147,0.4831206500530243,0.05841172859072685,2.2009999752044678,-0.1390123814344406,-0.08046799153089523,2.0169999599456787,0.5159501433372498,0.32829561829566956,2.4594998359680176,-0.07706353068351746,-0.2626560628414154,1.938499927520752
