-0.15592043101787567,0.3051724433898926,2.434000015258789,-0.1292092353105545,0.2596466541290283,2.4509999752044678,-0.19037821888923645,0.26136794686317444,2.325000047683716,-0.011359086260199547,0.3916166424751282,2.7660000324249268,-0.34917959570884705,0.3823634386062622,2.6110000610351562,0.1034202128648758,0.8254198431968689,3.4565000534057617,-0.45644626021385193,0.5873339772224426,2.4594998359680176,0,0,0,-0.35669443011283875,0.6486892700195312,2.256999969482422
-0.9037761688232422,0.08811353147029877,2.430000066757202,-0.8758434057235718,0.06504640728235245,2.4509999752044678,-0.8684914112091064,0.050400715321302414,2.325000047683716,-0.7478692531585693,0.2172560840845108,2.7715001106262207,-1.0365363359451294,0.16691744327545166,2.616000175476074,-0.8101885914802551,0.6501420140266418,3.507999897003174,-1.094083309173584,0.404014527797699,2.4594998359680176,-0.7735191583633423,0.4476735293865204,2.572999954223633,-0.8972616791725159,0.36464405059814453,2.264500141143799
-0.9045385718345642,0.08780532330274582,2.4215002059936523,-0.8758434057235718,0.06107497587800026,2.4509999752044678,-0.8722586631774902,0.050400715321302414,2.325000047683716,-0.7433785796165466,0.22174683213233948,2.7715001106262207,-1.0467427968978882,0.16361144185066223,2.63100004196167,-0.8101885914802551,0.6501420140266418,3.507999897003174,-1.0903022289276123,0.40261828899383545,2.4509999752044678,-0.7723401188850403,0.4494134485721588,2.5830001831054688,-0.9053072333335876,0.3664153218269348,2.2755000591278076
-0.8998691439628601,0.08735205233097076,2.4089999198913574,-0.8837863206863403,0.06107497587800026,2.4509999752044678,-0.870758056640625,0.050314005464315414,2.321000099182129,-0.74042809009552,0.22086670994758606,2.760499954223633,-1.0527105331420898,0.16883161664009094,2.6459999084472656,-0.8085178136825562,0.6533852815628052,3.5254998207092285,-1.0903022289276123,0.40658971667289734,2.4509999752044678,-0.755598783493042,0.44104281067848206,2.5830001831054688,-0.9040494561195374,0.3689112067222595,2.2909998893737793
-0.8998691439628601,0.08735205233097076,2.4089999198913574,-0.8837863206863403,0.06107497587800026,2.4509999752044678,-0.8684914112091064,0.050400715321302414,2.325000047683716,-0.7376117706298828,0.22002661228179932,2.75,-1.0566891431808472,0.16516609489917755,2.6560001373291016,-0.8188378810882568,0.6617252230644226,3.570499897003174,-1.0865211486816406,0.4051797091960907,2.442500114440918,-0.7377545833587646,0.43062713742256165,2.5220000743865967,-0.9069964289665222,0.3731784224510193,2.317500114440918
-0.9052731990814209,0.08358724415302277,2.4130001068115234,-0.8812507390975952,0.057196732610464096,2.4549999237060547,-0.8722586631774902,0.046633441001176834,2.325000047683716,-0.7376117706298828,0.22002661228179932,2.75,-1.0586782693862915,0.16978871822357178,2.6610000133514404,-0.8594300150871277,0.6945288777351379,3.747499942779541,-1.0865211486816406,0.4091373383998871,2.442500114440918,-0.7209342122077942,0.4208090901374817,2.4644999504089355,-0.9159978032112122,0.37688198685646057,2.3404998779296875
-0.9037724733352661,0.08344867825508118,2.4089999198913574,-0.8852286338806152,0.057196732610464096,2.4549999237060547,-0.8737593293190002,0.04671366885304451,2.3289999961853027,-0.7302231192588806,0.21470840275287628,2.738999843597412,-1.0563477277755737,0.17010773718357086,2.6659998893737793,-0.8776467442512512,0.6823844909667969,3.747499942779541,-1.0865211486816406,0.4091373383998871,2.442500114440918,-0.7171313762664795,0.4146171510219574,2.4514999389648438,-0.9182465076446533,0.37937793135643005,2.3559999465942383
-0.909183144569397,0.08358724415302277,2.4130001068115234,-0.8931845426559448,0.057196732610464096,2.4549999237060547,-0.8752599358558655,0.046793896704912186,2.3329999446868896,-0.7333201766014099,0.21874645352363586,2.7339999675750732,-1.0583289861679077,0.17042677104473114,2.6710000038146973,-0.8916515111923218,0.7142680883407593,3.888000011444092,-1.0865211486816406,0.4091373383998871,2.442500114440918,-0.6934206485748291,0.4092836081981659,2.3970000743865967,-0.9137035012245178,0.3844965398311615,2.363999843597412
-0.909183144569397,0.07967738062143326,2.4130001068115234,-0.8931845426559448,0.053218819200992584,2.4549999237060547,-0.8790402412414551,0.04301366209983826,2.3329999446868896,-0.7318449020385742,0.2138853222131729,2.7284998893737793,-1.0603101253509521,0.17508183419704437,2.6760001182556152,-0.9042513370513916,0.7079682350158691,3.888000011444092,-1.0789587497711182,0.406289666891098,2.42549991607666,-0.6973046660423279,0.4092836081981659,2.3970000743865967,-0.9206390976905823,0.3896411955356598,2.371999979019165
-0.9076759219169617,0.0756419226527214,2.4089999198913574,-0.8931845426559448,0.053218819200992584,2.4549999237060547,-0.8828205466270447,0.04301366209983826,2.3329999446868896,-0.7318449020385742,0.2138853222131729,2.7284998893737793,-1.0622912645339966,0.1754089593887329,2.680999994277954,-0.9042513370513916,0.7079682350158691,3.888000011444092,-1.077308177947998,0.4041958749294281,2.4130001068115234,-0.6934206485748291,0.4092836081981659,2.3970000743865967,-0.9206390976905823,0.3896411955356598,2.371999979019165
-0.9130930304527283,0.07967738062143326,2.4130001068115234,-0.8931845426559448,0.053218819200992584,2.4549999237060547,-0.8841449618339539,0.043078191578388214,2.3364999294281006,-0.7347818613052368,0.2134542018175125,2.7230000495910645,-1.0622912645339966,0.1754089593887329,2.680999994277954,-0.9042513370513916,0.701668381690979,3.888000011444092,-1.0812181234359741,0.4041958749294281,2.4130001068115234,-0.6934206485748291,0.4092836081981659,2.3970000743865967,-0.9129521250724792,0.3896411955356598,2.371999979019165
-0.9170028567314148,0.07967738062143326,2.4130001068115234,-0.8971624374389648,0.053218819200992584,2.4549999237060547,-0.8879308104515076,0.039292287081480026,2.3364999294281006,-0.7347818613052368,0.2134542018175125,2.7230000495910645,-1.066635251045227,0.1710648387670517,2.680999994277954,-0.8759934306144714,0.6797412037849426,3.7664999961853027,-1.079506754875183,0.4021020233631134,2.4005000591278076,-0.6739248633384705,0.4022828936576843,2.3559999465942383,-0.9152495861053467,0.3928210735321045,2.368000030517578
-0.9185229539871216,0.07589312642812729,2.4170000553131104,-0.8971624374389648,0.053218819200992584,2.4549999237060547,-0.8879308104515076,0.039292287081480026,2.3364999294281006,-0.7347818613052368,0.2090420424938202,2.7230000495910645,-1.066635251045227,0.1710648387670517,2.680999994277954,-0.8390140533447266,0.6510464549064636,3.6075000762939453,-1.0700160264968872,0.3961388170719147,2.388000011444092,-0.6662015914916992,0.39767271280288696,2.3289999961853027,-0.9137035608291626,0.39215755462646484,2.364000082015991
-0.9200430512428284,0.07601872086524963,2.4210000038146973,-0.8971624374389648,0.053218819200992584,2.4549999237060547,-0.8892608880996704,0.039351146668195724,2.3399999141693115,-0.7362659573554993,0.20946425199508667,2.7284998893737793,-1.0622912645339966,0.1710648387670517,2.680999994277954,-0.8281992673873901,0.642654538154602,3.560999870300293,-1.0700160264968872,0.4000081717967987,2.388000011444092,-0.6547483205795288,0.3930625021457672,2.302000045776367,-0.9152495861053467,0.3889841139316559,2.368000030517578
-0.9200430512428284,0.07601872086524963,2.4210000038146973,-0.9011403918266296,0.049240898340940475,2.4549999237060547,-0.8930525183677673,0.039351146668195724,2.3399999141693115,-0.7377501130104065,0.20988649129867554,2.7339999675750732,-1.066635251045227,0.1710648387670517,2.680999994277954,-0.8261061310768127,0.6410303711891174,3.552000045776367,-1.073885440826416,0.39226946234703064,2.388000011444092,-0.6524729132652283,0.3954135477542877,2.2939999103546143,-0.9206390976905823,0.39348462224006653,2.371999979019165
-0.9239659309387207,0.07601872086524963,2.4210000038146973,-0.9011403918266296,0.049240898340940475,2.4549999237060547,-0.8930525183677673,0.039351146668195724,2.3399999141693115,-0.7390993237495422,0.21470840275287628,2.738999843597412,-1.0646461248397827,0.1707458198070526,2.6760001182556152,-0.8261061310768127,0.6352750062942505,3.552000045776367,-1.073885440826416,0.3961388170719147,2.388000011444092,-0.6487558484077454,0.3954135477542877,2.2939999103546143,-0.9206390976905823,0.39348462224006653,2.371999979019165
-0.9239659309387207,0.07209589332342148,2.4210000038146973,-0.9036436676979065,0.04518923535943031,2.4509999752044678,-0.8930525183677673,0.039351146668195724,2.3399999141693115,-0.7362659573554993,0.2138853222131729,2.7284998893737793,-1.0689821243286133,0.17508183419704437,2.6760001182556152,-0.8145952224731445,0.6467857956886292,3.552000045776367,-1.0720323324203491,0.39688530564308167,2.3924999237060547,-0.6413217186927795,0.39913061261177063,2.2939999103546143,-0.9244824647903442,0.3973280191421509,2.371999979019165
-1.3619288206100464,0.09188047796487808,2.42549991607666,-1.3307578563690186,0.07708630710840225,2.4549999237060547,-1.3290865421295166,0.058309029787778854,2.3399999141693115,-1.3331148624420166,0.2890436053276062,2.7284998893737793,-1.6425999402999878,0.2137058526277542,2.6710000038146973,-1.6548916101455688,0.7100954055786133,3.552000045776367,-1.643845558166504,0.11040448397397995,2.4010000228881836,-1.1376440525054932,0.6080721616744995,2.2829999923706055,-1.539434790611267,-0.07157011330127716,2.371999979019165
-0.927888810634613,0.07209589332342148,2.4210000038146973,-0.9107626080513,0.04933115467429161,2.4594998359680176,-0.8968441486358643,0.039351146668195724,2.3399999141693115,-0.7406871318817139,0.2138853222131729,2.7284998893737793,-1.06698477268219,0.17908260226249695,2.6710000038146973,-0.818272054195404,0.6279244422912598,3.5429999828338623,-1.0759090185165405,0.39688530564308167,2.3924999237060547,-0.6338875889778137,0.39913061261177063,2.2939999103546143,-0.9298914074897766,0.39799806475639343,2.375999927520752
-0.927888810634613,0.07209589332342148,2.4210000038146973,-0.9107626080513,0.04534595087170601,2.4594998359680176,-0.8968441486358643,0.039351146668195724,2.3399999141693115,-0.7406871318817139,0.20946425199508667,2.7284998893737793,-1.0626567602157593,0.17475469410419464,2.6710000038146973,-0.8219197392463684,0.6263293623924255,3.5339999198913574,-1.0797315835952759,0.3982953727245331,2.4010000228881836,-0.63006591796875,0.40382835268974304,2.321000099182129,-0.9368852972984314,0.395475298166275,2.384000062942505
