0.004234728869050741,-0.06289920210838318,1.059999942779541,0.03482109308242798,-0.09770935028791428,1.1039999723434448,-0.029590904712677002,-0.09049022942781448,1.0414999723434448,0.13025692105293274,-0.04166671261191368,1.246999979019165,-0.16422541439533234,-0.04501139000058174,1.2280000448226929,0.1940883845090866,0.1938963532447815,1.3539999723434448,-0.2659605145454407,0.18493890762329102,1.2769999504089355,0.1088772714138031,0.31888213753700256,1.190000057220459,-0.108188197016716,0.2131965458393097,1.1605000495910645
0.004232731647789478,-0.06458627432584763,1.059499979019165,0.036576785147190094,-0.09940806776285172,1.1029999256134033,-0.029605112969875336,-0.09222205728292465,1.0420000553131104,0.13015247881412506,-0.041633300483226776,1.246000051498413,-0.16409167647361755,-0.044974736869335175,1.2269999980926514,0.19189444184303284,0.19170242547988892,1.3539999723434448,-0.26161712408065796,0.18686164915561676,1.2760000228881836,0.10694906115531921,0.32081037759780884,1.190000057220459,-0.10804835706949234,0.2091650366783142,1.159000039100647
0.005952291190624237,-0.0663342997431755,1.059999942779541,0.036543626338243484,-0.10110355168581009,1.1019999980926514,-0.029562491923570633,-0.09208928793668747,1.0404999256134033,0.1300480216741562,-0.04159988462924957,1.2450000047683716,-0.16197140514850616,-0.04493808001279831,1.2259999513626099,0.19189444184303284,0.1938963532447815,1.3539999723434448,-0.261104553937912,0.18649552762508392,1.2734999656677246,0.1088772714138031,0.32273855805397034,1.190000057220459,-0.10589556396007538,0.2067505270242691,1.156000018119812
0.005949483718723059,-0.06630301475524902,1.059499979019165,0.036543626338243484,-0.09931794553995132,1.1019999980926514,-0.02954828552901745,-0.09204503893852234,1.0399999618530273,0.12994354963302612,-0.04156647250056267,1.24399995803833,-0.16409167647361755,-0.044974736869335175,1.2269999980926514,0.19189444184303284,0.19609028100967407,1.3539999723434448,-0.26089954376220703,0.1884109526872635,1.2725000381469727,0.10694906115531921,0.32466673851013184,1.190000057220459,-0.10617037862539291,0.20540910959243774,1.159000039100647
0.005949483718723059,-0.06630301475524902,1.059499979019165,0.036510467529296875,-0.10101181268692017,1.1010000705718994,-0.029519876465201378,-0.09195654094219208,1.0390000343322754,0.12983910739421844,-0.04153306037187576,1.2430000305175781,-0.16223564743995667,-0.04501139000058174,1.2280000448226929,0.1940883845090866,0.1938963532447815,1.3539999723434448,-0.25883767008781433,0.19047284126281738,1.2725000381469727,0.10685918480157852,0.3224673271179199,1.1890000104904175,-0.10617037862539291,0.20540910959243774,1.159000039100647
0.00594667624682188,-0.06627172976732254,1.059000015258789,0.038329243659973145,-0.09931794553995132,1.1019999980926514,-0.027809547260403633,-0.0935499370098114,1.0379999876022339,0.12973466515541077,-0.04149964824318886,1.2420001029968262,-0.16223564743995667,-0.04501139000058174,1.2280000448226929,0.1938733607530594,0.19368155300617218,1.3524999618530273,-0.2601819336414337,0.1899489462375641,1.2690000534057617,0.10685918480157852,0.3224673271179199,1.1890000104904175,-0.10429240018129349,0.20728708803653717,1.159000039100647
0.00594667624682188,-0.06627172976732254,1.059000015258789,0.038294464349746704,-0.09922783076763153,1.1010000705718994,-0.027796149253845215,-0.09350486844778061,1.0374999046325684,0.13153496384620667,-0.03942360356450081,1.2400000095367432,-0.16011536121368408,-0.044974736869335175,1.2269999980926514,0.19365833699703217,0.19346675276756287,1.3509999513626099,-0.25997689366340637,0.18774466216564178,1.2680000066757202,0.109243243932724,0.32575803995132446,1.194000005722046,-0.10402244329452515,0.21049673855304718,1.156000018119812
0.00594667624682188,-0.06627172976732254,1.059000015258789,0.038364022970199585,-0.10119529068470001,1.1029999256134033,-0.02770237997174263,-0.09318943321704865,1.0339999198913574,0.13343648612499237,-0.039391808211803436,1.2389999628067017,-0.16197140514850616,-0.04493808001279831,1.2259999513626099,0.19365833699703217,0.19565580785274506,1.3509999513626099,-0.25997689366340637,0.18774466216564178,1.2680000066757202,0.1099751889705658,0.3279406726360321,1.2020000219345093,-0.10366249829530716,0.21163497865200043,1.1519999504089355
0.005941061303019524,-0.06449484080076218,1.058000087738037,0.04015125706791878,-0.10119529068470001,1.1029999256134033,-0.027555031701922417,-0.09102724492549896,1.0285000801086426,0.13327492773532867,-0.03733896091580391,1.2374999523162842,-0.15998487174510956,-0.04493808001279831,1.2259999513626099,0.19584742188453674,0.19565580785274506,1.3509999513626099,-0.25586771965026855,0.18774466216564178,1.2680000066757202,0.11192283779382706,0.32404541969299316,1.2020000219345093,-0.10179586708545685,0.21536822617053986,1.1519999504089355
0.007662618532776833,-0.06455580145120621,1.059000015258789,0.040078457444906235,-0.10101181268692017,1.1010000705718994,-0.025888510048389435,-0.09102724492549896,1.0285000801086426,0.13528011739253998,-0.039344120770692825,1.2374999523162842,-0.15767614543437958,-0.04484644532203674,1.2235000133514404,0.19803650677204132,0.19565580785274506,1.3509999513626099,-0.25586771965026855,0.18774466216564178,1.2680000066757202,0.11387049406766891,0.3279406726360321,1.2020000219345093,-0.10730255395174026,0.22637130320072174,1.1510000228881836
0.00936970580369234,-0.06620915234088898,1.058000087738037,0.04186245799064636,-0.10101181268692017,1.1010000705718994,-0.024151334539055824,-0.09076172858476639,1.0255000591278076,0.1372852772474289,-0.03733896091580391,1.2374999523162842,-0.1573539525270462,-0.04475481063127518,1.2209999561309814,0.19803650677204132,0.19784487783908844,1.3509999513626099,-0.25586771965026855,0.18569009006023407,1.2680000066757202,0.11387049406766891,0.33183595538139343,1.2020000219345093,-0.1090727224946022,0.23362816870212555,1.1500000953674316
0.009356420487165451,-0.06440339982509613,1.05649995803833,0.041900478303432465,-0.10110355168581009,1.1019999980926514,-0.02411600574851036,-0.0906289592385292,1.0239999294281006,0.1371188759803772,-0.0372936986386776,1.2359999418258667,-0.15767614543437958,-0.04484644532203674,1.2235000133514404,0.2002255916595459,0.19784487783908844,1.3509999513626099,-0.25761720538139343,0.18341827392578125,1.2664999961853027,0.11581814289093018,0.3376788794994354,1.2020000219345093,-0.112701416015625,0.23714853823184967,1.1490000486373901
0.011052598245441914,-0.06602141261100769,1.0550000667572021,0.043686095625162125,-0.10110355168581009,1.1019999980926514,-0.022434847429394722,-0.09054046124219894,1.0230000019073486,0.1370079219341278,-0.037263523787260056,1.2349998950958252,-0.15767614543437958,-0.04484644532203674,1.2235000133514404,0.20000328123569489,0.19543856382369995,1.3494999408721924,-0.25761720538139343,0.18341827392578125,1.2664999961853027,0.11776579171419144,0.3376788794994354,1.2020000219345093,-0.1126033291220665,0.24066241085529327,1.1480000019073486
0.012762058526277542,-0.06602141261100769,1.0550000667572021,0.04543045163154602,-0.10101181268692017,1.1010000705718994,-0.02077723667025566,-0.09054046124219894,1.0230000019073486,0.1367860734462738,-0.03520531579852104,1.2330000400543213,-0.15933240950107574,-0.04475481063127518,1.2209999561309814,0.20218992233276367,0.19762521982192993,1.3494999408721924,-0.2555650472640991,0.18341827392578125,1.2664999961853027,0.11581814289093018,0.3376788794994354,1.2020000219345093,-0.10869332402944565,0.24395690858364105,1.1459999084472656
0.014444085769355297,-0.06589625030755997,1.0529999732971191,0.04721444472670555,-0.10101181268692017,1.1010000705718994,-0.019110282883048058,-0.09049621224403381,1.0225000381469727,0.13889651000499725,-0.035233866423368454,1.2339999675750732,-0.15524828433990479,-0.04471815750002861,1.2200000286102295,0.20437659323215485,0.19762521982192993,1.3494999408721924,-0.2535128593444824,0.18341827392578125,1.2664999961853027,0.11776579171419144,0.3376788794994354,1.2020000219345093,-0.1049795001745224,0.24581381678581238,1.1459999084472656
0.017856525257229805,-0.062483832240104675,1.0529999732971191,0.05073631554841995,-0.09913770109415054,1.100000023841858,-0.015773506835103035,-0.08870908617973328,1.0209999084472656,0.1408960074186325,-0.035233866423368454,1.2339999675750732,-0.1590714156627655,-0.044681500643491745,1.218999981880188,0.20483092963695526,0.20025603473186493,1.3524999618530273,-0.25175851583480835,0.18363550305366516,1.2680000066757202,0.11776579171419144,0.3376788794994354,1.2020000219345093,-0.1049795001745224,0.24581381678581238,1.1459999084472656
0.017856525257229805,-0.06077762320637703,1.0529999732971191,0.050713248550891876,-0.09731107950210571,1.0994999408721924,-0.015758059918880463,-0.08696946501731873,1.0199999809265137,0.14466017484664917,-0.03517676144838333,1.2319999933242798,-0.15709620714187622,-0.044681500643491745,1.218999981880188,0.20520955324172974,0.2006261944770813,1.3550000190734863,-0.24764934182167053,0.18363550305366516,1.2680000066757202,0.11747186630964279,0.3426644206047058,1.1990000009536743,-0.10312258452177048,0.2476707100868225,1.1459999084472656
0.017856525257229805,-0.06077762320637703,1.0529999732971191,0.05064406991004944,-0.09717833250761032,1.0980000495910645,-0.01573488488793373,-0.08684156835079193,1.0184999704360962,0.1448950171470642,-0.0332343764603138,1.2339999675750732,-0.15512101352214813,-0.04665668308734894,1.218999981880188,0.20475521683692932,0.2023726999759674,1.3519999980926514,-0.24530421197414398,0.18341827392578125,1.2664999961853027,0.1172759160399437,0.345971941947937,1.1970000267028809,-0.10330256074666977,0.24810296297073364,1.1480000019073486
0.019562745466828346,-0.059071414172649384,1.0529999732971191,0.05415297672152519,-0.09708981961011887,1.097000002861023,-0.012409832328557968,-0.08667103946208954,1.0164999961853027,0.14889401197433472,-0.0332343764603138,1.2339999675750732,-0.15512101352214813,-0.042706314474344254,1.218999981880188,0.20913660526275635,0.2023726999759674,1.3519999980926514,-0.24706341326236725,0.18320102989673615,1.2649999856948853,0.11891668289899826,0.345104843378067,1.194000005722046,-0.0995822623372078,0.24438267946243286,1.1480000019073486
0.021248767152428627,-0.05901532247662544,1.0520000457763672,0.05237545818090439,-0.09353481233119965,1.097000002861023,-0.010746873915195465,-0.08489851653575897,1.0150001049041748,0.14865270256996155,-0.03118426352739334,1.2319999933242798,-0.15314581990242004,-0.044681500643491745,1.218999981880188,0.21132731437683105,0.2023726999759674,1.3519999980926514,-0.2468680888414383,0.18305620551109314,1.2639999389648438,0.122580386698246,0.34259530901908875,1.1920000314712524,-0.09611246734857559,0.24688632786273956,1.1510000228881836
