0.4485255181789398,-0.19085551798343658,1.4609999656677246,0.4940311312675476,-0.2297472208738327,1.4984999895095825,0.4096234142780304,-0.22215798497200012,1.4490000009536743,0.7000991106033325,-0.1620943546295166,1.5975000858306885,0.3573903739452362,-0.13997042179107666,1.5815000534057617,0.7423956990242004,0.13881805539131165,1.6050000190734863,0.33941981196403503,0.13574762642383575,1.5694999694824219,0.47902506589889526,0.14044947922229767,1.593999981880188,0.6076073050498962,0.0901436135172844,1.5724999904632568
0.44151273369789124,-0.18752062320709229,1.4535000324249268,0.48848646879196167,-0.2258780151605606,1.4889999628067017,0.4030594527721405,-0.21985821425914764,1.434000015258789,0.6988745331764221,-0.1554930955171585,1.5829999446868896,0.3621716797351837,-0.14239779114723206,1.5800000429153442,0.7196792364120483,0.1467103511095047,1.5780000686645508,0.3295707404613495,0.12978728115558624,1.559000015258789,0.47539615631103516,0.14271822571754456,1.590499997138977,0.5903278589248657,0.09451276808977127,1.5605000257492065
0.4383232891559601,-0.18382784724235535,1.443000078201294,0.4848777651786804,-0.22181448340415955,1.4779999256134033,0.39940550923347473,-0.21326006948947906,1.4210000038146973,0.6884855628013611,-0.14413219690322876,1.5709999799728394,0.36985209584236145,-0.13983766734600067,1.5800000429153442,0.7059616446495056,0.16010046005249023,1.559000015258789,0.3180318772792816,0.13171929121017456,1.5520000457763672,0.4502115547657013,0.1420900970697403,1.5835000276565552,0.5662635564804077,0.09889984875917435,1.5499999523162842
0.43088117241859436,-0.17610982060432434,1.4184999465942383,0.47979283332824707,-0.21474884450435638,1.4625000953674316,0.39514681696891785,-0.20991839468479156,1.4140000343322754,0.6934022307395935,-0.13497509062290192,1.5534999370574951,0.37194085121154785,-0.1447744220495224,1.5780000686645508,0.6871969699859619,0.17182835936546326,1.5285000801086426,0.3100874423980713,0.12150347977876663,1.5499999523162842,0.44212865829467773,0.1411479115486145,1.5729999542236328,0.5629755854606628,0.10331945866346359,1.5410000085830688
0.42435041069984436,-0.16664975881576538,1.3970000743865967,0.47536394000053406,-0.2080708146095276,1.4490000009536743,0.3937840461730957,-0.2011781930923462,1.4010000228881836,0.6898944973945618,-0.11591950058937073,1.534500002861023,0.376218318939209,-0.14445330202579498,1.5744999647140503,0.6573747992515564,0.19633999466896057,1.4890000820159912,0.2946375906467438,0.11382188647985458,1.5479999780654907,0.4315820634365082,0.15539635717868805,1.5625,0.531909704208374,0.11150573939085007,1.5164999961853027
0.42252784967422485,-0.16142624616622925,1.3910000324249268,0.47093507647514343,-0.20148025453090668,1.435499906539917,0.38675716519355774,-0.19312910735607147,1.375999927520752,0.6804531216621399,-0.1069759950041771,1.5134999752044678,0.38350629806518555,-0.1443156898021698,1.5729999542236328,0.6381538510322571,0.21007826924324036,1.4670000076293945,0.28934037685394287,0.11872328072786331,1.5464999675750732,0.4195667803287506,0.14713889360427856,1.5555000305175781,0.5184812545776367,0.1290445774793625,1.4919999837875366
0.41740360856056213,-0.15808527171611786,1.381500005722046,0.46617817878723145,-0.19484014809131622,1.4210000038146973,0.38305020332336426,-0.1901816576719284,1.3550000190734863,0.6735842823982239,-0.09790755063295364,1.4874999523162842,0.3860550820827484,-0.14176690578460693,1.5729999542236328,0.6254317164421082,0.2160988450050354,1.4594999551773071,0.28590714931488037,0.11334394663572311,1.5414999723434448,0.40726029872894287,0.14122498035430908,1.5190000534057617,0.5098592042922974,0.13769201934337616,1.4809999465942383
0.41675642132759094,-0.15255199372768402,1.371999979019165,0.4624054431915283,-0.1909794807434082,1.409500002861023,0.3812653422355652,-0.18604382872581482,1.340999960899353,0.6711076498031616,-0.0849328264594078,1.4714999198913574,0.3937014937400818,-0.13921812176704407,1.5729999542236328,0.6153391003608704,0.2300514131784439,1.4579999446868896,0.2815708816051483,0.1126086637377739,1.531499981880188,0.3887813091278076,0.13574907183647156,1.4859999418258667,0.4982392489910126,0.14530180394649506,1.4609999656677246
0.41235190629959106,-0.1465405374765396,1.3574999570846558,0.456941694021225,-0.18105800449848175,1.3859999179840088,0.37870654463768005,-0.17832036316394806,1.3320000171661377,0.6666266918182373,-0.07698701322078705,1.4565000534057617,0.39740467071533203,-0.1361914873123169,1.5674999952316284,0.6037039756774902,0.23445507884025574,1.441499948501587,0.2775403559207916,0.11445143818855286,1.5230000019073486,0.38034817576408386,0.1416255235671997,1.4719998836517334,0.49780991673469543,0.15083900094032288,1.446000099182129
0.40688425302505493,-0.1402565985918045,1.3394999504089355,0.4463918209075928,-0.17248986661434174,1.3539999723434448,0.3771476447582245,-0.17657999694347382,1.319000005722046,0.6620970368385315,-0.06217989698052406,1.441499948501587,0.39601027965545654,-0.13824458420276642,1.562000036239624,0.5892699360847473,0.24118191003799438,1.4124999046325684,0.27964040637016296,0.11676567792892456,1.5210000276565552,0.364543080329895,0.14013423025608063,1.4565000534057617,0.4885200262069702,0.15175187587738037,1.4325000047683716
0.3997285068035126,-0.1342415064573288,1.3229999542236328,0.4394409954547882,-0.16630180180072784,1.3394999504089355,0.37188297510147095,-0.17086860537528992,1.3079999685287476,0.6595886945724487,-0.05208565667271614,1.4210000038146973,0.39978840947151184,-0.1327563375234604,1.5570000410079956,0.5737450122833252,0.25337907671928406,1.3914999961853027,0.2741694748401642,0.12145468592643738,1.5180000066757202,0.3677419424057007,0.14895811676979065,1.4505000114440918,0.4817865788936615,0.1549748331308365,1.4194999933242798
0.3948943018913269,-0.12626469135284424,1.306999921798706,0.43864426016807556,-0.16087272763252258,1.3305000066757202,0.36747613549232483,-0.16465520858764648,1.2925000190734863,0.65187668800354,-0.039959315210580826,1.3995000123977661,0.4005025029182434,-0.13215948641300201,1.5499999523162842,0.5568122863769531,0.26538994908332825,1.371999979019165,0.26871803402900696,0.12121465802192688,1.5149999856948853,0.3403230309486389,0.1449401080608368,1.434000015258789,0.47533753514289856,0.16583013534545898,1.4140000343322754
0.3915708065032959,-0.12100213766098022,1.2960000038146973,0.43452319502830505,-0.15081894397735596,1.3179999589920044,0.36363789439201355,-0.15879060328006744,1.2790000438690186,0.6456242203712463,-0.02815067395567894,1.3765000104904175,0.4023860692977905,-0.13113631308078766,1.5379999876022339,0.5509275794029236,0.2757827639579773,1.3574999570846558,0.2683632969856262,0.12105464190244675,1.5130000114440918,0.3384650945663452,0.15694253146648407,1.4165000915527344,0.4679253399372101,0.18077489733695984,1.4054999351501465
0.39139261841773987,-0.11403850466012955,1.2885000705718994,0.4313580095767975,-0.14054939150810242,1.3020000457763672,0.3641882538795471,-0.14903010427951813,1.2664999961853027,0.6406394839286804,-0.012355790473520756,1.3564999103546143,0.41120511293411255,-0.11763427406549454,1.5245000123977661,0.5339423418045044,0.28678280115127563,1.3370000123977661,0.261457622051239,0.12256745249032974,1.5015000104904175,0.33151760697364807,0.15811355412006378,1.406499981880188,0.4519604742527008,0.19153399765491486,1.3845000267028809
0.3868362009525299,-0.10445695370435715,1.2734999656677246,0.42274409532546997,-0.1294725388288498,1.2760000228881836,0.3595873713493347,-0.14106868207454681,1.250499963760376,0.6357629895210266,0.005152896977961063,1.3370000123977661,0.4134158194065094,-0.11686264723539352,1.5145000219345093,0.5160676836967468,0.2957451641559601,1.319000005722046,0.25867152214050293,0.12366838753223419,1.4854999780654907,0.31919243931770325,0.16556496918201447,1.3924999237060547,0.43248260021209717,0.19775573909282684,1.3654999732971191
0.3772999048233032,-0.09077457338571548,1.255500078201294,0.4149070680141449,-0.11750093102455139,1.258500099182129,0.3548427224159241,-0.12721037864685059,1.2339999675750732,0.631693959236145,0.019983263686299324,1.315000057220459,0.41736334562301636,-0.1079823300242424,1.493499994277954,0.5063716173171997,0.3235675096511841,1.310499906539917,0.2570172846317291,0.12287751585245132,1.4760000705718994,0.3154102563858032,0.18589891493320465,1.375999927520752,0.41149771213531494,0.21261610090732574,1.347499966621399
0.3703337609767914,-0.0835588276386261,1.2390000820159912,0.4064216613769531,-0.11018853634595871,1.2450000047683716,0.34583780169487,-0.11880536377429962,1.2094999551773071,0.6229797601699829,0.028018461540341377,1.2925000190734863,0.4117436408996582,-0.1029471680521965,1.4565000534057617,0.491225928068161,0.32831960916519165,1.2874999046325684,0.2504854202270508,0.12087950110435486,1.4520000219345093,0.3069266080856323,0.1892513632774353,1.3680000305175781,0.3973839581012726,0.21193020045757294,1.3294999599456787
0.36084887385368347,-0.07637832313776016,1.2204999923706055,0.39563408493995667,-0.10385177284479141,1.2179999351501465,0.33776527643203735,-0.1128435730934143,1.187999963760376,0.6174636483192444,0.035832397639751434,1.2725000381469727,0.39775028824806213,-0.09716864675283432,1.4070000648498535,0.47706788778305054,0.34085550904273987,1.2719999551773071,0.2422252595424652,0.11913124471902847,1.430999994277954,0.29665496945381165,0.1891585886478424,1.3515000343322754,0.3810875713825226,0.2110249251127243,1.310499906539917
0.35163018107414246,-0.07135500013828278,1.2025001049041748,0.3852553069591522,-0.098264180123806,1.1979999542236328,0.32626160979270935,-0.10711288452148438,1.1675000190734863,0.6048474907875061,0.0411594919860363,1.246500015258789,0.3772970139980316,-0.08498301357030869,1.3580000400543213,0.46477648615837097,0.34457138180732727,1.2554999589920044,0.23747563362121582,0.11792410910129547,1.4164999723434448,0.2902164161205292,0.18642933666706085,1.3320000171661377,0.3646750748157501,0.20563367009162903,1.2899999618530273
0.34247785806655884,-0.0687427818775177,1.190999984741211,0.3772147595882416,-0.09383038431406021,1.190999984741211,0.31660476326942444,-0.10391433537006378,1.152999997138977,0.586868405342102,0.04596865177154541,1.2135000228881836,0.3543466329574585,-0.07318711280822754,1.2680000066757202,0.4506361782550812,0.34652820229530334,1.2335000038146973,0.22828173637390137,0.12459242343902588,1.3884999752044678,0.2798920273780823,0.187454953789711,1.3240000009536743,0.3417493402957916,0.19580844044685364,1.2669999599456787
