0.22334101796150208,-0.3257811367511749,1.8509999513626099,0.2694161832332611,-0.3989068269729614,2.0409998893737793,0.18345437943935394,-0.3510589897632599,1.8420000076293945,0.3858918845653534,-0.211965873837471,1.993499994277954,0.0686587318778038,-0.18430417776107788,1.9739999771118164,0.6388036012649536,-0.13788002729415894,1.996500015258789,-0.01937025412917137,0.0468238927423954,2.1600000858306885,0.46860235929489136,-0.18222109973430634,1.8250000476837158,-0.07369934022426605,0.30283766984939575,2.2149999141693115
0.21734251081943512,-0.3287803530693054,1.8509999513626099,0.2514709532260895,-0.3817075192928314,1.9529999494552612,0.17748504877090454,-0.3540436327457428,1.8420000076293945,0.3816332221031189,-0.19684870541095734,1.971500039100647,0.07156606763601303,-0.18355725705623627,1.965999960899353,0.6467105150222778,-0.14029714465141296,2.0314998626708984,-0.015870314091444016,0.050323810428380966,2.1600000858306885,0.46251580119132996,-0.19612881541252136,1.7899999618530273,-0.06620588898658752,0.30140209197998047,2.2044999599456787
0.20834475755691528,-0.3287803530693054,1.8509999513626099,0.2374223917722702,-0.369687557220459,1.8914999961853027,0.17151568830013275,-0.3510589897632599,1.8420000076293945,0.365660697221756,-0.2128211259841919,1.971500039100647,0.062182772904634476,-0.18726524710655212,1.9714999198913574,0.6302518248558044,-0.13042202591896057,2.0314998626708984,-0.015896029770374298,0.05741652846336365,2.1635000705718994,0.5176236629486084,-0.24833589792251587,1.7899999618530273,-0.05548975616693497,0.30497413873672485,2.2044999599456787
0.2053454965353012,-0.3287803530693054,1.8509999513626099,0.23181754350662231,-0.36568090319633484,1.871000051498413,0.16554635763168335,-0.3540436327457428,1.8420000076293945,0.3624661862850189,-0.2128211259841919,1.971500039100647,0.0620093010365963,-0.18992839753627777,1.965999960899353,0.6096884608268738,-0.1281750500202179,1.996500015258789,-0.015896029770374298,0.05741652846336365,2.1635000705718994,0.5553290247917175,-0.2715390622615814,1.7899999618530273,-0.048192158341407776,0.3040057420730591,2.197499990463257
0.20234625041484833,-0.3287803530693054,1.8509999513626099,0.22878588736057281,-0.36568090319633484,1.871000051498413,0.16256169974803925,-0.3540436327457428,1.8420000076293945,0.36191463470458984,-0.212497279047966,1.968500018119812,0.05882370471954346,-0.18674282729625702,1.965999960899353,0.6147655248641968,-0.131804957985878,2.002500057220459,-0.015896029770374298,0.05741652846336365,2.1635000705718994,0.5887098908424377,-0.29548317193984985,1.7944999933242798,-0.04796188697218895,0.2990094721317291,2.187000036239624
0.1996162235736847,-0.3292244076728821,1.8534998893737793,0.22575423121452332,-0.36568090319633484,1.871000051498413,0.15957702696323395,-0.3540436327457428,1.8420000076293945,0.36191463470458984,-0.212497279047966,1.968500018119812,0.055638112127780914,-0.18355725705623627,1.965999960899353,0.6212549805641174,-0.13829439878463745,2.002500057220459,-0.01592174544930458,0.06102067232131958,2.1670000553131104,0.6367834210395813,-0.3254164755344391,1.815500020980835,-0.04751231521368027,0.2962067127227783,2.1665000915527344
0.19661293923854828,-0.3292244076728821,1.8534998893737793,0.2224249690771103,-0.3651922643184662,1.868499994277954,0.15957702696323395,-0.3540436327457428,1.8420000076293945,0.35872501134872437,-0.21568691730499268,1.968500018119812,0.05555321276187897,-0.18645787239074707,1.9630000591278076,0.6229612231254578,-0.1419278383255005,2.007999897003174,-0.01594378799200058,0.0611051507294178,2.1700000762939453,0.6833823919296265,-0.345806747674942,1.8299999237060547,-0.04700791463255882,0.29653531312942505,2.1435000896453857
0.19634774327278137,-0.3287803530693054,1.8509999513626099,0.22212737798690796,-0.3647036552429199,1.8660000562667847,0.15659233927726746,-0.3540436327457428,1.8420000076293945,0.3617318272590637,-0.21749480068683624,1.9850000143051147,0.05237248167395592,-0.18645787239074707,1.9630000591278076,0.629801332950592,-0.1492851972579956,2.0195000171661377,-0.01948683336377144,0.057668644934892654,2.1730000972747803,0.7130346894264221,-0.33987629413604736,1.8299999237060547,-0.04700791463255882,0.30000847578048706,2.1435000896453857
0.19634774327278137,-0.3287803530693054,1.8509999513626099,0.22212737798690796,-0.3647036552429199,1.8660000562667847,0.15659233927726746,-0.3540436327457428,1.8420000076293945,0.3628252148628235,-0.22137828171253204,1.9909999370574951,0.05237248167395592,-0.18645787239074707,1.9630000591278076,0.629801332950592,-0.15255746245384216,2.0195000171661377,-0.01951822079718113,0.06128818169236183,2.176500082015991,0.7159999012947083,-0.3191198706626892,1.8299999237060547,-0.05395432189106941,0.29653531312942505,2.1435000896453857
0.19608256220817566,-0.32833632826805115,1.8485000133514404,0.22212737798690796,-0.3647036552429199,1.8660000562667847,0.15659233927726746,-0.3540436327457428,1.8420000076293945,0.3628252148628235,-0.22137828171253204,1.9909999370574951,0.05243918299674988,-0.18351057171821594,1.965499997138977,0.629801332950592,-0.14601294696331024,2.0195000171661377,-0.01951822079718113,0.057761531323194504,2.176500082015991,0.7282305359840393,-0.32289236783981323,1.86899995803833,-0.053627096116542816,0.2947368621826172,2.130500078201294
0.19608256220817566,-0.32833632826805115,1.8485000133514404,0.2224249690771103,-0.3651922643184662,1.868499994277954,0.1563798040151596,-0.3535631000995636,1.8394999504089355,0.36014094948768616,-0.2184809148311615,1.99399995803833,0.05243918299674988,-0.18669533729553223,1.965499997138977,0.6229612231254578,-0.13542057573795319,2.007999897003174,-0.01954960823059082,0.05785441771149635,2.180000066757202,0.7409167289733887,-0.33607733249664307,1.909500002861023,-0.0605313740670681,0.2912847399711609,2.130500078201294
0.1990777552127838,-0.32833632826805115,1.8485000133514404,0.22635751962661743,-0.36665812134742737,1.8760000467300415,0.15936043858528137,-0.3535631000995636,1.8394999504089355,0.36059248447418213,-0.218754842877388,1.996500015258789,0.052585918456315994,-0.18721775710582733,1.9709999561309814,0.6197076439857483,-0.12891334295272827,2.007999897003174,-0.01954960823059082,0.05785441771149635,2.180000066757202,0.725020170211792,-0.3322717845439911,1.941499948501587,-0.0645841509103775,0.2940191626548767,2.1505000591278076
0.20234625041484833,-0.3287803530693054,1.8509999513626099,0.23159833252429962,-0.37324509024620056,1.8940000534057617,0.15914386510849,-0.3530825972557068,1.8370000123977661,0.35690999031066895,-0.21524997055530548,1.99399995803833,0.058733947575092316,-0.18645787239074707,1.9630000591278076,0.6126805543899536,-0.13275934755802155,2.0169999599456787,-0.01954960823059082,0.05432209372520447,2.180000066757202,0.6935612559318542,-0.31339651346206665,1.941499948501587,-0.0645841509103775,0.2975037097930908,2.1505000591278076
0.2053454965353012,-0.3317795991897583,1.8509999513626099,0.2319040149450302,-0.37373775243759155,1.8964999914169312,0.16509699821472168,-0.35605916380882263,1.8370000123977661,0.36337190866470337,-0.21201902627944946,1.99399995803833,0.05577960982918739,-0.19041141867637634,1.9709999561309814,0.6119804978370667,-0.12675485014915466,2.0255000591278076,-0.01954960823059082,0.05078976973891258,2.180000066757202,0.6479934453964233,-0.29497724771499634,1.965499997138977,-0.06868592649698257,0.2931690812110901,2.1700000762939453
0.20834475755691528,-0.3317795991897583,1.8509999513626099,0.23336629569530487,-0.3711758852005005,1.883500099182129,0.16807356476783752,-0.35605916380882263,1.8370000123977661,0.36337190866470337,-0.22171185910701752,1.99399995803833,0.05897330865263939,-0.19041141867637634,1.9709999561309814,0.6163614392280579,-0.12766224145889282,2.0399999618530273,-0.01954960823059082,0.05432209372520447,2.180000066757202,0.6126093864440918,-0.2689565420150757,1.9849998950958252,-0.06889166682958603,0.29757392406463623,2.176500082015991
0.20834475755691528,-0.3317795991897583,1.8509999513626099,0.2364182323217392,-0.3711758852005005,1.883500099182129,0.17105013132095337,-0.35605916380882263,1.8370000123977661,0.3666028678417206,-0.2184809148311615,1.99399995803833,0.062167003750801086,-0.19041141867637634,1.9709999561309814,0.613055944442749,-0.1342732161283493,2.0399999618530273,-0.01954960823059082,0.05078976973891258,2.180000066757202,0.5914111733436584,-0.25109773874282837,2.0225000381469727,-0.07253479212522507,0.29805243015289307,2.180000066757202
0.21134401857852936,-0.3317795991897583,1.8509999513626099,0.2364182323217392,-0.3711758852005005,1.883500099182129,0.17128290235996246,-0.35654371976852417,1.8394999504089355,0.3666028678417206,-0.22171185910701752,1.99399995803833,0.062167003750801086,-0.19360511004924774,1.9709999561309814,0.6229724287986755,-0.1408841758966446,2.0399999618530273,-0.01951822079718113,0.04718157276511192,2.176500082015991,0.5520855188369751,-0.2412663698196411,2.0225000381469727,-0.07606713473796844,0.29805243015289307,2.180000066757202
0.21134401857852936,-0.3317795991897583,1.8509999513626099,0.23947013914585114,-0.3711758852005005,1.883500099182129,0.17151568830013275,-0.3570283055305481,1.8420000076293945,0.3666028678417206,-0.21524997055530548,1.99399995803833,0.06208815053105354,-0.19335953891277313,1.9684998989105225,0.6399368047714233,-0.13838797807693481,2.052000045776367,-0.023044895380735397,0.05070822685956955,2.176500082015991,0.5488083958625793,-0.22488076984882355,2.0225000381469727,-0.07606713473796844,0.29805243015289307,2.180000066757202
0.21134401857852936,-0.3317795991897583,1.8509999513626099,0.2397879809141159,-0.3716685473918915,1.8860000371932983,0.17450036108493805,-0.3570283055305481,1.8420000076293945,0.3660513162612915,-0.2149261236190796,1.9909999370574951,0.06174120306968689,-0.19227904081344604,1.9574999809265137,0.6347503662109375,-0.14129853248596191,2.0460000038146973,-0.01948683336377144,0.05062668398022652,2.1730000972747803,0.5450094938278198,-0.2330874353647232,2.008500099182129,-0.07667776197195053,0.3004450500011444,2.197499990463257
0.21134401857852936,-0.3347788155078888,1.8509999513626099,0.23673202097415924,-0.3716685473918915,1.8860000371932983,0.17151568830013275,-0.3570283055305481,1.8420000076293945,0.36337190866470337,-0.21201902627944946,1.99399995803833,0.055312659591436386,-0.18881741166114807,1.9544999599456787,0.6236684322357178,-0.14029714465141296,2.0314998626708984,-0.022976072505116463,0.050556790083646774,2.1700000762939453,0.5642215609550476,-0.2785354256629944,1.9844999313354492,-0.07728839665651321,0.30283766984939575,2.2149999141693115
