-0.9186904430389404,0.07914905995130539,2.3970000743865967,-0.903590202331543,0.052666038274765015,2.429500102996826,-0.8968441486358643,0.04693429917097092,2.3399999141693115,-0.7164221405982971,0.2137058526277542,2.6710000038146973,-1.0589953660964966,0.1734461635351181,2.6510000228881836,-0.7774152755737305,0.6271891593933105,3.4140000343322754,-1.044482946395874,0.3825360834598541,2.305999994277954,-0.6178607940673828,0.38179314136505127,2.2360000610351562,-0.8810436725616455,0.389220654964447,2.2795000076293945
-0.9217566251754761,0.07941322773694992,2.4050002098083496,-0.903590202331543,0.052666038274765015,2.429500102996826,-0.8968441486358643,0.04693429917097092,2.3399999141693115,-0.7164221405982971,0.2137058526277542,2.6710000038146973,-1.0566891431808472,0.17377330362796783,2.6560001373291016,-0.7774152755737305,0.6271891593933105,3.4140000343322754,-1.0602654218673706,0.3869320750236511,2.3324999809265137,-0.6178607940673828,0.38179314136505127,2.2360000610351562,-0.8839424252510071,0.3905012607574463,2.2869999408721924
-0.9248226881027222,0.08358724415302277,2.4130001068115234,-0.903590202331543,0.056602634489536285,2.429500102996826,-0.8968441486358643,0.04693429917097092,2.3399999141693115,-0.7191044092178345,0.21016183495521545,2.680999994277954,-1.0566891431808472,0.17377330362796783,2.6560001373291016,-0.7884789109230042,0.6161254644393921,3.4140000343322754,-1.056485891342163,0.3869320750236511,2.3324999809265137,-0.6260854601860046,0.3751332759857178,2.239500045776367,-0.8852952122688293,0.39109888672828674,2.2904999256134033
-0.9248226881027222,0.08358724415302277,2.4130001068115234,-0.900428831577301,0.05640460178256035,2.4210000038146973,-0.8968441486358643,0.04693429917097092,2.3399999141693115,-0.7191044092178345,0.21016183495521545,2.680999994277954,-1.0566891431808472,0.17377330362796783,2.6560001373291016,-0.7884789109230042,0.6161254644393921,3.4140000343322754,-1.0512771606445312,0.38502439856529236,2.321000099182129,-0.6297142505645752,0.3751332759857178,2.239500045776367,-0.8765310049057007,0.3942069709300995,2.2869999408721924
-0.9248226881027222,0.08358724415302277,2.4130001068115234,-0.903590202331543,0.056602634489536285,2.429500102996826,-0.8968441486358643,0.05072587728500366,2.3399999141693115,-0.7205796241760254,0.21059298515319824,2.686500072479248,-1.0523855686187744,0.1694696843624115,2.6560001373291016,-0.7884789109230042,0.6216573119163513,3.4140000343322754,-1.0512771606445312,0.38878515362739563,2.321000099182129,-0.6270639300346375,0.37935397028923035,2.243000030517578,-0.8728252649307251,0.3905012607574463,2.2869999408721924
-0.9248226881027222,0.08358724415302277,2.4130001068115234,-0.903590202331543,0.056602634489536285,2.429500102996826,-0.8968441486358643,0.05072587728500366,2.3399999141693115,-0.7205796241760254,0.21494600176811218,2.686500072479248,-1.0586782693862915,0.17410042881965637,2.6610000133514404,-0.7792369723320007,0.6286587715148926,3.421999931335449,-1.056485891342163,0.3869320750236511,2.3324999809265137,-0.623429536819458,0.3829883635044098,2.243000030517578,-0.8728252649307251,0.3942069709300995,2.2869999408721924
-0.9248226881027222,0.08358724415302277,2.4130001068115234,-0.9067515134811401,0.05680066719651222,2.437999963760376,-0.8968441486358643,0.05072587728500366,2.3399999141693115,-0.7191044092178345,0.2188500463962555,2.680999994277954,-1.0523855686187744,0.1694696843624115,2.6560001373291016,-0.7949492335319519,0.6469914317131042,3.491000175476074,-1.056485891342163,0.3907114863395691,2.3324999809265137,-0.623429536819458,0.3829883635044098,2.243000030517578,-0.8639002442359924,0.39351752400398254,2.2829999923706055
-0.9287325143814087,0.08358724415302277,2.4130001068115234,-0.9107019305229187,0.06075103580951691,2.437999963760376,-0.8968441486358643,0.05072587728500366,2.3399999141693115,-0.7191044092178345,0.21450594067573547,2.680999994277954,-1.0546997785568237,0.16915065050125122,2.6510000228881836,-0.8421998620033264,0.6794549226760864,3.698500156402588,-1.0636745691299438,0.38817623257637024,2.3399999141693115,-0.6244023442268372,0.38358598947525024,2.246500015258789,-0.8654138445854187,0.3979126811027527,2.2869999408721924
-0.9287325143814087,0.08358724415302277,2.4130001068115234,-0.9067515134811401,0.06075103580951691,2.437999963760376,-0.8968441486358643,0.05072587728500366,2.3399999141693115,-0.7191044092178345,0.21450594067573547,2.680999994277954,-1.0589953660964966,0.16915065050125122,2.6510000228881836,-0.87555992603302,0.7063685655593872,3.8450000286102295,-1.06731116771698,0.3895033299922943,2.3480000495910645,-0.6253751516342163,0.3841835856437683,2.25,-0.8608160614967346,0.3992176055908203,2.2944998741149902
-0.9287325143814087,0.08749710768461227,2.4130001068115234,-0.9075268507003784,0.060539230704307556,2.429500102996826,-0.8968441486358643,0.05072587728500366,2.3399999141693115,-0.7191044092178345,0.21450594067573547,2.680999994277954,-1.0546997785568237,0.1734461635351181,2.6510000228881836,-0.87555992603302,0.7063685655593872,3.8450000286102295,-1.06731116771698,0.3933078646659851,2.3480000495910645,-0.6244023442268372,0.38358598947525024,2.246500015258789,-0.8645339608192444,0.3992176055908203,2.2944998741149902
-0.1115664541721344,0.3103592097759247,2.4130001068115234,-0.08856355398893356,0.27266576886177063,2.42549991607666,-0.14588871598243713,0.26644662022590637,2.3364999294281006,-0.011032604612410069,0.3890668749809265,2.686500072479248,-0.34593793749809265,0.3839256465435028,2.6510000228881836,0.12127454578876495,0.9181944727897644,3.8450000286102295,-0.4253181219100952,0.5570061206817627,2.3324999809265137,0,0,0,-0.3663387596607208,0.6520315408706665,2.2944998741149902
-0.9248226881027222,0.08749710768461227,2.4130001068115234,-0.903590202331543,0.060539230704307556,2.429500102996826,-0.8968441486358643,0.05072587728500366,2.3399999141693115,-0.7205796241760254,0.21494600176811218,2.686500072479248,-1.0546997785568237,0.1734461635351181,2.6510000228881836,-0.87795090675354,0.7082974910736084,3.8554999828338623,-1.0637329816818237,0.38958626985549927,2.3485000133514404,-0.6207622289657593,0.38722607493400574,2.246500015258789,-0.8673599362373352,0.39679253101348877,2.302000045776367
-0.9287325143814087,0.08749710768461227,2.4130001068115234,-0.9107019305229187,0.06075103580951691,2.437999963760376,-0.8968441486358643,0.05072587728500366,2.3399999141693115,-0.7205796241760254,0.21929901838302612,2.686500072479248,-1.0589953660964966,0.1734461635351181,2.6510000228881836,-0.8841981291770935,0.7082974910736084,3.8554999828338623,-1.0743770599365234,0.39348462224006653,2.371999979019165,-0.6207622289657593,0.38722607493400574,2.246500015258789,-0.8726035952568054,0.4012185037136078,2.305999994277954
-0.9271929264068604,0.08735205233097076,2.4089999198913574,-0.9107019305229187,0.06075103580951691,2.437999963760376,-0.8983771800994873,0.05081258714199066,2.3439998626708984,-0.7247370481491089,0.21618613600730896,2.7019999027252197,-1.0546997785568237,0.1734461635351181,2.6510000228881836,-0.8828467726707458,0.7122472524642944,3.876999855041504,-1.0743770599365234,0.39348462224006653,2.371999979019165,-0.6226964592933655,0.3920840620994568,2.253499984741211,-0.8716928958892822,0.39877474308013916,2.313499927520752
-0.9232895374298096,0.08735205233097076,2.4089999198913574,-0.9067515134811401,0.06075103580951691,2.437999963760376,-0.8983771800994873,0.05081258714199066,2.3439998626708984,-0.7247370481491089,0.21618613600730896,2.7019999027252197,-1.0527105331420898,0.17311902344226837,2.6459999084472656,-0.8853516578674316,0.7142680883407593,3.888000011444092,-1.0818570852279663,0.394811749458313,2.380000114440918,-0.623663604259491,0.3853788375854492,2.256999969482422,-0.8788518905639648,0.4020497500896454,2.3324999809265137
-0.9217565059661865,0.08720701187849045,2.4049999713897705,-0.9092077612876892,0.06459525227546692,2.434000015258789,-0.8968441486358643,0.05072587728500366,2.3399999141693115,-0.7205796241760254,0.21494600176811218,2.686500072479248,-1.0527105331420898,0.17311902344226837,2.6459999084472656,-0.8891288042068481,0.7122472524642944,3.876999855041504,-1.081624150276184,0.3961388170719147,2.388000011444092,-0.623663604259491,0.3890359401702881,2.256999969482422,-0.8907206654548645,0.4074793756008148,2.364000082015991
-0.9232895374298096,0.08735205233097076,2.4089999198913574,-0.9052638411521912,0.06065136194229126,2.434000015258789,-0.8968441486358643,0.05451745539903641,2.3399999141693115,-0.7205796241760254,0.21494600176811218,2.686500072479248,-1.0546997785568237,0.1734461635351181,2.6510000228881836,-0.8891288042068481,0.7122472524642944,3.876999855041504,-1.0836753845214844,0.39933812618255615,2.384000062942505,-0.623663604259491,0.39269304275512695,2.256999969482422,-0.8913920521736145,0.4095477759838104,2.375999927520752
-0.9248226881027222,0.08749710768461227,2.4130001068115234,-0.9060326218605042,0.06436967104673386,2.42549991607666,-0.8968441486358643,0.05072587728500366,2.3399999141693115,-0.7205796241760254,0.21494600176811218,2.686500072479248,-1.0546997785568237,0.1734461635351181,2.6510000228881836,-0.8731688857078552,0.7044395208358765,3.8344998359680176,-1.0836753845214844,0.40320101380348206,2.384000062942505,-0.6257360577583313,0.3903287351131439,2.264500141143799,-0.8999519348144531,0.4117024540901184,2.388500213623047
-0.9263557195663452,0.08764214813709259,2.4170000553131104,-0.9021024703979492,0.06043955311179161,2.42549991607666,-0.8968441486358643,0.05451745539903641,2.3399999141693115,-0.7205796241760254,0.21494600176811218,2.686500072479248,-1.0546997785568237,0.1777416616678238,2.6510000228881836,-0.8698647618293762,0.696815550327301,3.7929999828338623,-1.0836753845214844,0.40320101380348206,2.384000062942505,-0.6278085112571716,0.391621470451355,2.2720000743865967,-0.9070385098457336,0.4170514941215515,2.3970000743865967
-0.9263557195663452,0.08764214813709259,2.4170000553131104,-0.9052638411521912,0.06065136194229126,2.434000015258789,-0.8983771800994873,0.05461064726114273,2.3439998626708984,-0.7205796241760254,0.21494600176811218,2.686500072479248,-1.0527105331420898,0.17311902344226837,2.6459999084472656,-0.8561047315597534,0.6857929229736328,3.7330000400543213,-1.0875390768051147,0.4046385884284973,2.3924999237060547,-0.6278085112571716,0.38794007897377014,2.2720000743865967,-0.9061688780784607,0.4184434413909912,2.4050002098083496
