0.41375768184661865,-0.42864716053009033,2.2114999294281006,0.49331212043762207,-0.5181058049201965,2.4860000610351562,0.37254077196121216,-0.45433253049850464,2.180000066757202,0.5515009760856628,-0.27723246812820435,2.3559999465942383,0.22269490361213684,-0.2667350471019745,2.2360000610351562,0.63131183385849,-0.018069148063659668,2.4130001068115234,0.0018017489928752184,-0.1610817313194275,2.388500213623047,0.7493644952774048,0.25223392248153687,2.7129998207092285,0.1504683494567871,-0.2852962017059326,2.239500045776367
0.4095251262187958,-0.4279687702655792,2.2079999446868896,0.49331212043762207,-0.5181058049201965,2.4860000610351562,0.3690084218978882,-0.45433253049850464,2.180000066757202,0.5553184747695923,-0.2734149694442749,2.3559999465942383,0.220100536942482,-0.26798757910728455,2.246500015258789,0.6323583722114563,-0.018099099397659302,2.4170000553131104,0.0018017489928752184,-0.16882206499576569,2.388500213623047,0.746326208114624,0.2555893659591675,2.7019999027252197,0.11453768610954285,-0.3116685152053833,2.246500015258789
0.4053039252758026,-0.4308623671531677,2.2044999599456787,0.48583969473838806,-0.5144586563110352,2.4685001373291016,0.3654761016368866,-0.4578648805618286,2.180000066757202,0.5515009760856628,-0.2734149694442749,2.3559999465942383,0.22078636288642883,-0.2797768712043762,2.253499984741211,0.6284419894218445,-0.014182758517563343,2.4170000553131104,0.0018017489928752184,-0.18043255805969238,2.388500213623047,0.7419480085372925,0.2687237858772278,2.7019999027252197,0.05612069368362427,-0.3397272229194641,2.239500045776367
0.4017319083213806,-0.4308623671531677,2.2044999599456787,0.48239538073539734,-0.510811448097229,2.4509999752044678,0.3625248372554779,-0.4585999846458435,2.183500051498413,0.5476834774017334,-0.2734149694442749,2.3559999465942383,0.2174721658229828,-0.2802114188671112,2.256999969482422,0.6284419894218445,-0.010266415774822235,2.4170000553131104,-0.005938625894486904,-0.18430271744728088,2.388500213623047,0.7376918792724609,0.26718229055404663,2.686500072479248,-0.016428712755441666,-0.353688508272171,2.2360000610351562
0.4004562795162201,-0.4294942617416382,2.197499990463257,0.4694449007511139,-0.5012246370315552,2.4049999713897705,0.3625248372554779,-0.4585999846458435,2.183500051498413,0.5438659191131592,-0.2734149694442749,2.3559999465942383,0.2068668156862259,-0.27704447507858276,2.261000156402588,0.6234920024871826,0.001480158302001655,2.4130001068115234,-0.013679000549018383,-0.18817287683486938,2.388500213623047,0.7333387732505798,0.2758883237838745,2.686500072479248,-0.04185572639107704,-0.3651283383369446,2.239500045776367
0.39918065071105957,-0.42812612652778625,2.190500020980835,0.46456506848335266,-0.49601441621780396,2.380000114440918,0.3625248372554779,-0.4585999846458435,2.183500051498413,0.540048360824585,-0.26959744095802307,2.3559999465942383,0.2032032161951065,-0.27704447507858276,2.261000156402588,0.6202621459960938,0.005362098105251789,2.4005000591278076,-0.013679000549018383,-0.19204305112361908,2.388500213623047,0.7318373918533325,0.27966758608818054,2.680999994277954,-0.05290684476494789,-0.37354978919029236,2.246500015258789
0.39499911665916443,-0.4238984286785126,2.187000036239624,0.4591600298881531,-0.49434712529182434,2.371999979019165,0.35841140151023865,-0.45433253049850464,2.180000066757202,0.5317926406860352,-0.26358017325401306,2.3364999294281006,0.20356270670890808,-0.2738645374774933,2.265000104904175,0.6149652004241943,0.005316306371241808,2.380000114440918,-0.01344991847872734,-0.1850215345621109,2.3485000133514404,0.7274933457374573,0.28401172161102295,2.680999994277954,-0.053071700036525726,-0.3747137486934662,2.253499984741211
0.39145544171333313,-0.4238984286785126,2.187000036239624,0.45454877614974976,-0.4896765649318695,2.368000030517578,0.3548790514469147,-0.45433253049850464,2.180000066757202,0.5236000418663025,-0.2613803744316101,2.316999912261963,0.20356270670890808,-0.2775346040725708,2.265000104904175,0.612898051738739,0.005298436153680086,2.371999979019165,-0.013249472714960575,-0.1785154938697815,2.313499927520752,0.7274933457374573,0.27966758608818054,2.680999994277954,-0.042463138699531555,-0.37042713165283203,2.2719998359680176
0.38729098439216614,-0.42322003841400146,2.183500051498413,0.4484277665615082,-0.48719507455825806,2.3559999465942383,0.3513467311859131,-0.45433253049850464,2.180000066757202,0.5219051837921143,-0.26053428649902344,2.309499979019165,0.19989264011383057,-0.2812046408653259,2.265000104904175,0.6149652004241943,0.005316306371241808,2.380000114440918,-0.01685485988855362,-0.1695767343044281,2.2939999103546143,0.7220662832260132,0.2818930149078369,2.6610000133514404,-0.024056050926446915,-0.3593829274177551,2.2719998359680176
0.37899601459503174,-0.42186325788497925,2.176500082015991,0.4409303665161133,-0.4831627607345581,2.3365001678466797,0.3472559452056885,-0.4536031186580658,2.176500082015991,0.517611563205719,-0.2546795606613159,2.2905001640319824,0.20086342096328735,-0.2825703024864197,2.2760000228881836,0.6072524189949036,0.013029086403548717,2.380000114440918,-0.01685485988855362,-0.16585969924926758,2.2939999103546143,0.7177545428276062,0.2948281168937683,2.6610000133514404,0.005370350554585457,-0.35772207379341125,2.2614998817443848
0.3743480443954468,-0.41708725690841675,2.1700000762939453,0.4335896372795105,-0.4754786193370819,2.317500114440918,0.34317654371261597,-0.45287367701530457,2.1730000972747803,0.5142217874526978,-0.25301170349121094,2.2755000591278076,0.20086342096328735,-0.2825703024864197,2.2760000228881836,0.6090546250343323,0.012985290959477425,2.371999979019165,-0.013117751106619835,-0.17302939295768738,2.2904999256134033,0.7080805897712708,0.292612224817276,2.6410000324249268,0.041819315403699875,-0.3524138331413269,2.250999927520752
0.36972108483314514,-0.4158379137516022,2.1635000705718994,0.42491939663887024,-0.4700416028499603,2.2909998893737793,0.3391866087913513,-0.4487323462963104,2.1700000762939453,0.5142217874526978,-0.24563758075237274,2.2755000591278076,0.19682899117469788,-0.27839231491088867,2.2720000743865967,0.6002357602119446,0.02431403286755085,2.3524999618530273,-0.016829144209623337,-0.16560664772987366,2.2904999256134033,0.7080805897712708,0.2968915104866028,2.6410000324249268,0.07691934704780579,-0.3318963050842285,2.2114999294281006
0.3615363538265228,-0.41099822521209717,2.1565001010894775,0.41771402955055237,-0.46246200799942017,2.2720000743865967,0.3346650004386902,-0.4473882019519806,2.1635000705718994,0.5080667734146118,-0.24078090488910675,2.264500141143799,0.2072327882051468,-0.2812046408653259,2.265000104904175,0.5942398309707642,0.035392411053180695,2.3289999961853027,-0.016774039715528488,-0.16876360774040222,2.2829999923706055,0.6952425837516785,0.3182879686355591,2.6410000324249268,0.15337462723255157,-0.2839585840702057,2.2290000915527344
0.36044663190841675,-0.40975940227508545,2.1500000953674316,0.4163351356983185,-0.4572662115097046,2.264500141143799,0.3341235816478729,-0.4466644525527954,2.1600000858306885,0.5048134922981262,-0.23559339344501495,2.25,0.21053040027618408,-0.28437161445617676,2.261000156402588,0.5856846570968628,0.054167985916137695,2.325000047683716,-0.02796332538127899,-0.15818391740322113,2.2904999256134033,0.6909633278846741,0.3311258852481842,2.6410000324249268,0.16420985758304596,-0.25506484508514404,2.2290000915527344
0.3593568801879883,-0.4050474464893341,2.1435000896453857,0.4117388129234314,-0.4522179663181305,2.239500045776367,0.33358219265937805,-0.44244644045829773,2.1565001010894775,0.5068773627281189,-0.2275916188955307,2.243000030517578,0.21381504833698273,-0.2802114188671112,2.256999969482422,0.5884377956390381,0.05783558636903763,2.321000099182129,-0.02796332538127899,-0.15818391740322113,2.2904999256134033,0.684083878993988,0.32987210154533386,2.63100004196167,0.16292062401771545,-0.2351454794406891,2.2114999294281006
0.36172983050346375,-0.40381917357444763,2.13700008392334,0.408875972032547,-0.4451504647731781,2.2044999599456787,0.3355134129524231,-0.4403947591781616,2.1465001106262207,0.5105118155479431,-0.22395721077919006,2.243000030517578,0.21381504833698273,-0.27289721369743347,2.256999969482422,0.5836207866668701,0.06482214480638504,2.302000045776367,-0.03172311931848526,-0.1509915441274643,2.2939999103546143,0.6734902858734131,0.34369388222694397,2.6065001487731934,0.16115255653858185,-0.2325935959815979,2.1875
0.36589500308036804,-0.3973589837551117,2.121000051498413,0.4105512499809265,-0.43206384778022766,2.1570000648498535,0.33646461367607117,-0.437112033367157,2.130500078201294,0.5097152590751648,-0.2127215564250946,2.239500045776367,0.20284371078014374,-0.27289721369743347,2.256999969482422,0.5761121511459351,0.07181115448474884,2.2869999408721924,-0.03544018417596817,-0.14727449417114258,2.2939999103546143,0.6712945103645325,0.3682399094104767,2.63100004196167,0.14185643196105957,-0.2440640777349472,2.1635000705718994
0.36934134364128113,-0.39711087942123413,2.1015000343322754,0.4111534357070923,-0.4288952946662903,2.124000072479248,0.3407902121543884,-0.43382933735847473,2.114500045776367,0.5197879076004028,-0.20876604318618774,2.2360000610351562,0.20297834277153015,-0.2538633346557617,2.2185001373291016,0.5788037180900574,0.07908399403095245,2.2829999923706055,-0.03532431647181511,-0.14679300785064697,2.2864999771118164,0.6578561067581177,0.36974215507507324,2.6115000247955322,0.10961764305830002,-0.2738945484161377,2.1500000953674316
0.3705293536186218,-0.3947488069534302,2.0889999866485596,0.4155764579772949,-0.42637118697166443,2.1115000247955322,0.3450120687484741,-0.4305466413497925,2.0985000133514404,0.523410975933075,-0.20876604318618774,2.2360000610351562,0.20652052760124207,-0.24945776164531708,2.180000066757202,0.5814824104309082,0.07894543558359146,2.2790000438690186,-0.03161940351128578,-0.15790767967700958,2.2864999771118164,0.6392330527305603,0.36987781524658203,2.553999900817871,0.07779079675674438,-0.32417821884155273,2.13700008392334
0.3734159767627716,-0.38733601570129395,2.067500114440918,0.4152275025844574,-0.4225345253944397,2.0924999713897705,0.34583887457847595,-0.4239913523197174,2.0829999446868896,0.5270340442657471,-0.20514297485351562,2.2360000610351562,0.20266227424144745,-0.2596372067928314,2.176500082015991,0.5796964168548584,0.08238434046506882,2.2720000743865967,-0.035100307315588,-0.17163187265396118,2.2720000743865967,0.6299724578857422,0.3726761043071747,2.5169999599456787,0.015393976122140884,-0.33307886123657227,2.127500057220459
