0.30436617136001587,-0.3385012447834015,1.8884999752044678,0.42437610030174255,-0.4807990491390228,2.4600000381469727,0.2681974768638611,-0.36568090319633484,1.871000051498413,0.3907811939716339,-0.19340623915195465,2.002000093460083,0.09477236121892929,-0.18854756653308868,1.9850000143051147,0.4831206500530243,0.05841172859072685,2.2009999752044678,-0.1390123814344406,-0.07393157482147217,2.0169999599456787,0.5141670107841492,0.3231895864009857,2.4509999752044678,-0.02069964073598385,-0.22687871754169464,1.9549999237060547
0.3027544915676117,-0.33670881390571594,1.878499984741211,0.41739946603775024,-0.4773787260055542,2.442500114440918,0.2681974768638611,-0.36871254444122314,1.871000051498413,0.39136677980422974,-0.19694483280181885,2.005000114440918,0.09141761064529419,-0.18826259672641754,1.9819999933242798,0.4831206500530243,0.05841172859072685,2.2009999752044678,-0.1390123814344406,-0.07393157482147217,2.0169999599456787,0.5215092897415161,0.3318328857421875,2.4860000610351562,-0.02052493765950203,-0.22810488939285278,1.938499927520752
0.30154573917388916,-0.3353644907474518,1.871000051498413,0.4151778817176819,-0.47483792901039124,2.429500102996826,0.2651658058166504,-0.36871254444122314,1.871000051498413,0.3886986970901489,-0.2037467360496521,2.007999897003174,0.09155598282814026,-0.20141300559043884,1.9850000143051147,0.4815841615200043,0.058225955814123154,2.194000005722046,-0.13594603538513184,-0.07076846063137054,2.0199999809265137,0.5270683765411377,0.3353700637817383,2.5124998092651367,-0.03937113657593727,-0.23752793669700623,1.938499927520752
0.30073991417884827,-0.33749181032180786,1.8660000562667847,0.4102220833301544,-0.4730595648288727,2.4005000591278076,0.2655201256275177,-0.3692052364349365,1.873500108718872,0.3919523358345032,-0.20049311220645905,2.007999897003174,0.09155598282814026,-0.2046293467283249,1.9850000143051147,0.4831206500530243,0.05841172859072685,2.2009999752044678,-0.13921913504600525,-0.08058767765760422,2.0199999809265137,0.5270683765411377,0.3353700637817383,2.5124998092651367,-0.0644994005560875,-0.2720790505409241,1.938499927520752
0.3003369867801666,-0.33703961968421936,1.8634999990463257,0.4102220833301544,-0.4730595648288727,2.4005000591278076,0.2651658058166504,-0.36871254444122314,1.871000051498413,0.3952060043811798,-0.20049311220645905,2.007999897003174,0.09505882114171982,-0.21170003712177277,1.9909999370574951,0.4815841615200043,0.054670948535203934,2.194000005722046,-0.1390123814344406,-0.0870044082403183,2.0169999599456787,0.5280123949050903,0.33597075939178467,2.5169999599456787,-0.09276869893074036,-0.28464314341545105,1.938499927520752
0.2999340295791626,-0.33960291743278503,1.8609999418258667,0.4102220833301544,-0.4730595648288727,2.4005000591278076,0.2651658058166504,-0.37174418568611145,1.871000051498413,0.3886986970901489,-0.2037467360496521,2.007999897003174,0.09828492999076843,-0.21170003712177277,1.9909999370574951,0.4815841615200043,0.058225955814123154,2.194000005722046,-0.13594603538513184,-0.09040689468383789,2.0199999809265137,0.5270683765411377,0.3353700637817383,2.5124998092651367,-0.1273200660943985,-0.3003481924533844,1.938499927520752
0.2969185709953308,-0.33960291743278503,1.8609999418258667,0.4081714153289795,-0.47456493973731995,2.388500213623047,0.2621341347694397,-0.37174418568611145,1.871000051498413,0.3907811939716339,-0.19989405572414398,2.002000093460083,0.0918327271938324,-0.21170003712177277,1.9909999370574951,0.48004767298698425,0.05804018676280975,2.187000036239624,-0.13921913504600525,-0.10022609680891037,2.0199999809265137,0.5270683765411377,0.3394411504268646,2.5124998092651367,-0.1650124490261078,-0.30348920822143555,1.938499927520752
0.293903112411499,-0.33960291743278503,1.8609999418258667,0.4004310667514801,-0.47456493973731995,2.388500213623047,0.2591024935245514,-0.37174418568611145,1.871000051498413,0.39726904034614563,-0.19989405572414398,2.002000093460083,0.09491559863090515,-0.21138106286525726,1.9880000352859497,0.48004767298698425,0.05804018676280975,2.187000036239624,-0.13921913504600525,-0.10677223652601242,2.0199999809265137,0.5270683765411377,0.3394411504268646,2.5124998092651367,-0.19586549699306488,-0.3088923394680023,1.9329999685287476
0.28787219524383545,-0.33960291743278503,1.8609999418258667,0.4004310667514801,-0.47456493973731995,2.388500213623047,0.25303915143013,-0.37174418568611145,1.871000051498413,0.39343467354774475,-0.19959449768066406,1.9989999532699585,0.09798874706029892,-0.21106207370758057,1.9850000143051147,0.48004767298698425,0.06158385053277016,2.187000036239624,-0.1326729655265808,-0.10677223652601242,2.0199999809265137,0.5261244177818298,0.33883318305015564,2.507999897003174,-0.2121279537677765,-0.29720720648765564,1.938499927520752
0.28184130787849426,-0.33960291743278503,1.8609999418258667,0.383611261844635,-0.4682069420814514,2.3565001487731934,0.2469758540391922,-0.36871254444122314,1.871000051498413,0.3929426372051239,-0.19287489354610443,1.996500015258789,0.10120512545108795,-0.20784571766853333,1.9850000143051147,0.48004767298698425,0.06158385053277016,2.187000036239624,-0.1290155053138733,-0.09666504710912704,2.0139999389648438,0.5261244177818298,0.33883318305015564,2.507999897003174,-0.2215510606765747,-0.2877841591835022,1.938499927520752
0.2788258194923401,-0.33960291743278503,1.8609999418258667,0.3681887984275818,-0.4539014399051666,2.2845001220703125,0.240912526845932,-0.36871254444122314,1.871000051498413,0.39245057106018066,-0.19586431980133057,1.99399995803833,0.09784065186977386,-0.20753160119056702,1.9819999933242798,0.48359134793281555,0.06158385053277016,2.187000036239624,-0.12882332503795624,-0.0900040864944458,2.010999917984009,0.5233972668647766,0.337076872587204,2.494999885559082,-0.21125254034996033,-0.28346845507621765,1.9305000305175781
0.2727949321269989,-0.33960291743278503,1.8609999418258667,0.3740599751472473,-0.46582266688346863,2.3445000648498535,0.23756301403045654,-0.36821988224983215,1.868499994277954,0.39245057106018066,-0.19586431980133057,1.99399995803833,0.09784065186977386,-0.20753160119056702,1.9819999933242798,0.48359134793281555,0.05804018676280975,2.187000036239624,-0.1255648136138916,-0.08674559742212296,2.010999917984009,0.5206701755523682,0.3353205919265747,2.4820001125335693,-0.18699969351291656,-0.2815020978450775,1.938499927520752
0.2664056420326233,-0.3391467034816742,1.8585000038146973,0.3702611029148102,-0.46582266688346863,2.3445000648498535,0.2311980426311493,-0.36772722005844116,1.8660000562667847,0.39245057106018066,-0.19586431980133057,1.99399995803833,0.09756914526224136,-0.2069557011127472,1.9765000343322754,0.48359134793281555,0.05804018676280975,2.187000036239624,-0.1255648136138916,-0.07371164858341217,2.010999917984009,0.5206701755523682,0.3353205919265747,2.4820001125335693,-0.16120341420173645,-0.28034040331840515,1.9305000305175781
0.2630399465560913,-0.33869048953056335,1.8559999465942383,0.3508297801017761,-0.450623095035553,2.2680001258850098,0.22786878049373627,-0.3672345280647278,1.8634999990463257,0.39245057106018066,-0.19909526407718658,1.99399995803833,0.09116393327713013,-0.20375311374664307,1.9765000343322754,0.48004767298698425,0.05804018676280975,2.187000036239624,-0.1255648136138916,-0.06393618136644363,2.010999917984009,0.5206701755523682,0.3353205919265747,2.4820001125335693,-0.12350640445947647,-0.25810936093330383,1.9279999732971191
0.25702521204948425,-0.33869048953056335,1.8559999465942383,0.3301526606082916,-0.43313857913017273,2.180000066757202,0.22182977199554443,-0.3672345280647278,1.8634999990463257,0.38921961188316345,-0.19909526407718658,1.99399995803833,0.09091024845838547,-0.20318612456321716,1.9709999561309814,0.48004767298698425,0.05804018676280975,2.187000036239624,-0.12230631709098816,-0.05741920694708824,2.010999917984009,0.5206701755523682,0.3353205919265747,2.4820001125335693,-0.10108473896980286,-0.24738271534442902,1.9175000190734863
0.2510105073451996,-0.3416978418827057,1.8559999465942383,0.31613248586654663,-0.4226493835449219,2.1100001335144043,0.21881026029586792,-0.3702540099620819,1.8634999990463257,0.3854079246520996,-0.2020217925310135,1.9909999370574951,0.09410393983125687,-0.19360511004924774,1.9709999561309814,0.48004767298698425,0.06158385053277016,2.187000036239624,-0.12882332503795624,-0.06393618136644363,2.010999917984009,0.5206701755523682,0.3353205919265747,2.4820001125335693,-0.04873130843043327,-0.22467376291751862,1.9359999895095825
0.2510105073451996,-0.3416978418827057,1.8559999465942383,0.30367302894592285,-0.4104306101799011,2.0490000247955322,0.21550124883651733,-0.3697572648525238,1.8609999418258667,0.3886340260505676,-0.19556964933872223,1.9909999370574951,0.09116393327713013,-0.18774017691612244,1.9765000343322754,0.48004767298698425,0.05804018676280975,2.187000036239624,-0.13247592747211456,-0.06412693858146667,2.0169999599456787,0.5215092897415161,0.3358609974384308,2.4860000610351562,-0.020217884331941605,-0.2061282843351364,1.9094998836517334
0.2510105073451996,-0.3416978418827057,1.8559999465942383,0.3010793924331665,-0.41021689772605896,2.0314998626708984,0.21248579025268555,-0.3697572648525238,1.8609999418258667,0.3854079246520996,-0.2020217925310135,1.9909999370574951,0.08785006403923035,-0.18430417776107788,1.9739999771118164,0.48004767298698425,0.06158385053277016,2.187000036239624,-0.13959820568561554,-0.06767917424440384,2.0255000591278076,0.5215092897415161,0.3358609974384308,2.4860000610351562,-0.011010205373167992,-0.2075316160917282,1.9224998950958252
0.24499580264091492,-0.3416978418827057,1.8559999465942383,0.29478269815444946,-0.40607738494873047,2.010999917984009,0.20947033166885376,-0.3697572648525238,1.8609999418258667,0.3854079246520996,-0.2020217925310135,1.9909999370574951,0.08771655708551407,-0.18721775710582733,1.9709999561309814,0.48004767298698425,0.06158385053277016,2.187000036239624,-0.1397705078125,-0.06776271015405655,2.0280001163482666,0.5242364406585693,0.33761730790138245,2.499000072479248,-0.01724042184650898,-0.21064671874046326,1.9224998950958252
0.24800315499305725,-0.3416978418827057,1.8559999465942383,0.2921870946884155,-0.39810121059417725,1.9714999198913574,0.2122003585100174,-0.3692605793476105,1.8585000038146973,0.38482722640037537,-0.20171740651130676,1.9880000352859497,0.09424717724323273,-0.19070124626159668,1.9739999771118164,0.48004767298698425,0.06158385053277016,2.187000036239624,-0.1397705078125,-0.07104873657226562,2.0280001163482666,0.5270683765411377,0.3394411504268646,2.5124998092651367,-0.0359310656785965,-0.21999196708202362,1.9224998950958252
