0.27620694041252136,-0.2684631049633026,1.6800000667572021,0.29689323902130127,-0.3056100606918335,1.7049999237060547,0.24053198099136353,-0.30077049136161804,1.6779999732971191,0.34724587202072144,-0.13118430972099304,1.8559999465942383,0.06069376319646835,-0.12899364531040192,1.7450000047683716,0.4109041690826416,0.12275521457195282,1.9739999771118164,0.04080678150057793,0.03563437983393669,1.5295000076293945,0.5870206952095032,0.46560293436050415,2.490499973297119,0.04229627177119255,0.14857742190361023,1.340999960899353
0.2758781313896179,-0.2681434750556946,1.6779999732971191,0.3984132409095764,-0.413962721824646,2.309499979019165,0.24053198099136353,-0.30077049136161804,1.6779999732971191,0.3403118848800659,-0.13383013010025024,1.8509999513626099,0.060624200850725174,-0.12884579598903656,1.7430000305175781,0.4088415503501892,0.12630468606948853,1.9795000553131104,0.0479736253619194,0.03790087252855301,1.5210000276565552,0.6225366592407227,0.5093348622322083,2.677999973297119,0.04589422419667244,0.16757558286190033,1.3194999694824219
0.2758781313896179,-0.2681434750556946,1.6779999732971191,0.505111038684845,-0.5248247981071472,2.927999973297119,0.2378130555152893,-0.2980515658855438,1.6779999732971191,0.3403118848800659,-0.13383013010025024,1.8509999513626099,0.06017204374074936,-0.1250816434621811,1.7300000190734863,0.4056341052055359,0.12630468606948853,1.9795000553131104,0.055312637239694595,0.04278768226504326,1.5195000171661377,0.6181973218917847,0.5093348622322083,2.677999973297119,0.0446246974170208,0.173334538936615,1.2829999923706055
0.2731591761112213,-0.2681434750556946,1.6779999732971191,0.5024173855781555,-0.5269757509231567,2.940000057220459,0.2378130555152893,-0.2980515658855438,1.6779999732971191,0.33731263875961304,-0.13383013010025024,1.8509999513626099,0.05958075821399689,-0.12107689678668976,1.7130000591278076,0.40293487906455994,0.12646418809890747,1.9819999933242798,0.05520343407988548,0.05744660645723343,1.5164999961853027,0.6365510821342468,0.5281638503074646,2.7769999504089355,0.04807908833026886,0.18517754971981049,1.2645000219345093
0.2731591761112213,-0.2681434750556946,1.6779999732971191,0.5024173855781555,-0.5269757509231567,2.940000057220459,0.2378130555152893,-0.2980515658855438,1.6779999732971191,0.33731263875961304,-0.13383013010025024,1.8509999513626099,0.059145987033843994,-0.12019337713718414,1.7005000114440918,0.3997233211994171,0.12646418809890747,1.9819999933242798,0.050172872841358185,0.054862458258867264,1.5130000114440918,0.6396761536598206,0.5299813747406006,2.810500144958496,0.05188808590173721,0.19026513397693634,1.2574999332427979
0.2731591761112213,-0.2681434750556946,1.6779999732971191,0.5035281777381897,-0.5281408429145813,2.946500062942505,0.2378130555152893,-0.2980515658855438,1.6779999732971191,0.33731263875961304,-0.13083089888095856,1.8509999513626099,0.06159196048974991,-0.11685099452733994,1.6920000314712524,0.3997233211994171,0.12646418809890747,1.9819999933242798,0.06257517635822296,0.05744660645723343,1.5164999961853027,0.6641607880592346,0.5542128682136536,2.939000129699707,0.05174366757273674,0.19176745414733887,1.253999948501587
0.2731591761112213,-0.2681434750556946,1.6779999732971191,0.5035281777381897,-0.5281408429145813,2.946500062942505,0.23752960562705994,-0.2949806749820709,1.6759999990463257,0.3403118848800659,-0.13383013010025024,1.8509999513626099,0.0587112158536911,-0.11383961886167526,1.687999963760376,0.3997233211994171,0.12646418809890747,1.9819999933242798,0.06269896775484085,0.06002234295010567,1.5195000171661377,0.6951202750205994,0.5750631093978882,3.0759999752044678,0.053732696920633316,0.19770537316799164,1.253000020980835
0.2731591761112213,-0.2681434750556946,1.6779999732971191,0.5035281777381897,-0.5281408429145813,2.946500062942505,0.23752960562705994,-0.2976963222026825,1.6759999990463257,0.3398522734642029,-0.1306542009115219,1.8485000133514404,0.06410545110702515,-0.11643662303686142,1.6859999895095825,0.40293487906455994,0.12325270473957062,1.9819999933242798,0.0651610791683197,0.06002234295010567,1.5195000171661377,0.7050886750221252,0.5800471901893616,3.0759999752044678,0.055807486176490784,0.1978631466627121,1.253999948501587
0.2758781313896179,-0.2681434750556946,1.6779999732971191,0.5109001994132996,-0.5259002447128296,2.934000015258789,0.23995861411094666,-0.29734107851982117,1.6740000247955322,0.3453749418258667,-0.1334686130285263,1.8459999561309814,0.06683734804391861,-0.11370473355054855,1.6859999895095825,0.40935787558555603,0.12646418809890747,1.9819999933242798,0.06290528178215027,0.05774965509772301,1.5245000123977661,0.7245880365371704,0.6029304265975952,3.117000102996826,0.05585199221968651,0.19598743319511414,1.2549999952316284
0.27859705686569214,-0.2681434750556946,1.6779999732971191,0.5088106393814087,-0.5237493515014648,2.921999931335449,0.24238111078739166,-0.29698583483695984,1.6719999313354492,0.35135722160339355,-0.1334686130285263,1.8459999561309814,0.06667876988649368,-0.11343497037887573,1.681999921798706,0.41256943345069885,0.12325270473957062,1.9819999933242798,0.06063328683376312,0.06289565563201904,1.5295000076293945,0.7397398352622986,0.5928292870521545,3.117000102996826,0.05585199221968651,0.19598743319511414,1.2549999952316284
0.28131598234176636,-0.2681434750556946,1.6779999732971191,0.5114362239837646,-0.5215983986854553,2.9099998474121094,0.24479717016220093,-0.2966305911540985,1.6699999570846558,0.3573395311832428,-0.12748636305332184,1.8459999561309814,0.06644091755151749,-0.11031465977430344,1.6759999990463257,0.41899242997169495,0.12646418809890747,1.9819999933242798,0.06063328683376312,0.06289565563201904,1.5295000076293945,0.7549455761909485,0.6060318946838379,3.1595001220703125,0.05589649826288223,0.19003818929195404,1.25600004196167
0.28369638323783875,-0.26782387495040894,1.6759999990463257,0.512958824634552,-0.5183720588684082,2.892000198364258,0.24720673263072968,-0.2962753474712372,1.6679999828338623,0.3603306710720062,-0.12748636305332184,1.8459999561309814,0.06915660947561264,-0.11031465977430344,1.6759999990463257,0.4242349863052368,0.12931585311889648,1.9765000343322754,0.060831498354673386,0.0680740624666214,1.534500002861023,0.7834694981575012,0.6205137372016907,3.2350001335144043,0.05585199221968651,0.19192038476467133,1.2549999952316284
0.28843772411346436,-0.26718467473983765,1.6719999313354492,0.5223308205604553,-0.5183720588684082,2.892000198364258,0.25230932235717773,-0.29592010378837585,1.6660000085830688,0.3659161329269409,-0.12734824419021606,1.843999981880188,0.0718723013997078,-0.11031465977430344,1.6759999990463257,0.4276988208293915,0.12843260169029236,1.9630000591278076,0.058478161692619324,0.07072140276432037,1.5379999876022339,0.8197228908538818,0.6352421641349792,3.3400001525878906,0.05585199221968651,0.1878533661365509,1.2549999952316284
0.2962106168270111,-0.266865074634552,1.6699999570846558,0.5363889336585999,-0.5183720588684082,2.892000198364258,0.26040777564048767,-0.29592010378837585,1.6660000085830688,0.37745794653892517,-0.12422545999288559,1.8420000076293945,0.08001938462257385,-0.11031465977430344,1.6759999990463257,0.4404217302799225,0.13161331415176392,1.9630000591278076,0.0510019026696682,0.0806896835565567,1.5379999876022339,0.8064261078834534,0.6273029446601868,3.243000030517578,0.05589649826288223,0.18189764022827148,1.25600004196167
0.2989165782928467,-0.266865074634552,1.6699999570846558,0.5455651879310608,-0.5226738452911377,2.9159998893737793,0.2631072700023651,-0.29592010378837585,1.6660000085830688,0.38342729210853577,-0.12422545999288559,1.8420000076293945,0.0827350839972496,-0.11031465977430344,1.6759999990463257,0.4431415796279907,0.1336953341960907,1.9470000267028809,0.04855712875723839,0.08326287567615509,1.5394999980926514,0.816935658454895,0.6378124356269836,3.243000030517578,0.05589649826288223,0.18189764022827148,1.25600004196167
0.3012613356113434,-0.26654550433158875,1.6679999828338623,0.555014967918396,-0.5226738452911377,2.9159998893737793,0.26580673456192017,-0.29592010378837585,1.6660000085830688,0.3858875036239624,-0.12703746557235718,1.8394999504089355,0.08827167749404907,-0.10772738605737686,1.6779999732971191,0.4463347792625427,0.13276833295822144,1.933500051498413,0.04366714507341385,0.09095269441604614,1.5429999828338623,0.8152182698249817,0.6480344533920288,3.2154998779296875,0.060038406401872635,0.18007729947566986,1.2574999332427979
0.306299090385437,-0.2662259042263031,1.6660000085830688,0.5667877793312073,-0.5248247981071472,2.927999973297119,0.27120572328567505,-0.29592010378837585,1.6660000085830688,0.3913162052631378,-0.13281790912151337,1.8370000123977661,0.09665834903717041,-0.10525877773761749,1.6820000410079956,0.45131319761276245,0.13239064812660217,1.9279999732971191,0.04654134064912796,0.09168951213359833,1.5555000305175781,0.7881506085395813,0.6136367917060852,3.069499969482422,0.06419004499912262,0.1762121021747589,1.2589999437332153
0.31671640276908875,-0.26590630412101746,1.6640000343322754,0.5894662141799927,-0.5281407833099365,2.946499824523926,0.2816651463508606,-0.2955648601055145,1.6640000343322754,0.40267372131347656,-0.12669217586517334,1.8345000743865967,0.10223058611154556,-0.10811258852481842,1.684000015258789,0.4600878655910492,0.1415788233280182,1.9254999160766602,0.03432095795869827,0.11311130970716476,1.5729999542236328,0.7847574353218079,0.5899223685264587,2.999499797821045,0.06477637588977814,0.17576304078102112,1.2704999446868896
0.3221088945865631,-0.26590630412101746,1.6640000343322754,0.6015561819076538,-0.5255867838859558,2.9590001106262207,0.2840195894241333,-0.2952095866203308,1.6619999408721924,0.4075050354003906,-0.12634685635566711,1.8294999599456787,0.11080997437238693,-0.1030210629105568,1.690000057220459,0.4694477915763855,0.1415788233280182,1.9254999160766602,0.029353410005569458,0.12129504978656769,1.5800000429153442,0.767636239528656,0.5735001564025879,2.9159998893737793,0.06754519045352936,0.17763064801692963,1.2839999198913574
0.33019763231277466,-0.26590630412101746,1.6640000343322754,0.6137270331382751,-0.5326218605041504,2.9714999198913574,0.29479163885116577,-0.2952095866203308,1.6619999408721924,0.41526031494140625,-0.12600156664848328,1.8245000839233398,0.11107224225997925,-0.10326489061117172,1.694000005722046,0.4763053357601166,0.14488665759563446,1.9279999732971191,0.02681870386004448,0.12397275865077972,1.5815000534057617,0.7597387433052063,0.57227623462677,2.885999917984009,0.06786081939935684,0.17846070230007172,1.2899999618530273
