-0.3212670683860779,-0.09686010330915451,1.1359999179840088,-0.31094837188720703,-0.1378679871559143,1.187999963760376,-0.356985867023468,-0.12827621400356293,1.121000051498413,-0.24613307416439056,0.02778000943362713,1.2815001010894775,-0.5435108542442322,0.021323613822460175,1.2680000066757202,-0.18919920921325684,0.2486429661512375,1.1169999837875366,-0.635429859161377,0.2887260913848877,1.3880000114440918,0,0,0,-0.6546110510826111,0.5058571100234985,1.3669999837875366
-0.322254478931427,-0.09660430997610092,1.1329998970031738,-0.31208327412605286,-0.13751983642578125,1.184999942779541,-0.35880228877067566,-0.12645982205867767,1.121000051498413,-0.24546082317829132,0.027704134583473206,1.277999997138977,-0.54286789894104,0.02129838801920414,1.2664999961853027,-0.18640442192554474,0.2467532604932785,1.1004999876022339,-0.635429859161377,0.2887260913848877,1.3880000114440918,0,0,0,-0.6546110510826111,0.5058571100234985,1.3669999837875366
-0.32197004556655884,-0.09651905298233032,1.1319999694824219,-0.311029851436615,-0.1370556354522705,1.180999994277954,-0.35880228877067566,-0.12827621400356293,1.121000051498413,-0.24319955706596375,0.025613289326429367,1.2769999504089355,-0.5417962670326233,0.017160147428512573,1.2639999389648438,-0.18227256834506989,0.2453746646642685,1.0864999294281006,-0.635429859161377,0.28647705912590027,1.3880000114440918,0,0,0,-0.6573066115379333,0.5062271952629089,1.3680000305175781
-0.32197004556655884,-0.09651905298233032,1.1319999694824219,-0.311029851436615,-0.1370556354522705,1.180999994277954,-0.35880228877067566,-0.12827621400356293,1.121000051498413,-0.24478857219219208,0.027628259733319283,1.2744998931884766,-0.5424392819404602,0.021281572058796883,1.2655000686645508,-0.17984752357006073,0.24096329510211945,1.0824999809265137,-0.635429859161377,0.28647705912590027,1.3880000114440918,0,0,0,-0.6573066115379333,0.5062271952629089,1.3680000305175781
-0.3230891525745392,-0.09630588442087173,1.129499912261963,-0.30997639894485474,-0.13659143447875977,1.1770000457763672,-0.3586422801017761,-0.12821900844573975,1.120500087738037,-0.24363619089126587,0.027498196810483932,1.2684999704360962,-0.5424392819404602,0.021281572058796883,1.2655000686645508,-0.1780112385749817,0.2408520132303238,1.0820000171661377,-0.634972095489502,0.2862706780433655,1.3870000839233398,0,0,0,-0.6555687785148621,0.5043789744377136,1.36899995803833
-0.32208800315856934,-0.09600746631622314,1.125999927520752,-0.3097130358219147,-0.13647538423538208,1.1759999990463257,-0.3570418655872345,-0.12764683365821838,1.1154999732971191,-0.24277187883853912,0.02740064635872841,1.2639999389648438,-0.5420106053352356,0.021264754235744476,1.2645000219345093,-0.17625802755355835,0.2408520132303238,1.0820000171661377,-0.6367600560188293,0.2860642969608307,1.3860000371932983,0,0,0,-0.657787024974823,0.5021607279777527,1.36899995803833
-0.31926801800727844,-0.0975278690457344,1.122499942779541,-0.3094496726989746,-0.1363593339920044,1.1749999523162842,-0.35528144240379333,-0.12701746821403503,1.1099998950958252,-0.24171552062034607,0.027281418442726135,1.2584999799728394,-0.5440595746040344,0.021264754235744476,1.2645000219345093,-0.17275160551071167,0.2408520132303238,1.0820000171661377,-0.6367600560188293,0.2860642969608307,1.3860000371932983,0,0,0,-0.658507764339447,0.5004903078079224,1.3704999685287476
-0.3186991810798645,-0.09916969388723373,1.120500087738037,-0.3075457513332367,-0.1363593339920044,1.1749999523162842,-0.35459744930267334,-0.12741798162460327,1.1134999990463257,-0.24065916240215302,0.025131914764642715,1.253000020980835,-0.5421233773231506,0.02118907868862152,1.2599999904632568,-0.16924519836902618,0.2408520132303238,1.0820000171661377,-0.6390058398246765,0.29055583477020264,1.3860000371932983,0,0,0,-0.658507764339447,0.5027109384536743,1.3704999685287476
-0.3185569643974304,-0.10094020515680313,1.1200000047683716,-0.3075457513332367,-0.14016710221767426,1.1749999523162842,-0.35528144240379333,-0.13061460852622986,1.1099998950958252,-0.24065916240215302,0.02310163900256157,1.253000020980835,-0.5437331199645996,0.019132263958454132,1.2589999437332153,-0.1569727063179016,0.24260520935058594,1.0820000171661377,-0.6428009867668152,0.29248473048210144,1.3845000267028809,0,0,0,-0.6607284545898438,0.5071523189544678,1.3704999685287476
-0.3185569643974304,-0.10275497287511826,1.1200000047683716,-0.3070223033428192,-0.14182919263839722,1.1730000972747803,-0.35708001255989075,-0.13241317868232727,1.1099998950958252,-0.24065916240215302,0.021071363240480423,1.253000020980835,-0.5430852770805359,0.02114703692495823,1.2574999332427979,-0.15346629917621613,0.24435840547084808,1.0820000171661377,-0.6428009867668152,0.29248473048210144,1.3845000267028809,0,0,0,-0.6607284545898438,0.5071523189544678,1.3704999685287476
-0.32037174701690674,-0.10456974804401398,1.1200000047683716,-0.3070223033428192,-0.14372983574867249,1.1730000972747803,-0.35708001255989075,-0.1342117339372635,1.1099998950958252,-0.23862886428833008,0.019041087478399277,1.253000020980835,-0.5471604466438293,0.019109468907117844,1.2574999332427979,-0.14679186046123505,0.24843750894069672,1.0845000743865967,-0.6465864181518555,0.2921678423881531,1.3830000162124634,0,0,0,-0.658507764339447,0.5071523189544678,1.3704999685287476
-0.32037174701690674,-0.1063845232129097,1.1200000047683716,-0.3094496726989746,-0.14587877690792084,1.1749999523162842,-0.35708001255989075,-0.1342117339372635,1.1099998950958252,-0.24065916240215302,0.019041087478399277,1.253000020980835,-0.5471604466438293,0.02114703692495823,1.2574999332427979,-0.14543579518795013,0.24560053646564484,1.0875000953674316,-0.6458851099014282,0.2940894365310669,1.381500005722046,0,0,0,-0.6573066115379333,0.5040105581283569,1.3680000305175781
-0.32037174701690674,-0.1063845232129097,1.1200000047683716,-0.30997639894485474,-0.14612708985805511,1.1770000457763672,-0.35820597410202026,-0.13643918931484222,1.1134999990463257,-0.2428831160068512,0.017024386674165726,1.253999948501587,-0.5498531460762024,0.023212259635329247,1.2589999437332153,-0.14426042139530182,0.24966561794281006,1.1054999828338623,-0.6474198698997498,0.29153406620025635,1.3799999952316284,0,0,0,-0.6538927555084229,0.5053020715713501,1.3654999732971191
-0.32233041524887085,-0.10643202066421509,1.120500087738037,-0.3118835389614105,-0.14612708985805511,1.1770000457763672,-0.3611418604850769,-0.13686805963516235,1.1170001029968262,-0.24598923325538635,0.017099056392908096,1.2595000267028809,-0.5539332032203674,0.023212259635329247,1.2589999437332153,-0.14315927028656006,0.2558923661708832,1.125,-0.6491851806640625,0.29132279753685,1.378999948501587,-0.1628320813179016,0.4089120328426361,1.0859999656677246,-0.6497712135314941,0.5038219094276428,1.3615000247955322
-0.32429060339927673,-0.10647951066493988,1.121000051498413,-0.3137906789779663,-0.14612708985805511,1.1770000457763672,-0.35997527837753296,-0.13711310923099518,1.11899995803833,-0.2494085431098938,0.01719408854842186,1.2664999961853027,-0.5559731721878052,0.023212259635329247,1.2589999437332153,-0.1411256641149521,0.25516149401664734,1.1380000114440918,-0.6491851806640625,0.29355722665786743,1.378999948501587,-0.17163054645061493,0.4089120328426361,1.0859999656677246,-0.6434629559516907,0.5023416876792908,1.3574999570846558
-0.3263978958129883,-0.10839249938726425,1.121999979019165,-0.3151613771915436,-0.14587877690792084,1.1749999523162842,-0.36392655968666077,-0.1372356414794922,1.1200000047683716,-0.24990087747573853,0.017228027805685997,1.2690000534057617,-0.5600532293319702,0.023212259635329247,1.2589999437332153,-0.1412399709224701,0.2531394064426422,1.1540000438690186,-0.6507111191749573,0.291005939245224,1.377500057220459,-0.18042901158332825,0.407152384519577,1.0859999656677246,-0.6361603736877441,0.49958938360214233,1.3559999465942383
-0.32668882608413696,-0.10666947811841965,1.1230000257492065,-0.31650251150131226,-0.14649954438209534,1.1800000667572021,-0.3647388815879822,-0.1375419646501541,1.122499942779541,-0.2528505325317383,0.017289118841290474,1.2734999656677246,-0.560498058795929,0.023230697959661484,1.2599999904632568,-0.1439937949180603,0.2542623281478882,1.1765000820159912,-0.651758074760437,0.28824982047080994,1.375,-0.18922746181488037,0.40539267659187317,1.0859999656677246,-0.6250583529472351,0.49118003249168396,1.3509999513626099
-0.3278524875640869,-0.10887554287910461,1.127000093460083,-0.31841447949409485,-0.14649954438209534,1.1800000667572021,-0.365551233291626,-0.13784830272197723,1.125,-0.25611504912376404,0.017370576038956642,1.2795000076293945,-0.5634326338768005,0.02326757274568081,1.2620000839233398,-0.14937244355678558,0.2564102113246918,1.2044999599456787,-0.6532726287841797,0.2901608943939209,1.3734999895095825,-0.19978560507297516,0.40011364221572876,1.0859999656677246,-0.6100219488143921,0.49225693941116333,1.3420000076293945
-0.3297433853149414,-0.10950348526239395,1.133500099182129,-0.31841447949409485,-0.14841154217720032,1.1800000667572021,-0.36587613821029663,-0.13979531824588776,1.125999927520752,-0.25869274139404297,0.015327250584959984,1.281999945640564,-0.5684217214584351,0.025352543219923973,1.2639999389648438,-0.15954481065273285,0.25551775097846985,1.2380000352859497,-0.6525591611862183,0.2987363934516907,1.371999979019165,-0.2130800038576126,0.3984202742576599,1.0910000801086426,-0.5928990244865417,0.4849698543548584,1.3280000686645508
-0.33105242252349854,-0.10993820428848267,1.1380000114440918,-0.3194938600063324,-0.148914635181427,1.184000015258789,-0.3662010729312897,-0.1399194747209549,1.1269999742507935,-0.25960081815719604,0.015381052158772945,1.2864999771118164,-0.572517991065979,0.02740064635872841,1.2639999389648438,-0.1677844077348709,0.2580067217350006,1.2699999809265137,-0.6540664434432983,0.2984097898006439,1.3704999685287476,-0.22563451528549194,0.39653998613357544,1.1004999876022339,-0.5681341886520386,0.4782734215259552,1.315500020980835
