0.004648446571081877,-0.4936000108718872,1.9574999809265137,0.010916277766227722,-0.5216951370239258,1.944000005722046,0,0,0,0.05501550808548927,-0.2854507565498352,1.944000005722046,0.29990866780281067,-0.38515275716781616,2.2720000743865967,-0.07077133655548096,-0.05383841693401337,2.127000093460083,0,0,0,0.0015060462756082416,-0.1346450299024582,1.996500015258789,0,0,0
-0.01434206124395132,-0.4953760802745819,1.9520000219345093,-0.004833446815609932,-0.5216951370239258,1.944000005722046,0,0,0,0.029854293912649155,-0.28266385197639465,1.9465000629425049,0.27413874864578247,-0.388834148645401,2.2720000743865967,-0.08455720543861389,-0.06417775899171829,2.127000093460083,0,0,0,-0.00822157971560955,-0.1577232927083969,2.002000093460083,0,0,0
-0.04927248880267143,-0.4840846359729767,1.9574999809265137,-0.04263278841972351,-0.5090954303741455,1.944000005722046,0,0,0,-0.0016904297517612576,-0.28029966354370117,1.9520000219345093,0.241006001830101,-0.388834148645401,2.2720000743865967,-0.11902188509702682,-0.05728486552834511,2.127000093460083,0,0,0,0,0,0,0,0,0
-0.07138394564390182,-0.48980191349983215,1.9550000429153442,-0.061532456427812576,-0.5122454166412354,1.944000005722046,0,0,0,-0.02699369192123413,-0.27713677287101746,1.9520000219345093,0.21997739374637604,-0.38701745867729187,2.2829999923706055,-0.13970069587230682,-0.05728486552834511,2.127000093460083,0,0,0,0,0,0,0,0,0
-0.08392603695392609,-0.48272451758384705,1.9520000219345093,-0.08043213188648224,-0.5122454166412354,1.944000005722046,0,0,0,-0.04604179039597511,-0.2807304561138153,1.9550000429153442,0.19778193533420563,-0.38701745867729187,2.2829999923706055,-0.16037949919700623,-0.05728486552834511,2.127000093460083,0,0,0,-0.08308009803295135,-0.13216695189476013,2.007999897003174,0,0,0
-0.10590337961912155,-0.4851406216621399,1.9490000009536743,-0.10248173773288727,-0.5153952836990356,1.944000005722046,0,0,0,-0.06821616739034653,-0.2807304561138153,1.9550000429153442,0.17308689653873444,-0.3851545751094818,2.250499963760376,-0.1879512518644333,-0.06073131039738655,2.127000093460083,0,0,0,0,0,0,0,0,0
-0.12485165148973465,-0.48198261857032776,1.9490000009536743,-0.12138140946626663,-0.5090954303741455,1.944000005722046,0,0,0,-0.08088725060224533,-0.2775627076625824,1.9550000429153442,0.15288713574409485,-0.3894331455230713,2.2755000591278076,-0.2086300402879715,-0.05728486552834511,2.127000093460083,0,0,0,-0.12212385982275009,-0.1419278383255005,2.007999897003174,0,0,0
-0.14695799350738525,-0.48198261857032776,1.9490000009536743,-0.14343102276325226,-0.5090954303741455,1.944000005722046,0,0,0,-0.10622940212488174,-0.2838982045650482,1.9550000429153442,0.13076460361480713,-0.3894331455230713,2.2755000591278076,-0.22898541390895844,-0.05720406770706177,2.124000072479248,0,0,0,-0.14511586725711823,-0.13562290370464325,2.010999917984009,0,0,0
0,0,0,-0.15897603332996368,-0.511586606502533,1.941499948501587,0,0,0,-0.12523600459098816,-0.2838982045650482,1.9550000429153442,0.11366201192140579,-0.3977847695350647,2.302500009536743,-0.24963507056236267,-0.06064565107226372,2.124000072479248,0,0,0,-0.1777009516954422,-0.1388814002275467,2.010999917984009,0,0,0
0,0,0,-0.17762239277362823,-0.5203533172607422,1.9390000104904175,0,0,0,-0.14424262940883636,-0.28706595301628113,1.9550000429153442,0.08423392474651337,-0.3997715413570404,2.314000129699707,-0.2694575786590576,-0.06389111280441284,2.117500066757202,0,0,0,-0.18421795964241028,-0.132364422082901,2.010999917984009,0,0,0
0,0,0,-0.19616948068141937,-0.5132743120193481,1.9359999895095825,0,0,0,-0.16641700267791748,-0.28706595301628113,1.9550000429153442,0.06152366101741791,-0.4095988869667053,2.305999994277954,-0.28271380066871643,-0.056934744119644165,2.114000082015991,0,0,0,0,0,0,0,0,0
0,0,0,-0.21125254034996033,-0.5118162035942078,1.9305000305175781,0,0,0,-0.1761452704668045,-0.28426122665405273,1.9574999809265137,0.04657762125134468,-0.4095988869667053,2.305999994277954,-0.2959947884082794,-0.06027446687221527,2.1110000610351562,0,0,0,-0.2158866822719574,-0.14802852272987366,2.002500057220459,0,0,0
0,0,0,-0.22035101056098938,-0.5142773389816284,1.9279999732971191,0,0,0,-0.19487705826759338,-0.28065866231918335,1.9544999599456787,0.02789507620036602,-0.413335382938385,2.305999994277954,-0.3082832992076874,-0.04978783428668976,2.1015000343322754,0,0,0,-0.23335705697536469,-0.12425166368484497,1.9854999780654907,0,0,0
0,0,0,-0.23878510296344757,-0.5136104822158813,1.9254999160766602,0,0,0,-0.2101728320121765,-0.2799406945705414,1.9495000839233398,0.012949042022228241,-0.420808345079422,2.305999994277954,-0.3214443624019623,-0.0497167594730854,2.0985000133514404,0,0,0,-0.23200546205043793,-0.1139364019036293,1.9739999771118164,0,0,0
0,0,0,-0.25093874335289,-0.509827733039856,1.9229999780654907,0,0,0,-0.22217965126037598,-0.28230080008506775,1.944000005722046,-0.002033365424722433,-0.43227723240852356,2.3480000495910645,-0.3316452205181122,-0.042916227132081985,2.0985000133514404,0,0,0,-0.2412339448928833,-0.10098854452371597,1.9709999561309814,0,0,0
0,0,0,0,0,0,0,0,0,-0.23417557775974274,-0.2784329354763031,1.9390000104904175,-0.013492871075868607,-0.42993253469467163,2.3559999465942383,-0.3429049551486969,-0.03963835537433624,2.1050000190734863,0,0,0,-0.2603961229324341,-0.09460119903087616,1.9709999561309814,0,0,0
0,0,0,0,0,0,0,0,0,-0.2593103051185608,-0.2784329354763031,1.9390000104904175,-0.040633752942085266,-0.4421177804470062,2.380499839782715,-0.3554472327232361,-0.0497167594730854,2.0985000133514404,0,0,0,-0.28913936018943787,-0.1169569194316864,1.9709999561309814,0,0,0
0,0,0,0,0,0,0,0,0,-0.2561684846878052,-0.28471654653549194,1.9390000104904175,-0.05220542475581169,-0.4344033896923065,2.380499839782715,-0.3622478246688843,-0.042916227132081985,2.0985000133514404,0,0,0,-0.29233306646347046,-0.10418222099542618,1.9709999561309814,0,0,0
0,0,0,0,0,0,0,0,0,-0.2662788927555084,-0.2854507565498352,1.944000005722046,-0.06290637701749802,-0.42847269773483276,2.3480000495910645,-0.3690483868122101,-0.042916227132081985,2.0985000133514404,0,0,0,-0.2859456539154053,-0.10737589746713638,1.9709999561309814,0,0,0
0,0,0,0,0,0,0,0,0,-0.26908233761787415,-0.28193774819374084,1.941499948501587,-0.06899809092283249,-0.44709762930870056,2.428499937057495,-0.3793414831161499,-0.046746883541345596,2.118000030517578,0,0,0,-0.2883325517177582,-0.09752197563648224,1.965499997138977,0,0,0
