-0.21623173356056213,-0.4415784478187561,2.2044999599456787,-0.19527395069599152,-0.4929593503475189,2.2939999103546143,-0.2464662790298462,-0.46341192722320557,2.1565001010894775,-0.09996312111616135,-0.29242101311683655,2.3249998092651367,-0.3739398121833801,-0.2911820709705353,2.2290000915527344,0.12696287035942078,-0.158857062458992,2.4135000705718994,-0.4779163599014282,-0.06193822622299194,2.447000026702881,-0.10633586347103119,-0.17865590751171112,2.2220001220703125,-0.4578510820865631,0.17702935636043549,2.305999994277954
-0.2094196081161499,-0.44227951765060425,2.2079999446868896,-0.1878398358821869,-0.4929593503475189,2.2939999103546143,-0.24025508761405945,-0.4649161398410797,2.1635000705718994,-0.09288570284843445,-0.30143922567367554,2.3364999294281006,-0.3732355237007141,-0.2934681475162506,2.246500015258789,0.13640379905700684,-0.15285052359104156,2.442500114440918,-0.4699864089488983,-0.06193822622299194,2.447000026702881,-0.09121020138263702,-0.19153691828250885,2.2044999599456787,-0.45262411236763,0.1741570681333542,2.317500114440918
-0.2094196081161499,-0.44227951765060425,2.2079999446868896,-0.18412277102470398,-0.4929593503475189,2.2939999103546143,-0.2339446097612381,-0.4663129448890686,2.1700000762939453,-0.08984339237213135,-0.300137460231781,2.3559999465942383,-0.36652547121047974,-0.297571063041687,2.25,0.14558953046798706,-0.15419597923755646,2.4639999866485596,-0.4620564579963684,-0.0659031793475151,2.447000026702881,-0.06859096884727478,-0.20934630930423737,2.1670000553131104,-0.45183613896369934,0.17297543585300446,2.3524999618530273
-0.20584189891815186,-0.44227951765060425,2.2079999446868896,-0.1798158884048462,-0.4876427948474884,2.2864999771118164,-0.22722604870796204,-0.46695762872695923,2.1730000972747803,-0.09366091340780258,-0.30395498871803284,2.3559999465942383,-0.36344417929649353,-0.2980339527130127,2.253499984741211,0.16329717636108398,-0.14778347313404083,2.490499973297119,-0.4541264772415161,-0.0659031793475151,2.447000026702881,-0.02255784533917904,-0.22998499870300293,2.130500078201294,-0.4501604437828064,0.17915445566177368,2.384000062942505
-0.20290541648864746,-0.44368165731430054,2.2149999141693115,-0.17611096799373627,-0.4876427948474884,2.2864999771118164,-0.22442565858364105,-0.4684618413448334,2.180000066757202,-0.07839080691337585,-0.2925024628639221,2.3559999465942383,-0.35475796461105347,-0.2999516725540161,2.2680001258850098,0.16703028976917267,-0.14751644432544708,2.4860000610351562,-0.4461965560913086,-0.06986813247203827,2.447000026702881,0.0262136310338974,-0.2620151937007904,2.1670000553131104,-0.4525207579135895,0.1684444546699524,2.3965001106262207
-0.19994623959064484,-0.4486842155456543,2.2219998836517334,-0.17297157645225525,-0.4929593503475189,2.2939999103546143,-0.22160261869430542,-0.4735097587108612,2.187000036239624,-0.07111614942550659,-0.2939923107624054,2.368000030517578,-0.35278576612472534,-0.3050991892814636,2.2790000438690186,0.15091760456562042,-0.1596008837223053,2.4860000610351562,-0.44223153591156006,-0.07383307814598083,2.447000026702881,0.1052522286772728,-0.2879815101623535,2.2044999599456787,-0.4517265260219574,0.17351405322551727,2.4130001068115234
-0.2002612054347992,-0.4493910074234009,2.2255001068115234,-0.16899627447128296,-0.49220722913742065,2.2904999256134033,-0.22160261869430542,-0.4735097587108612,2.187000036239624,-0.0716116800904274,-0.3037681579589844,2.384500026702881,-0.35456597805023193,-0.3066387474536896,2.2905001640319824,0.16014991700649261,-0.1647235006093979,2.442500114440918,-0.43430161476135254,-0.077798031270504,2.447000026702881,0.17089496552944183,-0.3082695007324219,2.2220001220703125,-0.4501363933086395,0.16655266284942627,2.42549991607666
-0.19696442782878876,-0.4500977396965027,2.2290000915527344,-0.16553743183612823,-0.4929593503475189,2.2939999103546143,-0.2219572514295578,-0.47426754236221313,2.190500020980835,-0.0681031197309494,-0.3053605854511261,2.3970000743865967,-0.3500227630138397,-0.309182345867157,2.309499979019165,0.17993834614753723,-0.18846948444843292,2.442500114440918,-0.42637163400650024,-0.08572793751955032,2.447000026702881,0.23681597411632538,-0.33504796028137207,2.2325000762939453,-0.4509715437889099,0.1589868664741516,2.430000066757202
-0.19335266947746277,-0.4500977396965027,2.2290000915527344,-0.16553743183612823,-0.4929593503475189,2.2939999103546143,-0.21875686943531036,-0.47502532601356506,2.194000005722046,-0.060435887426137924,-0.3136509954929352,2.4010000228881836,-0.3448373079299927,-0.31502464413642883,2.3249998092651367,0.18785370886325836,-0.19638481736183167,2.442500114440918,-0.4144767224788666,-0.08572793751955032,2.447000026702881,0.2806342542171478,-0.3472655713558197,2.2649998664855957,-0.45098933577537537,0.14450454711914062,2.4514999389648438
-0.1864214539527893,-0.4508044719696045,2.2325000762939453,-0.1581033170223236,-0.4929593503475189,2.2939999103546143,-0.21164681017398834,-0.47502532601356506,2.194000005722046,-0.05673384666442871,-0.3146960735321045,2.4089999198913574,-0.34224361181259155,-0.3161086142063141,2.3329999446868896,0.20111685991287231,-0.20970724523067474,2.4594998359680176,-0.40654677152633667,-0.08969289064407349,2.447000026702881,0.3182348906993866,-0.36721912026405334,2.297999858856201,-0.45093750953674316,0.13375063240528107,2.4730000495910645
-0.17639495432376862,-0.4529247283935547,2.243000030517578,-0.15119463205337524,-0.4946785271167755,2.302000045776367,-0.20453675091266632,-0.47147029638290405,2.194000005722046,-0.05310458317399025,-0.32417628169059753,2.4215002059936523,-0.3346830904483795,-0.3161086142063141,2.3329999446868896,0.2058526575565338,-0.21447445452213287,2.4685001373291016,-0.40654677152633667,-0.08969289064407349,2.447000026702881,0.3263016641139984,-0.37594670057296753,2.3289999961853027,-0.4549490511417389,0.1430259495973587,2.494999885559082
-0.16912610828876495,-0.44929030537605286,2.243000030517578,-0.14049109816551208,-0.49639761447906494,2.309999942779541,-0.1944902092218399,-0.4729745388031006,2.2009999752044678,-0.0492621548473835,-0.32471174001693726,2.42549991607666,-0.3238273859024048,-0.312796950340271,2.3364999294281006,0.2058526575565338,-0.21447445452213287,2.4685001373291016,-0.4025817811489105,-0.08969289064407349,2.447000026702881,0.3158833086490631,-0.3854268193244934,2.363999843597412,-0.461513489484787,0.14508965611457825,2.5310001373291016
-0.1587166041135788,-0.45069244503974915,2.25,-0.1338687688112259,-0.4958536624908447,2.3249998092651367,-0.18854917585849762,-0.47598299384117126,2.2149999141693115,-0.04951603338122368,-0.32638517022132874,2.437999963760376,-0.3221645951271057,-0.31868302822113037,2.3519999980926514,0.2098524570465088,-0.20647487044334412,2.4685001373291016,-0.39861682057380676,-0.08572793751955032,2.447000026702881,0.28480157256126404,-0.374566912651062,2.3924999237060547,-0.4591321349143982,0.14695271849632263,2.563499927520752
-0.1375110000371933,-0.4528958797454834,2.261000156402588,-0.11274854838848114,-0.5062825679779053,2.3559999465942383,-0.16780658066272736,-0.47823938727378845,2.2255001068115234,-0.029819002375006676,-0.33094528317451477,2.442500114440918,-0.32490411400794983,-0.3213929533958435,2.372000217437744,0.20874729752540588,-0.19345131516456604,2.4555001258850098,-0.39068683981895447,-0.08176299184560776,2.447000026702881,0.20339152216911316,-0.3551836907863617,2.3924999237060547,-0.4381901025772095,0.15249164402484894,2.5869998931884766
-0.13124898076057434,-0.4566015303134918,2.2795000076293945,-0.10618426650762558,-0.5075836181640625,2.380000114440918,-0.16135211288928986,-0.48049572110176086,2.2360000610351562,-0.025951314717531204,-0.33606839179992676,2.4509999752044678,-0.3194237947463989,-0.31975844502449036,2.388500213623047,0.21272605657577515,-0.19345131516456604,2.4555001258850098,-0.3847903609275818,-0.07821134477853775,2.4600000381469727,0.15605191886425018,-0.3417588472366333,2.380000114440918,-0.43046799302101135,0.15847013890743256,2.616499900817871
-0.12074815481901169,-0.46251627802848816,2.2904999256134033,-0.1001884788274765,-0.5203579664230347,2.4214999675750732,-0.15507082641124725,-0.48350417613983154,2.25,-0.01800839602947235,-0.33606839179992676,2.4509999752044678,-0.317205011844635,-0.32143184542655945,2.4010000228881836,0.22585172951221466,-0.20247508585453033,2.4685001373291016,-0.37548449635505676,-0.07073897868394852,2.4774999618530273,0.1213441863656044,-0.3109077215194702,2.380000114440918,-0.4259401559829712,0.17279189825057983,2.6410000324249268
-0.10712782293558121,-0.467867374420166,2.316999912261963,-0.08613382279872894,-0.5344576239585876,2.4685001373291016,-0.13726770877838135,-0.48866552114486694,2.256999969482422,-0.010065480135381222,-0.34003984928131104,2.4509999752044678,-0.30604270100593567,-0.32196733355522156,2.4049999713897705,0.23871834576129913,-0.23532825708389282,2.4774999618530273,-0.3626185655593872,-0.06326709687709808,2.499500036239624,0.06307108700275421,-0.2666824162006378,2.363999843597412,-0.39980825781822205,0.17878089845180511,2.6665000915527344
-0.10146795213222504,-0.480374276638031,2.3600001335144043,-0.0788305476307869,-0.5392208695411682,2.490499973297119,-0.13081714510917664,-0.4955945312976837,2.2719998359680176,-0.0021152023691684008,-0.3428182601928711,2.442500114440918,-0.2948414981365204,-0.32250282168388367,2.4089999198913574,0.24400639533996582,-0.24059849977493286,2.490499973297119,-0.36653563380241394,-0.06804428994655609,2.5264999866485596,0.0704926997423172,-0.26577994227409363,2.3559999465942383,-0.38761836290359497,0.1811610460281372,2.7019999027252197
-0.09511193633079529,-0.4869895577430725,2.3924999237060547,-0.07574109733104706,-0.546040952205658,2.5220000743865967,-0.125301793217659,-0.5030110478401184,2.305999994277954,0.005770485382527113,-0.33712640404701233,2.430000066757202,-0.29142117500305176,-0.32303833961486816,2.4130001068115234,0.2538486123085022,-0.2382253259420395,2.507999897003174,-0.3657413423061371,-0.060401659458875656,2.549499988555908,0.1052064597606659,-0.28966522216796875,2.363999843597412,-0.38250768184661865,0.1784840077161789,2.7279999256134033
-0.08796107769012451,-0.4942515194416046,2.4089999198913574,-0.06842541694641113,-0.5571075677871704,2.553999900817871,-0.11503231525421143,-0.5109227895736694,2.325000047683716,0.017210138961672783,-0.34154343605041504,2.378499984741211,-0.28407153487205505,-0.3274901807308197,2.4170000553131104,0.2709726393222809,-0.24264219403266907,2.554500102996826,-0.3510662317276001,-0.06902731209993362,2.562999963760376,0.1367698460817337,-0.3109077215194702,2.380000114440918,-0.37366706132888794,0.16964347660541534,2.7279999256134033
