0.3340904712677002,-0.3440854549407959,1.9550000429153442,0.4426807761192322,-0.4710971415042877,2.4509999752044678,0.28638744354248047,-0.3596176207065582,1.871000051498413,0.39667370915412903,-0.19959449768066406,1.9989999532699585,0.10473712533712387,-0.20847396552562714,1.9909999370574951,0.48004767298698425,0.06158385053277016,2.187000036239624,-0.13319841027259827,-0.061190638691186905,2.0280001163482666,0.510500431060791,0.3160032331943512,2.3965001106262207,-0.007831444963812828,-0.11933916807174683,1.906999945640564
0.3345176875591278,-0.34452545642852783,1.9574999809265137,0.4426807761192322,-0.4710971415042877,2.4509999752044678,0.2894190847873688,-0.3596176207065582,1.871000051498413,0.39558231830596924,-0.1990453451871872,1.993499994277954,0.10151103138923645,-0.2052478790283203,1.9909999370574951,0.48004767298698425,0.06158385053277016,2.187000036239624,-0.13029669225215912,-0.0580759160220623,2.0339999198913574,0.510500431060791,0.3160032331943512,2.3965001106262207,-0.010921436361968517,-0.11315923184156418,1.906999945640564
0.33768951892852783,-0.34452545642852783,1.9574999809265137,0.4411455988883972,-0.46946340799331665,2.442500114440918,0.2894190847873688,-0.3596176207065582,1.871000051498413,0.39508622884750366,-0.19879572093486786,1.9909999370574951,0.09798874706029892,-0.20784571766853333,1.9850000143051147,0.48004767298698425,0.06158385053277016,2.187000036239624,-0.13125759363174438,-0.055184148252010345,2.0490000247955322,0.5224325656890869,0.31700408458709717,2.434000015258789,-0.014048165641725063,-0.11345592886209488,1.9119999408721924
0.33812078833580017,-0.34496545791625977,1.9600000381469727,0.4451032876968384,-0.46946340799331665,2.442500114440918,0.2894190847873688,-0.3596176207065582,1.871000051498413,0.39449092745780945,-0.19849619269371033,1.9880000352859497,0.10077175498008728,-0.20055052638053894,1.9765000343322754,0.48004767298698425,0.06158385053277016,2.187000036239624,-0.12461742758750916,-0.055184148252010345,2.0490000247955322,0.5184886455535889,0.3209479749202728,2.434000015258789,-0.0356413759291172,-0.1286090910434723,1.906999945640564
0.3386383354663849,-0.34549346566200256,1.9630000591278076,0.4411455988883972,-0.46946340799331665,2.442500114440918,0.2894190847873688,-0.3596176207065582,1.871000051498413,0.39449092745780945,-0.19849619269371033,1.9880000352859497,0.1039743572473526,-0.19734793901443481,1.9765000343322754,0.4843652546405792,0.061682406812906265,2.190500020980835,-0.1181500032544136,-0.055264946073293686,2.052000045776367,0.5149738192558289,0.3187722861766815,2.4175000190734863,-0.044911351054906845,-0.144058957695961,1.906999945640564
0.3425198197364807,-0.35267069935798645,1.9855000972747803,0.44665226340293884,-0.475068598985672,2.4509999752044678,0.2894190847873688,-0.3596176207065582,1.871000051498413,0.39449092745780945,-0.19849619269371033,1.9880000352859497,0.10077175498008728,-0.20055052638053894,1.9765000343322754,0.4823524057865143,0.06187951937317848,2.197499990463257,-0.11166313290596008,-0.055345743894577026,2.055000066757202,0.5279058218002319,0.32431039214134216,2.4594998359680176,-0.07581127434968948,-0.16877874732017517,1.906999945640564
0.3425198197364807,-0.35267069935798645,1.9855000972747803,0.44665226340293884,-0.475068598985672,2.4509999752044678,0.28903236985206604,-0.35913708806037903,1.868499994277954,0.39449092745780945,-0.19849619269371033,1.9880000352859497,0.10077175498008728,-0.20375311374664307,1.9765000343322754,0.4831206500530243,0.06197807565331459,2.2009999752044678,-0.11166313290596008,-0.05867552384734154,2.055000066757202,0.5288717150688171,0.3209112584590912,2.4639999866485596,-0.10671120136976242,-0.19040855765342712,1.906999945640564
0.3425198197364807,-0.35267069935798645,1.9855000972747803,0.44583219289779663,-0.47419634461402893,2.446499824523926,0.28903236985206604,-0.35913708806037903,1.868499994277954,0.39771217107772827,-0.19205373525619507,1.9880000352859497,0.10368502140045166,-0.20318612456321716,1.9709999561309814,0.4866870045661926,0.05841172859072685,2.2009999752044678,-0.11516080796718597,-0.062095824629068375,2.058000087738037,0.5338374376296997,0.32149738073349,2.4685001373291016,-0.13143113255500793,-0.20585842430591583,1.906999945640564
0.34181904792785645,-0.34549346566200256,1.9630000591278076,0.44979631900787354,-0.47023218870162964,2.446499824523926,0.28903236985206604,-0.35913708806037903,1.868499994277954,0.39771217107772827,-0.19205373525619507,1.9880000352859497,0.10368502140045166,-0.20637980103492737,1.9709999561309814,0.4866870045661926,0.05841172859072685,2.2009999752044678,-0.11532866954803467,-0.0688653513789177,2.060999870300293,0.5338374376296997,0.3174976110458374,2.4685001373291016,-0.15286043286323547,-0.22719000279903412,1.9045000076293945
0.3427767753601074,-0.3464614748954773,1.968500018119812,0.44979631900787354,-0.47023218870162964,2.446499824523926,0.29166921973228455,-0.3586565852165222,1.8660000562667847,0.3983123302459717,-0.19879572093486786,1.9909999370574951,0.10368502140045166,-0.20637980103492737,1.9709999561309814,0.4815841615200043,0.061780963093042374,2.194000005722046,-0.11532866954803467,-0.07220485061407089,2.060999870300293,0.5288717150688171,0.32490378618240356,2.4639999866485596,-0.1723209172487259,-0.24706017971038818,1.9149999618530273
0.3399036228656769,-0.3435574471950531,1.9520000219345093,0.44979631900787354,-0.47023218870162964,2.446499824523926,0.292059987783432,-0.35913708806037903,1.868499994277954,0.39771217107772827,-0.19849619269371033,1.9880000352859497,0.10368502140045166,-0.20637980103492737,1.9709999561309814,0.4815841615200043,0.061780963093042374,2.194000005722046,-0.11832273751497269,-0.0786542147397995,2.055000066757202,0.5328642129898071,0.3169187903404236,2.4639999866485596,-0.19998608529567719,-0.2498365342617035,1.9124999046325684
0.3445603847503662,-0.34505346417427063,1.9605000019073486,0.46343106031417847,-0.476094514131546,2.4769999980926514,0.2950875759124756,-0.35913708806037903,1.868499994277954,0.3983123302459717,-0.19879572093486786,1.9909999370574951,0.10368502140045166,-0.20637980103492737,1.9709999561309814,0.4815841615200043,0.061780963093042374,2.194000005722046,-0.11465718597173691,-0.08174463361501694,2.0490000247955322,0.5318910479545593,0.32032516598701477,2.4594998359680176,-0.2092828005552292,-0.2498365342617035,1.9124999046325684
0.3489541709423065,-0.34945353865623474,1.9854999780654907,0.47269219160079956,-0.48560869693756104,2.5264999866485596,0.2950875759124756,-0.35913708806037903,1.868499994277954,0.3983123302459717,-0.19879572093486786,1.9909999370574951,0.10704139620065689,-0.20669393241405487,1.9739999771118164,0.47927939891815186,0.06148529425263405,2.183500051498413,-0.11745905876159668,-0.08138557523488998,2.0399999618530273,0.5300528407096863,0.31921815872192383,2.4509999752044678,-0.21238170564174652,-0.24673764407634735,1.9124999046325684
0.352171391248703,-0.34945353865623474,1.9854999780654907,0.47269219160079956,-0.48560869693756104,2.5264999866485596,0.2946927845478058,-0.35563305020332336,1.8660000562667847,0.3989124894142151,-0.19909526407718658,1.99399995803833,0.10413217544555664,-0.2072698324918747,1.9795000553131104,0.47851115465164185,0.06138673797249794,2.180000066757202,-0.11415356397628784,-0.07808009535074234,2.0399999618530273,0.5300528407096863,0.31921815872192383,2.4509999752044678,-0.21977956593036652,-0.24809229373931885,1.9229999780654907
0.3477371037006378,-0.34505346417427063,1.9605000019073486,0.4778372645378113,-0.4908943474292755,2.553999900817871,0.2950875759124756,-0.35610949993133545,1.868499994277954,0.3989124894142151,-0.18940243124961853,1.99399995803833,0.10704139620065689,-0.20669393241405487,1.9739999771118164,0.4820435047149658,0.05785441771149635,2.180000066757202,-0.11381781846284866,-0.0745546966791153,2.0339999198913574,0.5318910479545593,0.32032516598701477,2.4594998359680176,-0.21382534503936768,-0.2484148144721985,1.9254999160766602
0.3462294340133667,-0.3435574471950531,1.9520000219345093,0.4778372645378113,-0.4908943474292755,2.553999900817871,0.29587724804878235,-0.3600981533527374,1.873500108718872,0.3994126319885254,-0.19287489354610443,1.996500015258789,0.10704139620065689,-0.20669393241405487,1.9739999771118164,0.4820435047149658,0.05785441771149635,2.180000066757202,-0.11006017029285431,-0.07096114009618759,2.0254998207092285,0.5309178829193115,0.31973910331726074,2.4549999237060547,-0.20898690819740295,-0.25323301553726196,1.938499927520752
0.3459663987159729,-0.3464614748954773,1.968500018119812,0.4897176921367645,-0.5030994415283203,2.617499828338623,0.29627203941345215,-0.36057865619659424,1.8760000467300415,0.3994126319885254,-0.19287489354610443,1.996500015258789,0.10687871277332306,-0.20637980103492737,1.9709999561309814,0.4820435047149658,0.05785441771149635,2.180000066757202,-0.10349616408348083,-0.06111519783735275,2.0254998207092285,0.5300528407096863,0.31921815872192383,2.4509999752044678,-0.18466484546661377,-0.24487903714179993,1.9470000267028809
0.3484269380569458,-0.34892553091049194,1.9825000762939453,0.48900043964385986,-0.5067513585090637,2.6364998817443848,0.29627203941345215,-0.36057865619659424,1.8760000467300415,0.39617764949798584,-0.19934488832950592,1.996500015258789,0.10704139620065689,-0.20669393241405487,1.9739999771118164,0.47851115465164185,0.06138673797249794,2.180000066757202,-0.1002141609787941,-0.051269251853227615,2.0254998207092285,0.5300528407096863,0.31921815872192383,2.4509999752044678,-0.15311679244041443,-0.23225988447666168,1.9470000267028809
0.3452146053314209,-0.34892553091049194,1.9825000762939453,0.4847284257411957,-0.5067513585090637,2.6364998817443848,0.2932322919368744,-0.36057865619659424,1.8760000467300415,0.3999127745628357,-0.19311641156673431,1.9989999532699585,0.1038428395986557,-0.20669393241405487,1.9739999771118164,0.4820435047149658,0.05785441771149635,2.180000066757202,-0.09693215787410736,-0.04470529034733772,2.0254998207092285,0.5300528407096863,0.31921815872192383,2.4509999752044678,-0.11841392517089844,-0.2070215940475464,1.9470000267028809
0.343734472990036,-0.3506280183792114,1.9739999771118164,0.4688846468925476,-0.4987154006958008,2.572999954223633,0.29019251465797424,-0.36057865619659424,1.8760000467300415,0.39667370915412903,-0.19635546207427979,1.9989999532699585,0.10064429044723511,-0.20669393241405487,1.9739999771118164,0.47851115465164185,0.06138673797249794,2.180000066757202,-0.09693215787410736,-0.04470529034733772,2.0254998207092285,0.5309178829193115,0.3157612085342407,2.4549999237060547,-0.08697739988565445,-0.1914932280778885,1.9494999647140503
