-0.0519566610455513,-0.14085140824317932,0.9284999966621399,-0.022290820255875587,-0.18192307651042938,0.9465000033378601,-0.08590729534626007,-0.17711791396141052,0.9214999675750732,0.07238710671663284,-0.008267027325928211,1.1039999723434448,-0.25346288084983826,0.009303336963057518,1.0674999952316284,0.17749489843845367,0.20961211621761322,1.1719999313354492,-0.3374429941177368,0.25215572118759155,1.093000054359436,0.03365112468600273,0.22790579497814178,0.9674999713897705,-0.16500774025917053,0.26911044120788574,0.9470000267028809
-0.0488949678838253,-0.14069971442222595,0.9275000095367432,-0.022290820255875587,-0.1803894191980362,0.9465000033378601,-0.08441414684057236,-0.17413164675235748,0.9214999675750732,0.07417595386505127,-0.008267027325928211,1.1039999723434448,-0.24953505396842957,0.011012370698153973,1.065500020980835,0.17443785071372986,0.21432064473628998,1.1770000457763672,-0.34160900115966797,0.2508428394794464,1.0950000286102295,0.026519738137722015,0.2373693883419037,0.9939999580383301,-0.16040435433387756,0.26911044120788574,0.9470000267028809
-0.05037066712975502,-0.13912180066108704,0.9269999861717224,-0.020757168531417847,-0.1773221343755722,0.9465000033378601,-0.08441414684057236,-0.17263850569725037,0.9214999675750732,0.07248545438051224,-0.0029044293332844973,1.1054999828338623,-0.2526318430900574,0.009272834286093712,1.0640000104904175,0.16737617552280426,0.2188762128353119,1.180999994277954,-0.343383252620697,0.24906858801841736,1.0950000286102295,0.01857810653746128,0.24366320669651031,1.0,-0.15733543038368225,0.26604151725769043,0.9470000267028809
-0.048868607729673386,-0.13912180066108704,0.9269999861717224,-0.019233668223023415,-0.1743469089269638,0.9470000267028809,-0.08441414684057236,-0.17114536464214325,0.9214999675750732,0.07069416344165802,-0.0029044293332844973,1.1054999828338623,-0.24722713232040405,0.007541706319898367,1.062999963760376,0.16751790046691895,0.220976784825325,1.1820000410079956,-0.343383252620697,0.24552007019519806,1.0950000286102295,0.010544491931796074,0.24687789380550385,1.006500005722046,-0.15733543038368225,0.26604151725769043,0.9470000267028809
-0.04878953471779823,-0.13739708065986633,0.9255000352859497,-0.01928444392979145,-0.17480717599391937,0.9495000243186951,-0.08151622861623764,-0.17133109271526337,0.9225000143051147,0.07245267182588577,-0.002903115702793002,1.1050000190734863,-0.2467619925737381,0.009246689267456532,1.0609999895095825,0.1638258993625641,0.22116374969482422,1.183000087738037,-0.343383252620697,0.24552007019519806,1.0950000286102295,0.007318922318518162,0.2497432827949524,1.0115000009536743,-0.16040435433387756,0.26450708508491516,0.9470000267028809
-0.04726435989141464,-0.1358240395784378,0.925000011920929,-0.017792655155062675,-0.17372487485408783,0.9520000219345093,-0.08151622861623764,-0.1698363572359085,0.9225000143051147,0.0725182369351387,-0.0046978299506008625,1.1059999465942383,-0.24652940034866333,0.00923797395080328,1.059999942779541,0.1601274013519287,0.22135068476200104,1.184000015258789,-0.3447943925857544,0.2429659068584442,1.0994999408721924,0.0073659541085362434,0.24804913997650146,1.0180000066757202,-0.16500774025917053,0.26143816113471985,0.9470000267028809
-0.04721326380968094,-0.13418002426624298,0.9240000247955322,-0.017830032855272293,-0.17408983409404755,0.9539999961853027,-0.08151622861623764,-0.16834159195423126,0.9225000143051147,0.07434391975402832,-0.004699953831732273,1.1064999103546143,-0.24652940034866333,0.00923797395080328,1.059999942779541,0.15847615897655487,0.22364628314971924,1.1859999895095825,-0.34379279613494873,0.24173277616500854,1.1019999980926514,0.005758561659604311,0.24987663328647614,1.0255000591278076,-0.16450901329517365,0.2615503966808319,0.953000009059906
-0.04721326380968094,-0.13268284499645233,0.9240000247955322,-0.01787675730884075,-0.17144635319709778,0.9564999938011169,-0.08151622861623764,-0.16684682667255402,0.9225000143051147,0.07255101948976517,-0.002907056361436844,1.1064999103546143,-0.248246967792511,0.00923797395080328,1.059999942779541,0.156950443983078,0.2222854495048523,1.1890000104904175,-0.3441047668457031,0.24195212125778198,1.1029999256134033,0.002449487801641226,0.249667227268219,1.031499981880188,-0.16441835463047028,0.25920936465263367,0.9614999890327454
-0.048763174563646317,-0.1298288106918335,0.925000011920929,-0.017914138734340668,-0.17180484533309937,0.9585000276565552,-0.08151622861623764,-0.16535207629203796,0.9225000143051147,0.07431033253669739,-0.0029057427309453487,1.1059999465942383,-0.24652940034866333,0.00923797395080328,1.059999942779541,0.15927790105342865,0.22284629940986633,1.1920000314712524,-0.3426278829574585,0.2403826266527176,1.1039999723434448,0.0024684853851795197,0.24823489785194397,1.0394999980926514,-0.16404606401920319,0.25795790553092957,0.968500018119812
-0.047315455973148346,-0.12996916472911835,0.9259999990463257,-0.017942171543836594,-0.1705181747674942,0.9599999785423279,-0.08301099389791489,-0.16535207629203796,0.9225000143051147,0.07792974263429642,-0.004699953831732273,1.1064999103546143,-0.2467619925737381,0.009246689267456532,1.0609999895095825,0.15927790105342865,0.22091485559940338,1.1920000314712524,-0.34698954224586487,0.24092696607112885,1.1064999103546143,0.0058512152172625065,0.24545514583587646,1.0420000553131104,-0.17006076872348785,0.25837406516075134,0.9759999513626099
-0.047315455973148346,-0.12996916472911835,0.9259999990463257,-0.017942171543836594,-0.1705181747674942,0.9599999785423279,-0.08147204667329788,-0.16526246070861816,0.921999990940094,0.07792974263429642,-0.004699953831732273,1.1064999103546143,-0.24699458479881287,0.009255404584109783,1.062000036239624,0.16314080357551575,0.21705199778079987,1.1920000314712524,-0.3516843020915985,0.23809191584587097,1.1099998950958252,0.01260480098426342,0.24545514583587646,1.0420000553131104,-0.17225775122642517,0.25612637400627136,0.9794999957084656
-0.04881589114665985,-0.12696830928325653,0.9259999990463257,-0.017942171543836594,-0.16896267235279083,0.9599999785423279,-0.08296599239110947,-0.16376850008964539,0.921999990940094,0.07610243558883667,-0.0046978299506008625,1.1059999465942383,-0.24355296790599823,0.0075346119701862335,1.062000036239624,0.16728389263153076,0.21354682743549347,1.194000005722046,-0.34840071201324463,0.23650622367858887,1.1109999418258667,0.014293198473751545,0.24714353680610657,1.0420000553131104,-0.17455480992794037,0.2555787265300751,0.9835000038146973
-0.0473921000957489,-0.1271739900112152,0.9275000095367432,-0.017951516434550285,-0.1690506786108017,0.9605000019073486,-0.08142785727977753,-0.16218656301498413,0.9214999675750732,0.07789453119039536,-0.008282003924250603,1.1059999465942383,-0.24527376890182495,0.0075346119701862335,1.062000036239624,0.16756409406661987,0.2119665890932083,1.1959999799728394,-0.35177698731422424,0.2357623130083084,1.1159999370574951,0.021107379347085953,0.24954833090305328,1.0450000762939453,-0.17864564061164856,0.2568780779838562,0.9884999990463257
-0.04902675747871399,-0.12450295686721802,0.9300000071525574,-0.017951516434550285,-0.16593800485134125,0.9605000019073486,-0.08138368278741837,-0.15911389887332916,0.9210000038146973,0.07610243558883667,-0.008282003924250603,1.1059999465942383,-0.24562020599842072,0.00926847755908966,1.0635000467300415,0.16756409406661987,0.20809076726436615,1.1959999799728394,-0.35794124007225037,0.23745238780975342,1.124000072479248,0.029644416645169258,0.2552372217178345,1.0475000143051147,-0.18024735152721405,0.2584797441959381,0.9884999990463257
-0.04751984030008316,-0.12299604713916779,0.9300000071525574,-0.01639517769217491,-0.16438168287277222,0.9605000019073486,-0.07989134639501572,-0.15911389887332916,0.9210000038146973,0.07431033253669739,-0.010074091143906116,1.1059999465942383,-0.24596662819385529,0.009281549602746964,1.065000057220459,0.1661801040172577,0.2048979252576828,1.2000000476837158,-0.36072272062301636,0.2362600415945053,1.1269999742507935,0.034835826605558395,0.2576703727245331,1.0505000352859497,-0.1882558912038803,0.2584797441959381,0.9884999990463257
-0.04902675747871399,-0.12148914486169815,0.9300000071525574,-0.016403712332248688,-0.1629101186990738,0.9610000252723694,-0.08133950084447861,-0.15753602981567383,0.9205000400543213,0.07434391975402832,-0.010078644379973412,1.1064999103546143,-0.24424096941947937,0.009281549602746964,1.065000057220459,0.16708025336265564,0.2040528655052185,1.2065000534057617,-0.3588965833187103,0.2362600415945053,1.1269999742507935,0.043449826538562775,0.2651084065437317,1.0529999732971191,-0.19596661627292633,0.25968679785728455,0.9869999885559082
-0.04902675747871399,-0.12148914486169815,0.9300000071525574,-0.016403712332248688,-0.1613529771566391,0.9610000252723694,-0.07980459928512573,-0.15745045244693756,0.9200000166893005,0.07613683491945267,-0.008285747841000557,1.1064999103546143,-0.23928843438625336,0.005835716612637043,1.065999984741211,0.1636437028646469,0.19876301288604736,1.2100000381469727,-0.3588965833187103,0.2362600415945053,1.1269999742507935,0.05034632980823517,0.2706120014190674,1.0545001029968262,-0.207161545753479,0.26128607988357544,0.9869999885559082
-0.04751984030008316,-0.12148914486169815,0.9300000071525574,-0.014869737438857555,-0.16160482168197632,0.9624999761581421,-0.07963111251592636,-0.15562069416046143,0.9179999828338623,0.07617124170064926,-0.004702077712863684,1.1069999933242798,-0.2446996420621872,0.012756768614053726,1.0670000314712524,0.16418467462062836,0.20335422456264496,1.2139999866485596,-0.3570704758167267,0.24173837900161743,1.1269999742507935,0.055656399577856064,0.27836742997169495,1.058000087738037,-0.21195939183235168,0.26288533210754395,0.9869999885559082
-0.04601292312145233,-0.12148914486169815,0.9300000071525574,-0.014916084706783295,-0.16210852563381195,0.965499997138977,-0.0781436339020729,-0.15562069416046143,0.9179999828338623,0.07617124170064926,-0.0029083702247589827,1.1069999933242798,-0.2433123141527176,0.012774703092873096,1.06850004196167,0.16275206208229065,0.20205070078372955,1.2179999351501465,-0.3588965833187103,0.24173837900161743,1.1269999742507935,0.0591408908367157,0.2940739095211029,1.059000015258789,-0.21951007843017578,0.2623526453971863,0.9850000143051147
-0.04601292312145233,-0.12148914486169815,0.9300000071525574,-0.013358558528125286,-0.1621924638748169,0.965999960899353,-0.07801594585180283,-0.15833647549152374,0.9164999723434448,0.07796496897935867,-0.0029083702247589827,1.1069999933242798,-0.2433123141527176,0.014506027102470398,1.06850004196167,0.1630193293094635,0.2043592780828476,1.2200000286102295,-0.3588965833187103,0.2490428239107132,1.1269999742507935,0.06616047769784927,0.3050880432128906,1.061500072479248,-0.220320463180542,0.2646011412143707,0.9815000295639038
