0.1799032986164093,-0.2320288121700287,1.4520000219345093,0.21093136072158813,-0.27090969681739807,1.471500039100647,0.1432882398366928,-0.266882985830307,1.462499976158142,0.33870115876197815,-0.07318167388439178,1.5780000686645508,0.01881042681634426,-0.041879624128341675,1.5549999475479126,0.434419721364975,0.1565316617488861,1.7135000228881836,-0.07948781549930573,0.17349746823310852,1.4205000400543213,0.33218419551849365,0.23445871472358704,1.5834999084472656,0.058477699756622314,0.16474796831607819,1.313999891281128
0.17519782483577728,-0.2320288121700287,1.4520000219345093,0.20812185108661652,-0.26797792315483093,1.468500018119812,0.1407739669084549,-0.2666092813014984,1.4609999656677246,0.3331645131111145,-0.07308891415596008,1.5759999752044678,0.013819870539009571,-0.04455627501010895,1.560499906539917,0.43125060200691223,0.14436501264572144,1.7009999752044678,-0.08066292107105255,0.17139095067977905,1.441499948501587,0.3168341815471649,0.21733470261096954,1.5709999799728394,0.06012433394789696,0.16500884294509888,1.3509999513626099
0.172666534781456,-0.23178911209106445,1.4505000114440918,0.2029474526643753,-0.26743045449256897,1.465499997138977,0.13575997948646545,-0.26369935274124146,1.4579999446868896,0.33061087131500244,-0.07308891415596008,1.5759999752044678,0.008832976222038269,-0.04236440360546112,1.5729999542236328,0.4318380653858185,0.15187084674835205,1.6924999952316284,-0.08236963301897049,0.1750173419713974,1.472000002861023,0.3015608489513397,0.20715253055095673,1.5709999799728394,0.06012433394789696,0.1628197878599167,1.3509999513626099
0.1701400876045227,-0.229201540350914,1.4490000009536743,0.2023242712020874,-0.2666092813014984,1.4609999656677246,0.13548064231872559,-0.26315680146217346,1.4550000429153442,0.33061087131500244,-0.07053527981042862,1.5759999752044678,0.011432424187660217,-0.045113056898117065,1.5800000429153442,0.430179625749588,0.16221511363983154,1.6859999895095825,-0.08388049155473709,0.175798699259758,1.499000072479248,0.2859230637550354,0.19926190376281738,1.569000005722046,0.06450249999761581,0.1606307178735733,1.3509999513626099
0.1701400876045227,-0.229201540350914,1.4490000009536743,0.2017011046409607,-0.26578810811042786,1.4565000534057617,0.13520129024982452,-0.2602614760398865,1.4520000219345093,0.33061087131500244,-0.06798163056373596,1.5759999752044678,0.011432424187660217,-0.04255292937159538,1.5800000429153442,0.4286487400531769,0.16708216071128845,1.6800000667572021,-0.08012975752353668,0.17826151847839355,1.5199999809265137,0.2675287127494812,0.18867088854312897,1.565500020980835,0.06713586300611496,0.1617007851600647,1.3599998950958252
0.1677922159433365,-0.22685369849205017,1.4490000009536743,0.2017011046409607,-0.26342809200286865,1.4565000534057617,0.13257408142089844,-0.2620716094970703,1.4490000009536743,0.33571818470954895,-0.06798163056373596,1.5759999752044678,0.01400584913790226,-0.0425933301448822,1.5815000534057617,0.4288032650947571,0.17149953544139862,1.6700000762939453,-0.07594606280326843,0.17753346264362335,1.534999966621399,0.2565600872039795,0.18553978204727173,1.5605000257492065,0.06557674705982208,0.16330592334270477,1.3734999895095825
0.1701400876045227,-0.229201540350914,1.4490000009536743,0.20149338245391846,-0.2655143737792969,1.4550000429153442,0.13492195308208466,-0.2597237527370453,1.4490000009536743,0.33539867401123047,-0.06536571681499481,1.5744999647140503,0.016584133729338646,-0.042633723467588425,1.5829999446868896,0.4262355864048004,0.1731623411178589,1.6600000858306885,-0.06955515593290329,0.17020484805107117,1.559000015258789,0.25126126408576965,0.1803092360496521,1.559000015258789,0.06662711501121521,0.1659216582775116,1.3954999446868896
0.17213085293769836,-0.22872699797153473,1.4459999799728394,0.20599599182605743,-0.2652406394481659,1.4535000324249268,0.13478228449821472,-0.26180028915405273,1.4474999904632568,0.34017670154571533,-0.06530344486236572,1.5729999542236328,0.02174157276749611,-0.04525581747293472,1.5850000381469727,0.4275849461555481,0.1742101013660431,1.6445000171661377,-0.06030871346592903,0.16497363150119781,1.5815000534057617,0.25069716572761536,0.17990443110466003,1.5555000305175781,0.06067977845668793,0.16594739258289337,1.4149999618530273
0.176266610622406,-0.23035091161727905,1.441499948501587,0.20813614130020142,-0.2649669349193573,1.4520000219345093,0.1391841173171997,-0.26125770807266235,1.4444999694824219,0.3448353111743927,-0.0652204155921936,1.5709999799728394,0.026911970227956772,-0.05045585706830025,1.5870000123977661,0.4325328767299652,0.17299184203147888,1.6330000162124634,-0.04781119152903557,0.15575066208839417,1.5920000076293945,0.2520780861377716,0.18160393834114075,1.5485000610351562,0.05463792011141777,0.16619908809661865,1.437000036239624
0.18056152760982513,-0.22987152636051178,1.4385000467300415,0.2124018669128418,-0.26441946625709534,1.4490000009536743,0.14590221643447876,-0.2630508244037628,1.441499948501587,0.35202327370643616,-0.0600527785718441,1.569000005722046,0.03205493837594986,-0.05045585706830025,1.5870000123977661,0.4452170431613922,0.17542272806167603,1.63100004196167,-0.03784611448645592,0.14680266380310059,1.6069999933242798,0.25401172041893005,0.18620027601718903,1.5449999570846558,0.046033866703510284,0.16643649339675903,1.4595000743865967
0.1869673877954483,-0.22915242612361908,1.434000015258789,0.21921831369400024,-0.26414573192596436,1.4474999904632568,0.15259116888046265,-0.26250338554382324,1.4385000467300415,0.3593063950538635,-0.05745549872517586,1.5674999952316284,0.03980697691440582,-0.053077444434165955,1.5885000228881836,0.46215274930000305,0.1827327162027359,1.625499963760376,-0.025236068293452263,0.1412830501794815,1.6334999799728394,0.25651514530181885,0.18870367109775543,1.5449999570846558,0.041601233184337616,0.17001576721668243,1.4700000286102295
0.19544047117233276,-0.22819362580776215,1.4279999732971191,0.2299882471561432,-0.2630508244037628,1.441499948501587,0.16390293836593628,-0.26195594668388367,1.4355000257492065,0.3652874529361725,-0.054670386016368866,1.560499906539917,0.05530262738466263,-0.055703889578580856,1.590000033378601,0.47108882665634155,0.18736431002616882,1.6200000047683716,-0.0201499555259943,0.13205598294734955,1.6505000591278076,0.2690322995185852,0.19120709598064423,1.5449999570846558,0.04213893786072731,0.17221325635910034,1.4890000820159912
0.20174427330493927,-0.22747454047203064,1.4235000610351562,0.23733879625797272,-0.25854477286338806,1.4295001029968262,0.17016670107841492,-0.26086103916168213,1.4294999837875366,0.37407851219177246,-0.05195808783173561,1.5549999475479126,0.06303165853023529,-0.05828022211790085,1.590000033378601,0.4851857125759125,0.19719229638576508,1.6145000457763672,-0.006792454048991203,0.12697595357894897,1.6540000438690186,0.276542603969574,0.19371052086353302,1.5449999570846558,0.030428960919380188,0.1742372363805771,1.506500005722046
0.21497784554958344,-0.224535271525383,1.4195001125335693,0.24709181487560272,-0.25664567947387695,1.4190000295639038,0.18348494172096252,-0.2577308714389801,1.4249999523162842,0.38667669892311096,-0.05195808783173561,1.5549999475479126,0.07333704084157944,-0.05828022211790085,1.590000033378601,0.4959512948989868,0.19627626240253448,1.6069999933242798,-0.006792454048991203,0.12697595357894897,1.6540000438690186,0.28405287861824036,0.19871734082698822,1.5449999570846558,0.023151839151978493,0.17947600781917572,1.5095000267028809
0.2283753752708435,-0.22184382379055023,1.4170000553131104,0.26070356369018555,-0.2518695592880249,1.4179999828338623,0.19733886420726776,-0.255421906709671,1.4249999523162842,0.3988896906375885,-0.049390777945518494,1.5534999370574951,0.08879510313272476,-0.060856547206640244,1.590000033378601,0.5051063895225525,0.2035798728466034,1.6029999256134033,0.009299051947891712,0.11907967925071716,1.656000018119812,0.2934004068374634,0.20076489448547363,1.5414999723434448,0.020795093849301338,0.17533598840236664,1.5160000324249268
0.241126149892807,-0.21861816942691803,1.4110000133514404,0.27371513843536377,-0.2488679438829422,1.4140000343322754,0.21350178122520447,-0.25311291217803955,1.4249999523162842,0.41359320282936096,-0.04179883003234863,1.5520000457763672,0.09910047799348831,-0.05828022211790085,1.590000033378601,0.5122587084770203,0.21110834181308746,1.6009999513626099,0.02277035266160965,0.11667755991220474,1.659999966621399,0.3033914566040039,0.2057604044675827,1.5414999723434448,0.02832232415676117,0.17137868702411652,1.5245000123977661
0.25831344723701477,-0.215411975979805,1.4049999713897705,0.29111501574516296,-0.248075932264328,1.409500002861023,0.23172952234745026,-0.25284650921821594,1.4235000610351562,0.4306408762931824,-0.03923344612121582,1.5499999523162842,0.11742956936359406,-0.0558440275490284,1.5940001010894775,0.5351043939590454,0.216093972325325,1.5994999408721924,0.03895583376288414,0.1168181374669075,1.6619999408721924,0.31338247656822205,0.21325363218784332,1.5414999723434448,0.04571852460503578,0.17177213728427887,1.527999997138977
0.2765261232852936,-0.215411975979805,1.4049999713897705,0.31100648641586304,-0.2429899126291275,1.406499981880188,0.24991834163665771,-0.25027596950531006,1.4220000505447388,0.4436971843242645,-0.03655609115958214,1.5429999828338623,0.1382654309272766,-0.05591409280896187,1.5959999561309814,0.547556459903717,0.22518664598464966,1.590499997138977,0.05248396471142769,0.11426247656345367,1.6640000343322754,0.3304450213909149,0.21633774042129517,1.527999997138977,0.05326790735125542,0.16720250248908997,1.531499981880188
0.29897239804267883,-0.2129078507423401,1.403499960899353,0.33116403222084045,-0.24045421183109283,1.4049999713897705,0.2726716697216034,-0.24771027266979218,1.4205000400543213,0.46611714363098145,-0.031381916254758835,1.534500002861023,0.16392041742801666,-0.058426834642887115,1.593999981880188,0.5642441511154175,0.23386646807193756,1.5794999599456787,0.07414296269416809,0.10900086909532547,1.6660000085830688,0.347616046667099,0.21716679632663727,1.5164999961853027,0.07479138672351837,0.16848540306091309,1.566499948501587
0.3207969665527344,-0.2054980844259262,1.3994998931884766,0.35557258129119873,-0.23548129200935364,1.4024999141693115,0.2956886291503906,-0.2431069165468216,1.4205000400543213,0.4889015257358551,-0.026297248899936676,1.527999997138977,0.17661266028881073,-0.05319439247250557,1.5920000076293945,0.5828678607940674,0.23822860419750214,1.5744999647140503,0.0929277092218399,0.1088700219988823,1.6640000343322754,0.37059324979782104,0.21378926932811737,1.5099999904632568,0.08954901993274689,0.16986675560474396,1.6035000085830688
