-0.06945447623729706,-0.028810221701860428,0.7860000133514404,-0.038888342678546906,-0.056829001754522324,0.7860000133514404,-0.09170687943696976,-0.05346698313951492,0.7395000457763672,0.08092783391475677,0.0050200303085148335,0.9169999957084656,-0.11281571537256241,-0.03654283285140991,0.7365000247955322,0.0878806859254837,0.26890531182289124,0.8159999847412109,-0.16600124537944794,0.07909485697746277,1.0090000629425049,0,0,0,-0.2551034986972809,0.3116764426231384,1.3509999513626099
-0.04434642195701599,-0.04445783421397209,0.7925000190734863,-0.016085602343082428,-0.07137914001941681,0.7919999957084656,-0.06838325411081314,-0.0660688728094101,0.7465000152587891,0.10814287513494492,-0.006896677892655134,0.9210000038146973,-0.09702181816101074,-0.045323166996240616,0.7434999942779541,0.11467492580413818,0.2498355209827423,0.8184999823570251,-0.15247534215450287,0.08409017324447632,1.0509999990463257,0,0,0,-0.23759081959724426,0.3138655126094818,1.3509999513626099
-0.021352803334593773,-0.06020712852478027,0.796999990940094,0.009616905823349953,-0.08839564770460129,0.7949999570846558,-0.04695412516593933,-0.08361449837684631,0.7519999742507935,0.12816640734672546,-0.021926548331975937,0.9255000352859497,-0.0827317014336586,-0.05265749245882034,0.7450000047683716,0.13805942237377167,0.23401524126529694,0.8234999775886536,-0.13499195873737335,0.07552412897348404,1.0745000839233398,0,0,0,-0.22007817029953003,0.30729830265045166,1.3509999513626099
0.0006087550427764654,-0.076653853058815,0.8070000410079956,0.02915789559483528,-0.1033395305275917,0.8009999990463257,-0.025237448513507843,-0.09662744402885437,0.7584999799728394,0.15449020266532898,-0.02807588130235672,0.9305000305175781,-0.06541762501001358,-0.061789851635694504,0.7684999704360962,0.16173195838928223,0.22794876992702484,0.8355000019073486,-0.12589037418365479,0.0738523006439209,1.1015000343322754,0,0,0,-0.2027154564857483,0.30533507466316223,1.3519999980926514
0.02312123030424118,-0.09084182232618332,0.8170000314712524,0.053142890334129333,-0.12163778394460678,0.8105000257492065,-0.005650125443935394,-0.11416354030370712,0.7689999938011169,0.17502614855766296,-0.03732167184352875,0.9355000257492065,-0.05287214741110802,-0.07385513931512833,0.8050000071525574,0.18866181373596191,0.21324484050273895,0.847000002861023,-0.11020020395517349,0.06986600160598755,1.1234999895095825,0,0,0,-0.17881588637828827,0.30128759145736694,1.3534998893737793
0.04468192160129547,-0.10497167706489563,0.8240000009536743,0.07374092936515808,-0.13510391116142273,0.8205000162124634,0.015704292804002762,-0.12928332388401031,0.7775000333786011,0.19966617226600647,-0.04839354753494263,0.9444999694824219,-0.037982527166604996,-0.08069335669279099,0.8215000033378601,0.21509668231010437,0.20656391978263855,0.8650000095367432,-0.08730451762676239,0.06130462512373924,1.1334999799728394,0,0,0,-0.1586075723171234,0.28727737069129944,1.3494999408721924
0.06640519201755524,-0.11896941065788269,0.8285000324249268,0.09751646220684052,-0.15020735561847687,0.8305000066757202,0.03750311955809593,-0.14461404085159302,0.7854999899864197,0.2152749001979828,-0.06315448135137558,0.9594999551773071,-0.02109340764582157,-0.08910328149795532,0.8379999995231628,0.24758543074131012,0.20042754709720612,0.9070000052452087,-0.07579436153173447,0.05119417980313301,1.1540000438690186,0.13410495221614838,0.4982711672782898,1.346500039100647,-0.13430514931678772,0.27146708965301514,1.347000002861023
0.08910433202981949,-0.1342315524816513,0.8400000333786011,0.12235027551651001,-0.1635895073413849,0.843999981880188,0.05911996588110924,-0.15944665670394897,0.8025000095367432,0.2435292750597,-0.07507913559675217,0.9729999899864197,-0.0024291551671922207,-0.11179826408624649,0.9769999980926514,0.2881369888782501,0.18646933138370514,0.9639999866485596,-0.0573313906788826,0.04732264578342438,1.1979999542236328,0.18098168075084686,0.41461610794067383,1.2769999504089355,-0.10612794011831284,0.2588510811328888,1.3494999408721924
0.1124657541513443,-0.1471933126449585,0.8519999980926514,0.14568394422531128,-0.1762876957654953,0.8524999618530273,0.08274371922016144,-0.17169931530952454,0.8174999952316284,0.2681947946548462,-0.08058810979127884,0.9824999570846558,0.020491650328040123,-0.13157813251018524,1.1029999256134033,0.32247984409332275,0.17953358590602875,1.0130000114440918,-0.03701462969183922,0.038700152188539505,1.2324999570846558,0.1893661469221115,0.3501628637313843,1.2114999294281006,-0.07718326896429062,0.23974834382534027,1.340499997138977
0.13481494784355164,-0.15739253163337708,0.8624999523162842,0.1671520620584488,-0.18835647404193878,0.8634999990463257,0.10393113642930984,-0.18463771045207977,0.828000009059906,0.2962072193622589,-0.08449680358171463,0.9909999966621399,0.035010337829589844,-0.1396074742078781,1.1100000143051147,0.350097119808197,0.15941311419010162,1.031499981880188,-0.017285920679569244,0.031147988513112068,1.25,0.20897313952445984,0.3033941984176636,1.1675000190734863,-0.0500316359102726,0.2176441252231598,1.312000036239624
0.15652848780155182,-0.16950123012065887,0.874500036239624,0.19173456728458405,-0.19908510148525238,0.8799999952316284,0.12736621499061584,-0.19435009360313416,0.840999960899353,0.31201595067977905,-0.09665481001138687,1.000499963760376,0.05918095260858536,-0.14696267247200012,1.125,0.3784937858581543,0.14525870978832245,1.0499999523162842,-0.0031551667489111423,0.017228027805685997,1.2690000534057617,0.2154957354068756,0.2529045641422272,1.1040000915527344,-0.015925848856568336,0.20371761918067932,1.3044999837875366
0.1800195872783661,-0.1773725152015686,0.8855000138282776,0.21675585210323334,-0.20827938616275787,0.8949999809265137,0.14914315938949585,-0.20625895261764526,0.8565000295639038,0.3357543349266052,-0.10559818893671036,1.0084999799728394,0.08199220895767212,-0.1541927307844162,1.1380000114440918,0.4103406071662903,0.1348450928926468,1.0755000114440918,0.02593480423092842,0.01743166707456112,1.2839999198913574,0.23112580180168152,0.21866503357887268,1.0850000381469727,0.011424308642745018,0.17846070230007172,1.2899999618530273
0.20237413048744202,-0.1894468367099762,0.9020000100135803,0.23876753449440002,-0.21842016279697418,0.9070000052452087,0.1716233193874359,-0.2170562446117401,0.871999979019165,0.3589908182621002,-0.11380244791507721,1.0234999656677246,0.10348893702030182,-0.16535095870494843,1.1514999866485596,0.43299543857574463,0.11567574739456177,1.0755000114440918,0.04286083206534386,0.00916994921863079,1.2925000190734863,0.25398072600364685,0.19053605198860168,1.0850000381469727,0.04325876757502556,0.16778431832790375,1.3044999837875366
0.22271648049354553,-0.19778287410736084,0.9135000109672546,0.26043182611465454,-0.22652441263198853,0.9160000085830688,0.1919306069612503,-0.22810469567775726,0.887499988079071,0.3821801245212555,-0.11917901039123535,1.0414999723434448,0.12237048149108887,-0.16822287440299988,1.1714999675750732,0.45774146914482117,0.10419382899999619,1.1015000343322754,0.05973048135638237,-0.0013039640616625547,1.2950000762939453,0.26980337500572205,0.17119739949703217,1.0850000381469727,0.07496480643749237,0.150874525308609,1.3044999837875366
0.24337439239025116,-0.20615647733211517,0.9244999885559082,0.28310275077819824,-0.23652176558971405,0.9319999814033508,0.21319422125816345,-0.23833639919757843,0.9045000076293945,0.40175604820251465,-0.127319797873497,1.0529999732971191,0.14334367215633392,-0.17829202115535736,1.187999963760376,0.49167606234550476,0.08709444850683212,1.1345000267028809,0.07707854360342026,-0.003427252871915698,1.3044999837875366,0.2891421616077423,0.15537485480308533,1.0850000381469727,0.10878459364175797,0.14241963624954224,1.3044999837875366
0.26491180062294006,-0.21475182473659515,0.9424999952316284,0.304763525724411,-0.24481095373630524,0.9524999856948853,0.23511892557144165,-0.24430903792381287,0.9214999675750732,0.42285576462745667,-0.13599182665348053,1.0674999952316284,0.16317036747932434,-0.18302340805530548,1.2065000534057617,0.5124541521072388,0.07941380143165588,1.1565001010894775,0.09467290341854095,-0.009839559905230999,1.3140000104904175,0.3049648106098175,0.1360362023115158,1.0850000381469727,0.14060451090335846,0.12538258731365204,1.3255000114440918
0.28338685631752014,-0.21839749813079834,0.9585000276565552,0.32434117794036865,-0.24918028712272644,0.9695000052452087,0.25219860672950745,-0.2509181797504425,0.9350000023841858,0.4425017833709717,-0.14010827243328094,1.0859999656677246,0.18514293432235718,-0.19337396323680878,1.222499966621399,0.5311693549156189,0.06724226474761963,1.1730000972747803,0.10859248787164688,-0.018551601096987724,1.3280000686645508,0.33719635009765625,0.12451484054327011,1.1405000686645508,0.17912082374095917,0.12028530240058899,1.340499997138977
0.30232855677604675,-0.22520115971565247,0.9745000004768372,0.3433672785758972,-0.252778559923172,0.9835000038146973,0.2713518738746643,-0.2562129497528076,0.9490000009536743,0.46814829111099243,-0.14435000717639923,1.1050000190734863,0.1952773928642273,-0.19759203493595123,1.2365000247955322,0.5563443303108215,0.05745686590671539,1.2070000171661377,0.12533122301101685,-0.023164983838796616,1.3459999561309814,0.3632449805736542,0.11896409839391708,1.1770000457763672,0.20619754493236542,0.11097270250320435,1.3329999446868896
0.3202936351299286,-0.2274084836244583,0.9910000562667847,0.3624527156352997,-0.25727641582489014,1.0010000467300415,0.2888842523097992,-0.2609376609325409,0.9665000438690186,0.48829424381256104,-0.15027372539043427,1.122499942779541,0.2115027755498886,-0.20979245007038116,1.249500036239624,0.574787974357605,0.048744697123765945,1.2339999675750732,0.14001107215881348,-0.036668237298727036,1.3615000247955322,0.37623023986816406,0.10713961720466614,1.194000005722046,0.2364363819360733,0.1066528931260109,1.3329999446868896
0.33919066190719604,-0.22990410029888153,1.0090000629425049,0.38086673617362976,-0.25771230459213257,1.0155000686645508,0.3076499104499817,-0.2647387981414795,0.9865000247955322,0.5007886290550232,-0.15794995427131653,1.1384999752044678,0.23183861374855042,-0.21580977737903595,1.2609999179840088,0.5911830067634583,0.03512841835618019,1.247499942779541,0.1523727923631668,-0.043668001890182495,1.3734999895095825,0.40072953701019287,0.09971105307340622,1.221500039100647,0.2594873607158661,0.09204858541488647,1.340499997138977
